0 1.34953 61.6936 63.0432 0.899688 -nan
1 1.37477 61.6695 63.0442 0.916513 5.41238e-07
2 1.75585 61.697 63.4528 1.17057 0.0557969
3 7.82519e+07 641.611 7.82525e+07 5.21679e+07 1.53086e+15
4 3.13032e+08 62.5287 3.13032e+08 2.08688e+08 1.83729e+16
5 3.1307e+08 79.8276 3.1307e+08 2.08713e+08 2.38879e+16
6 9.42811e+08 1582.39 9.42813e+08 6.28541e+08 1.17238e+17
7 2.83174e+09 64.4557 2.83174e+09 1.88782e+09 9.43169e+17
8 2.83222e+09 119.401 2.83222e+09 1.88815e+09 1.39901e+18
9 5.51717e+19 1.71218e+08 5.51717e+19 3.67811e+19 3.04391e+38
10 2.20687e+20 4411.6 2.20687e+20 1.47124e+20 4.48285e+39
11 2.20687e+20 77.3205 2.20687e+20 1.47124e+20 7.26388e+39
12 2.20687e+20 50022.4 2.20687e+20 1.47124e+20 9.13174e+39
13 2.20687e+20 735.32 2.20687e+20 1.47124e+20 1.03861e+40
14 2.20687e+20 135.338 2.20687e+20 1.47124e+20 1.1219e+40
15 2.20687e+20 255.967 2.20687e+20 1.47124e+20 1.17571e+40
16 2.20687e+20 280.675 2.20687e+20 1.47124e+20 1.20861e+40
17 2.20687e+20 43086.8 2.20687e+20 1.47124e+20 1.22652e+40
18 2.20687e+20 1581.31 2.20687e+20 1.47124e+20 1.23359e+40
19 2.20687e+20 95.9591 2.20687e+20 1.47124e+20 1.23278e+40
20 2.20687e+20 62.3259 2.20687e+20 1.47124e+20 1.22626e+40
21 2.20687e+20 73.5563 2.20687e+20 1.47124e+20 1.21559e+40
22 2.20687e+20 62.1413 2.20687e+20 1.47124e+20 1.20192e+40
23 2.20687e+20 62.9943 2.20687e+20 1.47124e+20 1.18613e+40
24 2.20687e+20 77.7436 2.20687e+20 1.47124e+20 1.16886e+40
25 2.20687e+20 62.2897 2.20687e+20 1.47124e+20 1.1506e+40
26 2.20687e+20 288.128 2.20687e+20 1.47124e+20 1.13171e+40
27 2.20687e+20 62.0085 2.20687e+20 1.47124e+20 1.11248e+40
28 2.20687e+20 4483.15 2.20687e+20 1.47124e+20 1.09311e+40
29 2.20687e+20 62.8005 2.20687e+20 1.47124e+20 1.07377e+40
30 2.20687e+20 66.4827 2.20687e+20 1.47124e+20 1.05457e+40
31 2.20687e+20 61.9836 2.20687e+20 1.47124e+20 1.03561e+40
32 2.20687e+20 63.2491 2.20687e+20 1.47124e+20 1.01694e+40
33 2.20687e+20 64.0893 2.20687e+20 1.47124e+20 9.98631e+39
34 2.20687e+20 57911.6 2.20687e+20 1.47124e+20 9.80703e+39
35 2.20687e+20 62.013 2.20687e+20 1.47124e+20 9.63181e+39
36 2.20687e+20 61.9919 2.20687e+20 1.47124e+20 9.46081e+39
37 2.20687e+20 61.9681 2.20687e+20 1.47124e+20 9.29411e+39
38 2.20687e+20 61.9783 2.20687e+20 1.47124e+20 9.13174e+39
39 2.20687e+20 210.757 2.20687e+20 1.47124e+20 8.97369e+39
40 2.20687e+20 61.9805 2.20687e+20 1.47124e+20 8.81992e+39
41 2.20687e+20 90.3696 2.20687e+20 1.47124e+20 8.67038e+39
42 2.20687e+20 69.2692 2.20687e+20 1.47124e+20 8.52498e+39
43 2.20687e+20 61.9973 2.20687e+20 1.47124e+20 8.38363e+39
44 2.20687e+20 61.9917 2.20687e+20 1.47124e+20 8.24624e+39
45 2.20687e+20 61.9933 2.20687e+20 1.47124e+20 8.11269e+39
46 2.20687e+20 61.9886 2.20687e+20 1.47124e+20 7.98288e+39
47 2.20687e+20 61.9847 2.20687e+20 1.47124e+20 7.85669e+39
48 2.20687e+20 61.9981 2.20687e+20 1.47124e+20 7.73402e+39
49 2.20687e+20 61.9913 2.20687e+20 1.47124e+20 7.61475e+39
50 2.20687e+20 62.044 2.20687e+20 1.47124e+20 7.49877e+39
51 2.20687e+20 61.9968 2.20687e+20 1.47124e+20 7.38596e+39
52 2.20687e+20 62.1031 2.20687e+20 1.47124e+20 7.27623e+39
53 2.20687e+20 5349.24 2.20687e+20 1.47124e+20 7.16947e+39
54 2.20687e+20 61.9915 2.20687e+20 1.47124e+20 7.06557e+39
55 2.20687e+20 61.9908 2.20687e+20 1.47124e+20 6.96443e+39
56 2.20687e+20 61.9976 2.20687e+20 1.47124e+20 6.86597e+39
57 2.20687e+20 61.9936 2.20687e+20 1.47124e+20 6.77008e+39
58 2.20687e+20 81.1045 2.20687e+20 1.47124e+20 6.67668e+39
59 2.20687e+20 61.9962 2.20687e+20 1.47124e+20 6.58569e+39
60 2.20687e+20 61.9995 2.20687e+20 1.47124e+20 6.49701e+39
61 2.20687e+20 61.9984 2.20687e+20 1.47124e+20 6.41057e+39
62 2.20687e+20 61.9995 2.20687e+20 1.47124e+20 6.32629e+39
63 2.20687e+20 61.9986 2.20687e+20 1.47124e+20 6.2441e+39
64 2.20687e+20 61.9968 2.20687e+20 1.47124e+20 6.16392e+39
65 2.20687e+20 61.9947 2.20687e+20 1.47124e+20 6.0857e+39
66 2.20687e+20 61.9869 2.20687e+20 1.47124e+20 6.00935e+39
67 2.20687e+20 62.1391 2.20687e+20 1.47124e+20 5.93483e+39
68 2.20687e+20 61.9958 2.20687e+20 1.47124e+20 5.86206e+39
69 2.20687e+20 62.1103 2.20687e+20 1.47124e+20 5.791e+39
70 2.20687e+20 61.9988 2.20687e+20 1.47124e+20 5.72158e+39
71 2.20687e+20 61.9962 2.20687e+20 1.47124e+20 5.65375e+39
72 2.20687e+20 61.9965 2.20687e+20 1.47124e+20 5.58746e+39
73 2.20687e+20 61.9949 2.20687e+20 1.47124e+20 5.52266e+39
74 2.20687e+20 65.5019 2.20687e+20 1.47124e+20 5.4593e+39
75 2.20687e+20 61.9946 2.20687e+20 1.47124e+20 5.39734e+39
76 2.20687e+20 61.9974 2.20687e+20 1.47124e+20 5.33673e+39
77 2.20687e+20 62.0147 2.20687e+20 1.47124e+20 5.27743e+39
78 2.20687e+20 62.3392 2.20687e+20 1.47124e+20 5.21941e+39
79 2.20687e+20 61.9969 2.20687e+20 1.47124e+20 5.16261e+39
80 2.20687e+20 61.992 2.20687e+20 1.47124e+20 5.10701e+39
81 2.20687e+20 61.9991 2.20687e+20 1.47124e+20 5.05256e+39
82 2.20687e+20 61.9934 2.20687e+20 1.47124e+20 4.99924e+39
83 2.20687e+20 62.1408 2.20687e+20 1.47124e+20 4.94701e+39
84 2.20687e+20 63.4541 2.20687e+20 1.47124e+20 4.89584e+39
85 2.20687e+20 61.9994 2.20687e+20 1.47124e+20 4.84569e+39
86 2.20687e+20 61.9994 2.20687e+20 1.47124e+20 4.79654e+39
87 2.20687e+20 61.9941 2.20687e+20 1.47124e+20 4.74836e+39
88 2.20687e+20 61.9977 2.20687e+20 1.47124e+20 4.70112e+39
89 2.20687e+20 61.9991 2.20687e+20 1.47124e+20 4.65479e+39
90 2.20687e+20 61.9922 2.20687e+20 1.47124e+20 4.60935e+39
91 2.20687e+20 61.9966 2.20687e+20 1.47124e+20 4.56478e+39
92 2.20687e+20 61.999 2.20687e+20 1.47124e+20 4.52104e+39
93 2.20687e+20 61.9971 2.20687e+20 1.47124e+20 4.47812e+39
94 2.20687e+20 384604 2.20687e+20 1.47125e+20 4.436e+39
95 2.20687e+20 61.9997 2.20687e+20 1.47125e+20 4.39465e+39
96 2.20687e+20 78.0295 2.20687e+20 1.47125e+20 4.35405e+39
97 2.20687e+20 62 2.20687e+20 1.47125e+20 4.31418e+39
98 2.20687e+20 61.9999 2.20687e+20 1.47125e+20 4.27503e+39
99 2.20687e+20 62 2.20687e+20 1.47125e+20 4.23657e+39
100 2.20687e+20 61.9908 2.20687e+20 1.47125e+20 4.19879e+39
101 2.20687e+20 62 2.20687e+20 1.47125e+20 4.16167e+39
102 2.20687e+20 61.9999 2.20687e+20 1.47125e+20 4.12519e+39
103 2.20687e+20 62 2.20687e+20 1.47125e+20 4.08934e+39
104 2.20687e+20 62 2.20687e+20 1.47125e+20 4.05409e+39
105 2.20687e+20 62 2.20687e+20 1.47125e+20 4.01944e+39
106 2.20687e+20 61.9999 2.20687e+20 1.47125e+20 3.98538e+39
107 2.20687e+20 61.9995 2.20687e+20 1.47125e+20 3.95187e+39
108 2.20687e+20 62 2.20687e+20 1.47125e+20 3.91892e+39
109 2.20687e+20 62 2.20687e+20 1.47125e+20 3.88651e+39
110 2.20687e+20 62 2.20687e+20 1.47125e+20 3.85463e+39
111 2.20687e+20 62 2.20687e+20 1.47125e+20 3.82326e+39
112 2.20687e+20 62 2.20687e+20 1.47125e+20 3.79239e+39
113 2.20687e+20 62 2.20687e+20 1.47125e+20 3.76201e+39
114 2.20687e+20 62 2.20687e+20 1.47125e+20 3.7321e+39
115 2.20687e+20 62 2.20687e+20 1.47125e+20 3.70267e+39
116 2.20687e+20 62 2.20687e+20 1.47125e+20 3.67369e+39
117 2.20687e+20 62 2.20687e+20 1.47125e+20 3.64516e+39
118 2.20687e+20 62 2.20687e+20 1.47125e+20 3.61706e+39
119 2.20687e+20 61.9998 2.20687e+20 1.47125e+20 3.58939e+39
120 2.20687e+20 62 2.20687e+20 1.47125e+20 3.56214e+39
121 2.20687e+20 61.9999 2.20687e+20 1.47125e+20 3.53529e+39
122 2.20687e+20 62 2.20687e+20 1.47125e+20 3.50884e+39
123 2.20687e+20 62 2.20687e+20 1.47125e+20 3.48278e+39
124 2.20687e+20 62 2.20687e+20 1.47125e+20 3.4571e+39
125 2.20687e+20 62.0581 2.20687e+20 1.47125e+20 3.4318e+39
126 2.20687e+20 62 2.20687e+20 1.47125e+20 3.40686e+39
127 2.20687e+20 62 2.20687e+20 1.47125e+20 3.38227e+39
128 2.20687e+20 62 2.20687e+20 1.47125e+20 3.35804e+39
129 2.20687e+20 62 2.20687e+20 1.47125e+20 3.33415e+39
130 2.20687e+20 61.9999 2.20687e+20 1.47125e+20 3.31059e+39
131 2.20687e+20 62 2.20687e+20 1.47125e+20 3.28737e+39
132 2.20687e+20 62 2.20687e+20 1.47125e+20 3.26446e+39
133 2.20687e+20 62 2.20687e+20 1.47125e+20 3.24187e+39
134 2.20687e+20 62 2.20687e+20 1.47125e+20 3.21959e+39
135 2.20687e+20 62 2.20687e+20 1.47125e+20 3.1976e+39
136 2.20687e+20 62 2.20687e+20 1.47125e+20 3.17592e+39
137 2.20687e+20 62 2.20687e+20 1.47125e+20 3.15453e+39
138 2.20687e+20 62 2.20687e+20 1.47125e+20 3.13342e+39
139 2.20687e+20 61.9998 2.20687e+20 1.47125e+20 3.11258e+39
140 2.20687e+20 62 2.20687e+20 1.47125e+20 3.09203e+39
141 2.20687e+20 62 2.20687e+20 1.47125e+20 3.07174e+39
142 2.20687e+20 62 2.20687e+20 1.47125e+20 3.05171e+39
143 2.20687e+20 61.9999 2.20687e+20 1.47125e+20 3.03194e+39
144 2.20687e+20 62 2.20687e+20 1.47125e+20 3.01243e+39
145 2.20687e+20 62 2.20687e+20 1.47125e+20 2.99316e+39
146 2.20687e+20 62 2.20687e+20 1.47125e+20 2.97414e+39
147 2.20687e+20 62 2.20687e+20 1.47125e+20 2.95535e+39
148 2.20687e+20 61.9999 2.20687e+20 1.47125e+20 2.9368e+39
149 2.20687e+20 62 2.20687e+20 1.47125e+20 2.91848e+39
150 2.20687e+20 62 2.20687e+20 1.47125e+20 2.90039e+39
151 2.20687e+20 62 2.20687e+20 1.47125e+20 2.88252e+39
152 2.20687e+20 61.9999 2.20687e+20 1.47125e+20 2.86486e+39
153 2.20687e+20 62 2.20687e+20 1.47125e+20 2.84742e+39
154 2.20687e+20 61.9999 2.20687e+20 1.47125e+20 2.83019e+39
155 2.20687e+20 62 2.20687e+20 1.47125e+20 2.81317e+39
156 2.20687e+20 61.9999 2.20687e+20 1.47125e+20 2.79635e+39
157 2.20687e+20 62 2.20687e+20 1.47125e+20 2.77973e+39
158 2.20687e+20 62 2.20687e+20 1.47125e+20 2.7633e+39
159 2.20687e+20 62 2.20687e+20 1.47125e+20 2.74706e+39
160 2.20687e+20 62 2.20687e+20 1.47125e+20 2.73102e+39
161 2.20687e+20 61.9999 2.20687e+20 1.47125e+20 2.71516e+39
162 2.20687e+20 62 2.20687e+20 1.47125e+20 2.69948e+39
163 2.20687e+20 62 2.20687e+20 1.47125e+20 2.68398e+39
164 2.20687e+20 62 2.20687e+20 1.47125e+20 2.66866e+39
165 2.20687e+20 62 2.20687e+20 1.47125e+20 2.65351e+39
166 2.20687e+20 62 2.20687e+20 1.47125e+20 2.63853e+39
167 2.20687e+20 62 2.20687e+20 1.47125e+20 2.62372e+39
168 2.20687e+20 62 2.20687e+20 1.47125e+20 2.60907e+39
169 2.20687e+20 61.998 2.20687e+20 1.47125e+20 2.59459e+39
170 2.20687e+20 62 2.20687e+20 1.47125e+20 2.58026e+39
171 2.20687e+20 61.9997 2.20687e+20 1.47125e+20 2.56609e+39
172 2.20687e+20 61.9999 2.20687e+20 1.47125e+20 2.55208e+39
173 2.20687e+20 62 2.20687e+20 1.47125e+20 2.53822e+39
174 2.20687e+20 61.9999 2.20687e+20 1.47125e+20 2.5245e+39
175 2.20687e+20 62 2.20687e+20 1.47125e+20 2.51094e+39
176 2.20687e+20 61.9998 2.20687e+20 1.47125e+20 2.49751e+39
177 2.20687e+20 61.9999 2.20687e+20 1.47125e+20 2.48423e+39
178 2.20687e+20 62 2.20687e+20 1.47125e+20 2.47109e+39
179 2.20687e+20 62 2.20687e+20 1.47125e+20 2.45809e+39
180 2.20687e+20 62 2.20687e+20 1.47125e+20 2.44523e+39
181 2.20687e+20 62 2.20687e+20 1.47125e+20 2.43249e+39
182 2.20687e+20 62 2.20687e+20 1.47125e+20 2.41989e+39
183 2.20687e+20 62 2.20687e+20 1.47125e+20 2.40742e+39
184 2.20687e+20 62 2.20687e+20 1.47125e+20 2.39507e+39
185 2.20687e+20 62 2.20687e+20 1.47125e+20 2.38285e+39
186 2.20687e+20 61.9994 2.20687e+20 1.47125e+20 2.37076e+39
187 2.20687e+20 62 2.20687e+20 1.47125e+20 2.35879e+39
188 2.20687e+20 62 2.20687e+20 1.47125e+20 2.34693e+39
189 2.20687e+20 62 2.20687e+20 1.47125e+20 2.3352e+39
190 2.20687e+20 62 2.20687e+20 1.47125e+20 2.32358e+39
191 2.20687e+20 62 2.20687e+20 1.47125e+20 2.31207e+39
192 2.20687e+20 62 2.20687e+20 1.47125e+20 2.30068e+39
193 2.20687e+20 62 2.20687e+20 1.47125e+20 2.2894e+39
194 2.20687e+20 62 2.20687e+20 1.47125e+20 2.27823e+39
195 2.20687e+20 61.9997 2.20687e+20 1.47125e+20 2.26717e+39
196 2.20687e+20 62 2.20687e+20 1.47125e+20 2.25621e+39
197 2.20687e+20 62 2.20687e+20 1.47125e+20 2.24536e+39
198 2.20687e+20 62 2.20687e+20 1.47125e+20 2.23462e+39
199 2.20687e+20 61.9998 2.20687e+20 1.47125e+20 2.22397e+39
200 2.20687e+20 61.9998 2.20687e+20 1.47125e+20 2.21343e+39
201 2.20687e+20 62 2.20687e+20 1.47125e+20 2.20298e+39
202 2.20687e+20 62 2.20687e+20 1.47125e+20 2.19264e+39
203 2.20687e+20 62 2.20687e+20 1.47125e+20 2.18239e+39
204 2.20687e+20 62 2.20687e+20 1.47125e+20 2.17223e+39
205 2.20687e+20 62 2.20687e+20 1.47125e+20 2.16217e+39
206 2.20687e+20 62 2.20687e+20 1.47125e+20 2.1522e+39
207 2.20687e+20 62 2.20687e+20 1.47125e+20 2.14232e+39
208 2.20687e+20 62 2.20687e+20 1.47125e+20 2.13254e+39
209 2.20687e+20 61.9998 2.20687e+20 1.47125e+20 2.12284e+39
210 2.20687e+20 61.9978 2.20687e+20 1.47125e+20 2.11323e+39
211 2.20687e+20 61.9999 2.20687e+20 1.47125e+20 2.1037e+39
212 2.20687e+20 62 2.20687e+20 1.47125e+20 2.09426e+39
213 2.20687e+20 62 2.20687e+20 1.47125e+20 2.08491e+39
214 2.20687e+20 62 2.20687e+20 1.47125e+20 2.07563e+39
215 2.20687e+20 61.9997 2.20687e+20 1.47125e+20 2.06644e+39
216 2.20687e+20 62 2.20687e+20 1.47125e+20 2.05733e+39
217 2.20687e+20 62 2.20687e+20 1.47125e+20 2.0483e+39
218 2.20687e+20 62 2.20687e+20 1.47125e+20 2.03935e+39
219 2.20687e+20 62 2.20687e+20 1.47125e+20 2.03048e+39
220 2.20687e+20 61.9916 2.20687e+20 1.47125e+20 2.02168e+39
221 2.20687e+20 61.9989 2.20687e+20 1.47125e+20 2.01296e+39
222 2.20687e+20 62 2.20687e+20 1.47125e+20 2.00432e+39
223 2.20687e+20 62 2.20687e+20 1.47125e+20 1.99574e+39
224 2.20687e+20 62 2.20687e+20 1.47125e+20 1.98724e+39
225 2.20687e+20 62 2.20687e+20 1.47125e+20 1.97882e+39
226 2.20687e+20 62 2.20687e+20 1.47125e+20 1.97046e+39
227 2.20687e+20 62 2.20687e+20 1.47125e+20 1.96217e+39
228 2.20687e+20 62 2.20687e+20 1.47125e+20 1.95396e+39
229 2.20687e+20 61.9927 2.20687e+20 1.47125e+20 1.94581e+39
230 2.20687e+20 62 2.20687e+20 1.47125e+20 1.93773e+39
231 2.20687e+20 62 2.20687e+20 1.47125e+20 1.92971e+39
232 2.20687e+20 62 2.20687e+20 1.47125e+20 1.92176e+39
233 2.20687e+20 62 2.20687e+20 1.47125e+20 1.91388e+39
234 2.20687e+20 62 2.20687e+20 1.47125e+20 1.90606e+39
235 2.20687e+20 62 2.20687e+20 1.47125e+20 1.89831e+39
236 2.20687e+20 62 2.20687e+20 1.47125e+20 1.89061e+39
237 2.20687e+20 62 2.20687e+20 1.47125e+20 1.88298e+39
238 2.20687e+20 61.9998 2.20687e+20 1.47125e+20 1.87541e+39
239 2.20687e+20 62 2.20687e+20 1.47125e+20 1.8679e+39
240 2.20687e+20 62 2.20687e+20 1.47125e+20 1.86045e+39
241 2.20687e+20 62 2.20687e+20 1.47125e+20 1.85306e+39
242 2.20687e+20 62 2.20687e+20 1.47125e+20 1.84573e+39
243 2.20687e+20 62 2.20687e+20 1.47125e+20 1.83846e+39
244 2.20687e+20 62 2.20687e+20 1.47125e+20 1.83124e+39
245 2.20687e+20 62 2.20687e+20 1.47125e+20 1.82408e+39
246 2.20687e+20 62 2.20687e+20 1.47125e+20 1.81697e+39
247 2.20687e+20 62 2.20687e+20 1.47125e+20 1.80992e+39
248 2.20687e+20 61.9999 2.20687e+20 1.47125e+20 1.80293e+39
249 2.20687e+20 62 2.20687e+20 1.47125e+20 1.79599e+39
250 2.20687e+20 62 2.20687e+20 1.47125e+20 1.7891e+39
251 2.20687e+20 62 2.20687e+20 1.47125e+20 1.78226e+39
252 2.20687e+20 62 2.20687e+20 1.47125e+20 1.77548e+39
253 2.20687e+20 62 2.20687e+20 1.47125e+20 1.76874e+39
254 2.20687e+20 62 2.20687e+20 1.47125e+20 1.76206e+39
255 2.20687e+20 62 2.20687e+20 1.47125e+20 1.75543e+39
256 2.20687e+20 62 2.20687e+20 1.47125e+20 1.74885e+39
257 2.20687e+20 61.9996 2.20687e+20 1.47125e+20 1.74231e+39
258 2.20687e+20 62 2.20687e+20 1.47125e+20 1.73583e+39
259 2.20687e+20 62 2.20687e+20 1.47125e+20 1.72939e+39
260 2.20687e+20 62 2.20687e+20 1.47125e+20 1.723e+39
261 2.20687e+20 62 2.20687e+20 1.47125e+20 1.71666e+39
262 2.20687e+20 62 2.20687e+20 1.47125e+20 1.71037e+39
263 2.20687e+20 62 2.20687e+20 1.47125e+20 1.70412e+39
264 2.20687e+20 61.9997 2.20687e+20 1.47125e+20 1.69791e+39
265 2.20687e+20 61.9999 2.20687e+20 1.47125e+20 1.69175e+39
266 2.20687e+20 61.9965 2.20687e+20 1.47125e+20 1.68564e+39
267 2.20687e+20 62 2.20687e+20 1.47125e+20 1.67957e+39
268 2.20687e+20 62 2.20687e+20 1.47125e+20 1.67354e+39
269 2.20687e+20 62 2.20687e+20 1.47125e+20 1.66756e+39
270 2.20687e+20 62 2.20687e+20 1.47125e+20 1.66161e+39
271 2.20687e+20 62 2.20687e+20 1.47125e+20 1.65571e+39
272 2.20687e+20 62 2.20687e+20 1.47125e+20 1.64986e+39
273 2.20687e+20 62 2.20687e+20 1.47125e+20 1.64404e+39
274 2.20687e+20 62 2.20687e+20 1.47125e+20 1.63826e+39
275 2.20687e+20 62 2.20687e+20 1.47125e+20 1.63253e+39
276 2.20687e+20 61.9998 2.20687e+20 1.47125e+20 1.62683e+39
277 2.20687e+20 61.9987 2.20687e+20 1.47125e+20 1.62118e+39
278 2.20687e+20 62 2.20687e+20 1.47125e+20 1.61556e+39
279 2.20687e+20 61.9987 2.20687e+20 1.47125e+20 1.60998e+39
280 2.20687e+20 62 2.20687e+20 1.47125e+20 1.60444e+39
281 2.20687e+20 62 2.20687e+20 1.47125e+20 1.59894e+39
282 2.20687e+20 62 2.20687e+20 1.47125e+20 1.59348e+39
283 2.20687e+20 62 2.20687e+20 1.47125e+20 1.58805e+39
284 2.20687e+20 61.9992 2.20687e+20 1.47125e+20 1.58266e+39
285 2.20687e+20 62 2.20687e+20 1.47125e+20 1.5773e+39
286 2.20687e+20 61.9998 2.20687e+20 1.47125e+20 1.57199e+39
287 2.20687e+20 62 2.20687e+20 1.47125e+20 1.5667e+39
288 2.20687e+20 62 2.20687e+20 1.47125e+20 1.56146e+39
289 2.20687e+20 62 2.20687e+20 1.47125e+20 1.55625e+39
290 2.20687e+20 62 2.20687e+20 1.47125e+20 1.55107e+39
291 2.20687e+20 62 2.20687e+20 1.47125e+20 1.54593e+39
292 2.20687e+20 62 2.20687e+20 1.47125e+20 1.54082e+39
293 2.20687e+20 62 2.20687e+20 1.47125e+20 1.53574e+39
294 2.20687e+20 62 2.20687e+20 1.47125e+20 1.5307e+39
295 2.20687e+20 61.9998 2.20687e+20 1.47125e+20 1.52569e+39
296 2.20687e+20 62 2.20687e+20 1.47125e+20 1.52071e+39
297 2.20687e+20 62 2.20687e+20 1.47125e+20 1.51577e+39
298 2.20687e+20 62 2.20687e+20 1.47125e+20 1.51086e+39
299 2.20687e+20 61.9999 2.20687e+20 1.47125e+20 1.50598e+39
300 2.20687e+20 62 2.20687e+20 1.47125e+20 1.50113e+39
301 2.20687e+20 62 2.20687e+20 1.47125e+20 1.49631e+39
302 2.20687e+20 62 2.20687e+20 1.47125e+20 1.49152e+39
303 2.20687e+20 62 2.20687e+20 1.47125e+20 1.48677e+39
304 2.20687e+20 61.9999 2.20687e+20 1.47125e+20 1.48204e+39
305 2.20687e+20 62 2.20687e+20 1.47125e+20 1.47734e+39
306 2.20687e+20 62 2.20687e+20 1.47125e+20 1.47268e+39
307 2.20687e+20 62 2.20687e+20 1.47125e+20 1.46804e+39
308 2.20687e+20 62 2.20687e+20 1.47125e+20 1.46343e+39
309 2.20687e+20 62 2.20687e+20 1.47125e+20 1.45885e+39
310 2.20687e+20 62 2.20687e+20 1.47125e+20 1.4543e+39
311 2.20687e+20 61.9999 2.20687e+20 1.47125e+20 1.44978e+39
312 2.20687e+20 62 2.20687e+20 1.47125e+20 1.44528e+39
313 2.20687e+20 62 2.20687e+20 1.47125e+20 1.44082e+39
314 2.20687e+20 61.9997 2.20687e+20 1.47125e+20 1.43638e+39
315 2.20687e+20 62 2.20687e+20 1.47125e+20 1.43196e+39
316 2.20687e+20 62 2.20687e+20 1.47125e+20 1.42758e+39
