t x
0.001 4.7142e-07
0.002 9.42368e-07
0.003 1.41302e-06
0.004 1.88332e-06
0.005 2.35328e-06
0.006 2.82288e-06
0.007 3.29212e-06
0.008 3.76104e-06
0.009 4.22956e-06
0.01 4.69771e-06
0.011 5.16551e-06
0.012 5.6329e-06
0.013 6.09993e-06
0.014 6.56829e-06
0.015 7.03584e-06
0.016 7.50265e-06
0.017 7.96888e-06
0.018 8.43451e-06
0.019 8.89961e-06
0.02 9.3642e-06
0.021 9.82834e-06
0.022 1.0292e-05
0.023 1.07553e-05
0.024 1.12181e-05
0.025 1.16805e-05
0.026 1.21426e-05
0.027 1.26042e-05
0.028 1.30655e-05
0.029 1.35263e-05
0.03 1.39869e-05
0.031 1.4447e-05
0.032 1.49069e-05
0.033 1.53664e-05
0.034 1.58256e-05
0.035 1.62845e-05
0.036 1.67432e-05
0.037 1.72016e-05
0.038 1.76597e-05
0.039 1.81176e-05
0.04 1.85753e-05
0.041 1.90328e-05
0.042 1.94901e-05
0.043 1.99473e-05
0.044 2.04043e-05
0.045 2.08613e-05
0.046 2.13182e-05
0.047 2.17749e-05
0.048 2.22317e-05
0.049 2.26883e-05
