t x
0.1 1.98413e+12
0.2 3.96596e+12
0.3 5.94806e+12
0.4 7.93072e+12
0.5 9.91308e+12
0.6 1.18953e+13
0.7 1.38775e+13
0.8 1.58596e+13
0.9 1.78419e+13
1 1.98241e+13
1.1 2.18066e+13
1.2 2.37893e+13
1.3 2.57718e+13
1.4 2.77543e+13
1.5 2.9737e+13
1.6 3.17192e+13
1.7 3.37014e+13
1.8 3.56837e+13
1.9 3.76659e+13
2 3.96481e+13
2.1 4.16308e+13
2.2 4.36133e+13
2.3 4.55958e+13
2.4 4.75785e+13
2.5 4.9561e+13
2.6 5.15432e+13
2.7 5.35256e+13
2.8 5.55078e+13
2.9 5.74899e+13
3 5.94724e+13
3.1 6.14548e+13
3.2 6.34373e+13
3.3 6.542e+13
3.4 6.74025e+13
3.5 6.9385e+13
3.6 7.13674e+13
3.7 7.33496e+13
3.8 7.53318e+13
3.9 7.73142e+13
4 7.92964e+13
4.1 8.12789e+13
4.2 8.32616e+13
4.3 8.52441e+13
4.4 8.72265e+13
4.5 8.92093e+13
4.6 9.11914e+13
4.7 9.31736e+13
4.8 9.51561e+13
4.9 9.71382e+13
5 9.91204e+13
5.1 1.01103e+14
5.2 1.03086e+14
5.3 1.05068e+14
5.4 1.07051e+14
5.5 1.09033e+14
5.6 1.11015e+14
5.7 1.12997e+14
5.8 1.1498e+14
5.9 1.16962e+14
6 1.18944e+14
6.1 1.20927e+14
6.2 1.22909e+14
6.3 1.24892e+14
6.4 1.26874e+14
6.5 1.28856e+14
6.6 1.30839e+14
6.7 1.32821e+14
6.8 1.34803e+14
6.9 1.36785e+14
7 1.38768e+14
7.1 1.4075e+14
7.2 1.42733e+14
7.3 1.44715e+14
7.4 1.46698e+14
7.5 1.4868e+14
7.6 1.50662e+14
7.7 1.52645e+14
7.8 1.54627e+14
7.9 1.56609e+14
8 1.58592e+14
8.1 1.60574e+14
8.2 1.62557e+14
8.3 1.64539e+14
8.4 1.66522e+14
8.5 1.68504e+14
8.6 1.70486e+14
8.7 1.72469e+14
8.8 1.74451e+14
8.9 1.76433e+14
9 1.78416e+14
9.1 1.80398e+14
9.2 1.82381e+14
9.3 1.84363e+14
9.4 1.86346e+14
9.5 1.88328e+14
9.6 1.9031e+14
9.7 1.92293e+14
9.8 1.94275e+14
9.9 1.96257e+14
10 1.9824e+14
10.1 2.00222e+14
10.2 2.02205e+14
10.3 2.04188e+14
10.4 2.0617e+14
10.5 2.08152e+14
10.6 2.10135e+14
10.7 2.12117e+14
10.8 2.14099e+14
10.9 2.16082e+14
11 2.18064e+14
11.1 2.20047e+14
11.2 2.22029e+14
11.3 2.24012e+14
11.4 2.25994e+14
11.5 2.27977e+14
11.6 2.29959e+14
11.7 2.31941e+14
11.8 2.33923e+14
11.9 2.35906e+14
12 2.37888e+14
12.1 2.39871e+14
12.2 2.41853e+14
12.3 2.43836e+14
12.4 2.45818e+14
12.5 2.47801e+14
12.6 2.49783e+14
12.7 2.51765e+14
12.8 2.53747e+14
12.9 2.5573e+14
13 2.57712e+14
13.1 2.59695e+14
13.2 2.61677e+14
13.3 2.6366e+14
13.4 2.65642e+14
13.5 2.67624e+14
13.6 2.69607e+14
13.7 2.71589e+14
13.8 2.73571e+14
13.9 2.75554e+14
14 2.77536e+14
14.1 2.79519e+14
14.2 2.81501e+14
14.3 2.83484e+14
14.4 2.85466e+14
14.5 2.87448e+14
14.6 2.8943e+14
14.7 2.91412e+14
14.8 2.93394e+14
14.9 2.95377e+14
15 2.97359e+14
15.1 2.99342e+14
15.2 3.01324e+14
15.3 3.03307e+14
15.4 3.05289e+14
15.5 3.07272e+14
15.6 3.09254e+14
15.7 3.11236e+14
15.8 3.13218e+14
15.9 3.15201e+14
16 3.17183e+14
16.1 3.19166e+14
16.2 3.21148e+14
16.3 3.23131e+14
16.4 3.25113e+14
16.5 3.27096e+14
16.6 3.29078e+14
16.7 3.3106e+14
16.8 3.33042e+14
16.9 3.35025e+14
17 3.37008e+14
17.1 3.3899e+14
17.2 3.40972e+14
17.3 3.42955e+14
17.4 3.44937e+14
17.5 3.4692e+14
17.6 3.48902e+14
17.7 3.50884e+14
17.8 3.52866e+14
17.9 3.54849e+14
18 3.56832e+14
18.1 3.58814e+14
18.2 3.60797e+14
18.3 3.62779e+14
18.4 3.64761e+14
18.5 3.66744e+14
18.6 3.68726e+14
18.7 3.70708e+14
18.8 3.72691e+14
18.9 3.74673e+14
19 3.76656e+14
19.1 3.78638e+14
19.2 3.80621e+14
19.3 3.82603e+14
19.4 3.84586e+14
19.5 3.86568e+14
19.6 3.8855e+14
19.7 3.90533e+14
19.8 3.92515e+14
19.9 3.94497e+14
20 3.9648e+14
20.1 3.98462e+14
20.2 4.00445e+14
20.3 4.02428e+14
20.4 4.0441e+14
20.5 4.06392e+14
20.6 4.08374e+14
20.7 4.10357e+14
20.8 4.12339e+14
20.9 4.14321e+14
21 4.16304e+14
21.1 4.18286e+14
21.2 4.20269e+14
21.3 4.22251e+14
21.4 4.24233e+14
21.5 4.26216e+14
21.6 4.28198e+14
21.7 4.3018e+14
21.8 4.32163e+14
21.9 4.34145e+14
22 4.36128e+14
22.1 4.3811e+14
22.2 4.40093e+14
22.3 4.42075e+14
22.4 4.44057e+14
22.5 4.46039e+14
22.6 4.48022e+14
22.7 4.50004e+14
22.8 4.51986e+14
22.9 4.53969e+14
23 4.55951e+14
23.1 4.57934e+14
23.2 4.59916e+14
23.3 4.61898e+14
23.4 4.6388e+14
23.5 4.65863e+14
23.6 4.67845e+14
23.7 4.69827e+14
23.8 4.7181e+14
23.9 4.73792e+14
24 4.75775e+14
24.1 4.77757e+14
24.2 4.7974e+14
24.3 4.81722e+14
24.4 4.83705e+14
24.5 4.85687e+14
24.6 4.87669e+14
24.7 4.89651e+14
24.8 4.91634e+14
24.9 4.93617e+14
25 4.95599e+14
25.1 4.97581e+14
25.2 4.99564e+14
25.3 5.01546e+14
25.4 5.03529e+14
25.5 5.05511e+14
25.6 5.07493e+14
25.7 5.09475e+14
25.8 5.11458e+14
25.9 5.13441e+14
26 5.15423e+14
26.1 5.17406e+14
26.2 5.19388e+14
26.3 5.2137e+14
26.4 5.23353e+14
26.5 5.25335e+14
26.6 5.27317e+14
26.7 5.293e+14
26.8 5.31282e+14
26.9 5.33265e+14
27 5.35247e+14
27.1 5.3723e+14
27.2 5.39212e+14
27.3 5.41195e+14
27.4 5.43177e+14
27.5 5.45159e+14
27.6 5.47141e+14
27.7 5.49124e+14
27.8 5.51106e+14
27.9 5.53089e+14
28 5.55071e+14
28.1 5.57054e+14
28.2 5.59036e+14
28.3 5.61019e+14
28.4 5.63001e+14
28.5 5.64983e+14
28.6 5.66965e+14
28.7 5.68948e+14
28.8 5.7093e+14
28.9 5.72913e+14
29 5.74895e+14
29.1 5.76878e+14
29.2 5.7886e+14
29.3 5.80843e+14
29.4 5.82825e+14
29.5 5.84807e+14
29.6 5.86789e+14
29.7 5.88772e+14
29.8 5.90754e+14
29.9 5.92737e+14
30 5.94719e+14
30.1 5.96702e+14
30.2 5.98684e+14
30.3 6.00666e+14
30.4 6.02649e+14
30.5 6.04631e+14
30.6 6.06613e+14
30.7 6.08595e+14
30.8 6.10578e+14
30.9 6.1256e+14
31 6.14543e+14
31.1 6.16525e+14
31.2 6.18507e+14
31.3 6.2049e+14
31.4 6.22472e+14
31.5 6.24454e+14
31.6 6.26437e+14
31.7 6.28419e+14
31.8 6.30401e+14
31.9 6.32384e+14
32 6.34367e+14
32.1 6.36349e+14
32.2 6.38332e+14
32.3 6.40314e+14
32.4 6.42296e+14
32.5 6.44278e+14
32.6 6.46261e+14
32.7 6.48243e+14
32.8 6.50226e+14
32.9 6.52208e+14
33 6.54191e+14
33.1 6.56173e+14
33.2 6.58156e+14
33.3 6.60138e+14
33.4 6.6212e+14
33.5 6.64102e+14
33.6 6.66085e+14
33.7 6.68067e+14
33.8 6.7005e+14
33.9 6.72032e+14
34 6.74015e+14
34.1 6.75997e+14
34.2 6.7798e+14
34.3 6.79962e+14
34.4 6.81944e+14
34.5 6.83926e+14
34.6 6.85909e+14
34.7 6.87891e+14
34.8 6.89874e+14
34.9 6.91857e+14
35 6.93839e+14
35.1 6.95821e+14
35.2 6.97804e+14
35.3 6.99786e+14
35.4 7.01768e+14
35.5 7.03751e+14
35.6 7.05733e+14
35.7 7.07715e+14
35.8 7.09698e+14
35.9 7.11681e+14
36 7.13663e+14
36.1 7.15646e+14
36.2 7.17628e+14
36.3 7.1961e+14
36.4 7.21593e+14
36.5 7.23575e+14
36.6 7.25557e+14
36.7 7.2754e+14
36.8 7.29522e+14
36.9 7.31505e+14
37 7.33487e+14
37.1 7.3547e+14
37.2 7.37452e+14
37.3 7.39434e+14
37.4 7.41417e+14
37.5 7.43399e+14
37.6 7.45381e+14
37.7 7.47364e+14
37.8 7.49346e+14
37.9 7.51329e+14
38 7.53311e+14
38.1 7.55293e+14
38.2 7.57276e+14
38.3 7.59258e+14
38.4 7.6124e+14
38.5 7.63222e+14
38.6 7.65205e+14
38.7 7.67187e+14
38.8 7.6917e+14
38.9 7.71152e+14
39 7.73135e+14
39.1 7.75117e+14
39.2 7.77099e+14
39.3 7.79081e+14
39.4 7.81063e+14
39.5 7.83046e+14
39.6 7.85028e+14
39.7 7.87011e+14
39.8 7.88993e+14
39.9 7.90976e+14
40 7.92958e+14
40.1 7.94941e+14
40.2 7.96923e+14
40.3 7.98905e+14
40.4 8.00887e+14
40.5 8.0287e+14
40.6 8.04852e+14
40.7 8.06835e+14
40.8 8.08817e+14
40.9 8.108e+14
41 8.12782e+14
41.1 8.14765e+14
41.2 8.16747e+14
41.3 8.18729e+14
41.4 8.20711e+14
41.5 8.22694e+14
41.6 8.24676e+14
41.7 8.26659e+14
41.8 8.28641e+14
41.9 8.30624e+14
42 8.32606e+14
42.1 8.34589e+14
42.2 8.36571e+14
42.3 8.38553e+14
42.4 8.40535e+14
42.5 8.42518e+14
42.6 8.445e+14
42.7 8.46483e+14
42.8 8.48466e+14
42.9 8.50448e+14
43 8.52431e+14
43.1 8.54413e+14
43.2 8.56395e+14
43.3 8.58377e+14
43.4 8.6036e+14
43.5 8.62342e+14
43.6 8.64324e+14
43.7 8.66307e+14
43.8 8.6829e+14
43.9 8.70272e+14
44 8.72255e+14
44.1 8.74237e+14
44.2 8.76219e+14
44.3 8.78202e+14
44.4 8.80184e+14
44.5 8.82166e+14
44.6 8.84149e+14
44.7 8.86131e+14
44.8 8.88114e+14
44.9 8.90096e+14
45 8.92079e+14
45.1 8.94061e+14
45.2 8.96043e+14
45.3 8.98026e+14
45.4 9.00008e+14
45.5 9.0199e+14
45.6 9.03973e+14
45.7 9.05955e+14
45.8 9.07938e+14
45.9 9.0992e+14
46 9.11903e+14
46.1 9.13885e+14
46.2 9.15867e+14
46.3 9.17849e+14
46.4 9.19832e+14
46.5 9.21814e+14
46.6 9.23797e+14
46.7 9.25779e+14
46.8 9.27762e+14
46.9 9.29744e+14
47 9.31726e+14
47.1 9.33708e+14
47.2 9.35691e+14
47.3 9.37673e+14
47.4 9.39655e+14
47.5 9.41637e+14
47.6 9.4362e+14
47.7 9.45602e+14
47.8 9.47585e+14
47.9 9.49567e+14
48 9.5155e+14
48.1 9.53532e+14
48.2 9.55514e+14
48.3 9.57497e+14
48.4 9.59479e+14
48.5 9.61461e+14
48.6 9.63444e+14
48.7 9.65426e+14
48.8 9.67409e+14
48.9 9.69392e+14
49 9.71374e+14
49.1 9.73356e+14
49.2 9.75338e+14
49.3 9.77321e+14
49.4 9.79303e+14
49.5 9.81285e+14
49.6 9.83268e+14
49.7 9.8525e+14
49.8 9.87233e+14
49.9 9.89216e+14
