t x
0.01 602775
0.02 1.20675e+06
0.03 1.811e+06
0.04 2.41531e+06
0.05 3.01964e+06
0.06 3.62399e+06
0.07 4.22835e+06
0.08 4.83271e+06
0.09 5.43708e+06
0.1 6.04145e+06
0.11 6.64582e+06
0.12 7.25019e+06
0.13 7.85456e+06
0.14 8.45893e+06
0.15 9.0633e+06
0.16 9.66768e+06
0.17 1.02721e+07
0.18 1.08764e+07
0.19 1.14808e+07
0.2 1.20852e+07
0.21 1.26896e+07
0.22 1.32939e+07
0.23 1.38983e+07
0.24 1.45027e+07
0.25 1.51071e+07
0.26 1.57114e+07
0.27 1.63158e+07
0.28 1.69202e+07
0.29 1.75246e+07
0.3 1.81289e+07
0.31 1.87333e+07
0.32 1.93377e+07
0.33 1.99421e+07
0.34 2.05464e+07
0.35 2.11508e+07
0.36 2.17552e+07
0.37 2.23596e+07
0.38 2.29639e+07
0.39 2.35683e+07
0.4 2.41727e+07
0.41 2.47771e+07
0.42 2.53815e+07
0.43 2.59858e+07
0.44 2.65902e+07
0.45 2.71946e+07
0.46 2.7799e+07
0.47 2.84033e+07
0.48 2.90077e+07
0.49 2.96121e+07
0.5 3.02165e+07
0.51 3.08208e+07
0.52 3.14252e+07
0.53 3.20296e+07
0.54 3.2634e+07
0.55 3.32384e+07
0.56 3.38427e+07
0.57 3.44471e+07
0.58 3.50515e+07
0.59 3.56559e+07
0.6 3.62602e+07
0.61 3.68646e+07
0.62 3.7469e+07
0.63 3.80734e+07
0.64 3.86777e+07
0.65 3.92821e+07
0.66 3.98865e+07
0.67 4.04909e+07
0.68 4.10953e+07
0.69 4.16996e+07
0.7 4.2304e+07
0.71 4.29084e+07
0.72 4.35128e+07
0.73 4.41171e+07
0.74 4.47215e+07
0.75 4.53259e+07
0.76 4.59303e+07
0.77 4.65346e+07
0.78 4.7139e+07
0.79 4.77434e+07
0.8 4.83478e+07
0.81 4.89521e+07
0.82 4.95565e+07
0.83 5.01609e+07
0.84 5.07653e+07
0.85 5.13696e+07
0.86 5.1974e+07
0.87 5.25784e+07
0.88 5.31828e+07
0.89 5.37872e+07
0.9 5.43915e+07
0.91 5.49959e+07
0.92 5.56003e+07
0.93 5.62047e+07
0.94 5.6809e+07
0.95 5.74134e+07
0.96 5.80178e+07
0.97 5.86222e+07
0.98 5.92265e+07
0.99 5.98309e+07
1 6.04353e+07
1.01 6.10397e+07
1.02 6.1644e+07
1.03 6.22484e+07
1.04 6.28528e+07
1.05 6.34572e+07
1.06 6.40616e+07
1.07 6.46659e+07
1.08 6.52703e+07
1.09 6.58747e+07
1.1 6.64791e+07
1.11 6.70834e+07
1.12 6.76878e+07
1.13 6.82922e+07
1.14 6.88966e+07
1.15 6.95009e+07
1.16 7.01053e+07
1.17 7.07097e+07
1.18 7.13141e+07
1.19 7.19184e+07
1.2 7.25228e+07
1.21 7.31272e+07
1.22 7.37316e+07
1.23 7.43359e+07
1.24 7.49403e+07
1.25 7.55447e+07
1.26 7.61491e+07
1.27 7.67535e+07
1.28 7.73578e+07
1.29 7.79622e+07
1.3 7.85666e+07
1.31 7.9171e+07
1.32 7.97753e+07
1.33 8.03797e+07
1.34 8.09841e+07
1.35 8.15885e+07
1.36 8.21928e+07
1.37 8.27972e+07
1.38 8.34016e+07
1.39 8.4006e+07
1.4 8.46104e+07
1.41 8.52147e+07
1.42 8.58191e+07
1.43 8.64235e+07
1.44 8.70279e+07
1.45 8.76322e+07
1.46 8.82366e+07
1.47 8.8841e+07
1.48 8.94454e+07
1.49 9.00497e+07
1.5 9.06541e+07
1.51 9.12585e+07
1.52 9.18629e+07
1.53 9.24673e+07
1.54 9.30716e+07
1.55 9.3676e+07
1.56 9.42804e+07
1.57 9.48848e+07
1.58 9.54891e+07
1.59 9.60935e+07
1.6 9.66979e+07
1.61 9.73023e+07
1.62 9.79066e+07
1.63 9.8511e+07
1.64 9.91154e+07
1.65 9.97198e+07
1.66 1.00324e+08
1.67 1.00929e+08
1.68 1.01533e+08
1.69 1.02137e+08
1.7 1.02742e+08
1.71 1.03346e+08
1.72 1.0395e+08
1.73 1.04555e+08
1.74 1.05159e+08
1.75 1.05764e+08
1.76 1.06368e+08
1.77 1.06972e+08
1.78 1.07577e+08
1.79 1.08181e+08
1.8 1.08785e+08
1.81 1.0939e+08
1.82 1.09994e+08
1.83 1.10599e+08
1.84 1.11203e+08
1.85 1.11807e+08
1.86 1.12412e+08
1.87 1.13016e+08
1.88 1.1362e+08
1.89 1.14225e+08
1.9 1.14829e+08
1.91 1.15434e+08
1.92 1.16038e+08
1.93 1.16642e+08
1.94 1.17247e+08
1.95 1.17851e+08
1.96 1.18455e+08
1.97 1.1906e+08
1.98 1.19664e+08
1.99 1.20269e+08
2 1.20873e+08
2.01 1.21477e+08
2.02 1.22082e+08
2.03 1.22686e+08
2.04 1.2329e+08
2.05 1.23895e+08
2.06 1.24499e+08
2.07 1.25104e+08
2.08 1.25708e+08
2.09 1.26312e+08
2.1 1.26917e+08
2.11 1.27521e+08
2.12 1.28126e+08
2.13 1.2873e+08
2.14 1.29334e+08
2.15 1.29939e+08
2.16 1.30543e+08
2.17 1.31147e+08
2.18 1.31752e+08
2.19 1.32356e+08
2.2 1.32961e+08
2.21 1.33565e+08
2.22 1.34169e+08
2.23 1.34774e+08
2.24 1.35378e+08
2.25 1.35982e+08
2.26 1.36587e+08
2.27 1.37191e+08
2.28 1.37796e+08
2.29 1.384e+08
2.3 1.39004e+08
2.31 1.39609e+08
2.32 1.40213e+08
2.33 1.40817e+08
2.34 1.41422e+08
2.35 1.42026e+08
2.36 1.42631e+08
2.37 1.43235e+08
2.38 1.43839e+08
2.39 1.44444e+08
2.4 1.45048e+08
2.41 1.45652e+08
2.42 1.46257e+08
2.43 1.46861e+08
2.44 1.47466e+08
2.45 1.4807e+08
2.46 1.48674e+08
2.47 1.49279e+08
2.48 1.49883e+08
2.49 1.50487e+08
