x y
0 2.59417
0.01 2.59368
0.02 2.59381
0.03 2.59487
0.04 2.59687
0.05 2.59955
0.06 2.60246
0.07 2.60503
0.08 2.60655
0.09 2.6062
0.1 2.60333
0.11 2.59819
0.12 2.59303
0.13 2.5923
0.14 2.6
0.15 2.615
0.16 2.63125
0.17 2.64362
0.18 2.65024
0.19 2.65094
0.2 2.64667
0.21 2.64154
0.22 2.64239
0.23 2.64984
0.24 2.65567
0.25 2.65505
0.26 2.65135
0.27 2.65144
0.28 2.65712
0.29 2.66012
0.3 2.66231
0.31 2.6634
0.32 2.64597
0.33 2.61541
0.34 2.60559
0.35 2.63437
0.36 2.67697
0.37 2.70968
0.38 2.73035
0.39 2.74257
0.4 2.74758
0.41 2.74589
0.42 2.73909
0.43 2.72781
0.44 2.70952
0.45 2.68519
0.46 2.67101
0.47 2.67804
0.48 2.69243
0.49 2.69938
0.5 2.69741
0.51 2.6945
0.52 2.69178
0.53 2.68624
0.54 2.67855
0.55 2.67148
0.56 2.66782
0.57 2.67016
0.58 2.68244
0.59 2.70331
0.6 2.72699
0.61 2.74833
0.62 2.76367
0.63 2.77168
0.64 2.77265
0.65 2.76562
0.66 2.74552
0.67 2.70352
0.68 2.64878
0.69 2.638
0.7 2.68839
0.71 2.73865
0.72 2.76554
0.73 2.77864
0.74 2.78478
0.75 2.78644
0.76 2.78454
0.77 2.78006
0.78 2.77426
0.79 2.7664
0.8 2.75211
0.81 2.72955
0.82 2.70916
0.83 2.70235
0.84 2.70525
0.85 2.71316
0.86 2.72541
0.87 2.73957
0.88 2.75254
0.89 2.7617
0.9 2.76701
0.91 2.77149
0.92 2.7753
0.93 2.77232
0.94 2.75921
0.95 2.74502
0.96 2.73701
0.97 2.73178
0.98 2.73396
0.99 2.74388
1 2.75051
1.01 2.74737
1.02 2.73801
1.03 2.73343
1.04 2.73681
1.05 2.73477
1.06 2.71825
1.07 2.69847
1.08 2.69304
1.09 2.70541
1.1 2.72569
1.11 2.74257
1.12 2.74979
1.13 2.75245
1.14 2.75761
1.15 2.75892
1.16 2.7515
1.17 2.74557
1.18 2.75125
1.19 2.76122
1.2 2.76759
1.21 2.77156
1.22 2.77146
1.23 2.76578
1.24 2.7586
1.25 2.75384
1.26 2.75223
1.27 2.75601
1.28 2.76762
1.29 2.78163
1.3 2.79063
1.31 2.79275
1.32 2.7879
1.33 2.77495
1.34 2.75499
1.35 2.7363
1.36 2.72957
1.37 2.73559
1.38 2.74839
1.39 2.7635
1.4 2.77745
1.41 2.78752
1.42 2.79112
1.43 2.78615
1.44 2.77518
1.45 2.76902
1.46 2.77655
1.47 2.79328
1.48 2.81057
1.49 2.82267
1.5 2.82402
1.51 2.80847
1.52 2.77559
1.53 2.74323
1.54 2.73416
1.55 2.74844
1.56 2.77378
1.57 2.79586
1.58 2.80807
1.59 2.81666
1.6 2.82621
1.61 2.82998
1.62 2.82024
1.63 2.79579
1.64 2.76398
1.65 2.74208
1.66 2.74412
1.67 2.76263
1.68 2.78005
1.69 2.78802
1.7 2.78647
1.71 2.77922
1.72 2.77356
1.73 2.77405
1.74 2.7778
1.75 2.78131
1.76 2.78432
1.77 2.78523
1.78 2.78218
1.79 2.77788
1.8 2.77605
1.81 2.77551
1.82 2.77081
1.83 2.75984
1.84 2.75181
1.85 2.7527
1.86 2.75578
1.87 2.76633
1.88 2.78481
1.89 2.797
1.9 2.7995
1.91 2.79783
1.92 2.79577
1.93 2.79304
1.94 2.78718
1.95 2.77484
1.96 2.75447
1.97 2.73512
1.98 2.73514
1.99 2.75224
2 2.76568
2.01 2.76881
2.02 2.76959
2.03 2.77383
2.04 2.77726
2.05 2.77401
2.06 2.76512
2.07 2.75923
2.08 2.76594
2.09 2.78355
2.1 2.79956
2.11 2.80416
2.12 2.79556
2.13 2.78086
2.14 2.77191
2.15 2.76688
2.16 2.75457
2.17 2.73629
2.18 2.71774
2.19 2.70218
2.2 2.70579
2.21 2.73034
2.22 2.75515
2.23 2.7623
2.24 2.74523
2.25 2.72083
2.26 2.72261
2.27 2.75362
2.28 2.7828
2.29 2.78807
2.3 2.76775
2.31 2.73797
2.32 2.72896
2.33 2.74939
2.34 2.7665
2.35 2.76255
2.36 2.74763
2.37 2.73946
2.38 2.74809
2.39 2.76217
2.4 2.77133
2.41 2.77787
2.42 2.78321
2.43 2.78573
2.44 2.78451
2.45 2.77918
2.46 2.76947
2.47 2.7565
2.48 2.7435
2.49 2.73275
2.5 2.72237
2.51 2.71289
2.52 2.71321
2.53 2.72511
2.54 2.73865
2.55 2.74604
2.56 2.74443
2.57 2.73633
2.58 2.73114
2.59 2.73517
2.6 2.74401
2.61 2.75106
2.62 2.75364
2.63 2.75247
2.64 2.74958
2.65 2.74628
2.66 2.74237
2.67 2.73731
2.68 2.73286
2.69 2.73357
2.7 2.74146
2.71 2.75232
2.72 2.7608
2.73 2.76554
2.74 2.76788
2.75 2.7685
2.76 2.76667
2.77 2.76224
2.78 2.75691
2.79 2.75266
2.8 2.749
2.81 2.74339
2.82 2.73558
2.83 2.7303
2.84 2.73295
2.85 2.74214
2.86 2.75014
2.87 2.75079
2.88 2.74417
2.89 2.73628
2.9 2.73512
2.91 2.7435
2.92 2.75646
2.93 2.76768
2.94 2.7742
2.95 2.77467
2.96 2.76667
2.97 2.74677
2.98 2.71874
2.99 2.70395
3 2.71525
3.01 2.73436
3.02 2.74512
3.03 2.74696
3.04 2.74574
3.05 2.74697
3.06 2.75262
3.07 2.76201
3.08 2.77299
3.09 2.7819
3.1 2.78592
3.11 2.7849
3.12 2.78123
3.13 2.77982
3.14 2.7847
3.15 2.79315
3.16 2.79856
3.17 2.79779
3.18 2.79239
3.19 2.78616
3.2 2.78236
3.21 2.78093
3.22 2.77801
3.23 2.77166
3.24 2.76574
3.25 2.76238
3.26 2.75899
3.27 2.74601
3.28 2.7135
3.29 2.70611
3.3 2.74659
3.31 2.77465
3.32 2.78018
3.33 2.78161
3.34 2.78932
3.35 2.80105
3.36 2.8104
3.37 2.81435
3.38 2.81283
3.39 2.80688
3.4 2.79875
3.41 2.79271
3.42 2.7931
3.43 2.80007
3.44 2.8087
3.45 2.81278
3.46 2.80803
3.47 2.79377
3.48 2.77477
3.49 2.75971
3.5 2.75289
3.51 2.74935
3.52 2.74243
3.53 2.7341
3.54 2.73256
3.55 2.73702
3.56 2.73973
3.57 2.75161
3.58 2.78344
3.59 2.81382
3.6 2.826
3.61 2.81707
3.62 2.78425
3.63 2.72645
3.64 2.66477
3.65 2.64631
3.66 2.67597
3.67 2.72335
3.68 2.76928
3.69 2.80084
3.7 2.81581
3.71 2.81995
3.72 2.81929
3.73 2.81787
3.74 2.81735
3.75 2.81767
3.76 2.81852
3.77 2.82022
3.78 2.82308
3.79 2.82596
3.8 2.82618
3.81 2.82094
3.82 2.80958
3.83 2.79653
3.84 2.7906
3.85 2.79558
3.86 2.80443
3.87 2.80579
3.88 2.79157
3.89 2.76615
3.9 2.75114
3.91 2.75462
3.92 2.75983
3.93 2.75837
3.94 2.75662
3.95 2.7609
3.96 2.76762
3.97 2.76661
3.98 2.74999
3.99 2.7243
4 2.71451
4.01 2.72604
4.02 2.74032
4.03 2.75035
4.04 2.75951
4.05 2.77105
4.06 2.78439
4.07 2.7962
4.08 2.80345
4.09 2.80448
4.1 2.79835
4.11 2.78586
4.12 2.77281
4.13 2.76761
4.14 2.7713
4.15 2.77873
4.16 2.78611
4.17 2.79135
4.18 2.7931
4.19 2.79033
4.2 2.78117
4.21 2.76358
4.22 2.74257
4.23 2.7356
4.24 2.7516
4.25 2.77428
4.26 2.78774
4.27 2.78782
4.28 2.77659
4.29 2.76452
4.3 2.76137
4.31 2.76732
4.32 2.77905
4.33 2.79202
4.34 2.80237
4.35 2.80999
4.36 2.81645
4.37 2.82222
4.38 2.82572
4.39 2.82455
4.4 2.81909
4.41 2.81372
4.42 2.81187
4.43 2.81205
4.44 2.81237
4.45 2.81445
4.46 2.81914
4.47 2.82336
4.48 2.82308
4.49 2.81602
4.5 2.80248
4.51 2.78607
4.52 2.7732
4.53 2.7703
4.54 2.77848
4.55 2.79064
4.56 2.79746
4.57 2.79457
4.58 2.7846
4.59 2.77826
4.6 2.7853
4.61 2.79771
4.62 2.80219
4.63 2.79852
4.64 2.79499
4.65 2.79671
4.66 2.80058
4.67 2.80017
4.68 2.79033
4.69 2.77074
4.7 2.75125
4.71 2.74469
4.72 2.74854
4.73 2.75116
4.74 2.75139
4.75 2.7568
4.76 2.767
4.77 2.77219
4.78 2.76794
4.79 2.75876
4.8 2.75082
4.81 2.74712
4.82 2.74779
4.83 2.74626
4.84 2.72803
4.85 2.70473
4.86 2.72744
4.87 2.7738
4.88 2.80072
4.89 2.8081
4.9 2.80007
4.91 2.77691
4.92 2.74846
4.93 2.7367
4.94 2.74237
4.95 2.74893
4.96 2.74755
4.97 2.73435
4.98 2.713
4.99 2.70676
5 2.73027
5.01 2.75859
5.02 2.77322
5.03 2.77777
5.04 2.7781
5.05 2.77434
5.06 2.7641
5.07 2.74804
5.08 2.73096
5.09 2.71826
5.1 2.72134
5.11 2.7438
5.12 2.76323
5.13 2.76687
5.14 2.76117
5.15 2.75467
5.16 2.75077
5.17 2.74973
5.18 2.75195
5.19 2.75789
5.2 2.76785
5.21 2.78182
5.22 2.79604
5.23 2.80449
5.24 2.80459
5.25 2.7985
5.26 2.79094
5.27 2.78173
5.28 2.75861
5.29 2.71794
5.3 2.70373
5.31 2.71872
5.32 2.72792
5.33 2.7476
5.34 2.77804
5.35 2.80099
5.36 2.81117
5.37 2.81011
5.38 2.79932
5.39 2.7802
5.4 2.7555
5.41 2.73284
5.42 2.72621
5.43 2.7368
5.44 2.75149
5.45 2.76594
5.46 2.78034
5.47 2.79435
5.48 2.80697
5.49 2.81448
5.5 2.81346
5.51 2.80474
5.52 2.79439
5.53 2.79114
5.54 2.79729
5.55 2.8043
5.56 2.80214
5.57 2.78754
5.58 2.76541
5.59 2.74451
5.6 2.73081
5.61 2.74221
5.62 2.78184
5.63 2.8117
5.64 2.81423
5.65 2.7911
5.66 2.74663
5.67 2.69958
5.68 2.69044
5.69 2.72706
5.7 2.76975
5.71 2.79958
5.72 2.81751
5.73 2.82709
5.74 2.83165
5.75 2.83204
5.76 2.82652
5.77 2.8155
5.78 2.80387
5.79 2.79593
5.8 2.79078
5.81 2.78579
5.82 2.77961
5.83 2.76641
5.84 2.74097
5.85 2.70875
5.86 2.69675
5.87 2.73519
5.88 2.79448
5.89 2.83071
5.9 2.83808
5.91 2.82629
5.92 2.80088
5.93 2.76232
5.94 2.71536
5.95 2.68296
5.96 2.68897
5.97 2.72159
5.98 2.75171
5.99 2.76495
6 2.76784
6.01 2.77797
6.02 2.79601
6.03 2.80843
6.04 2.81133
6.05 2.80899
6.06 2.80641
6.07 2.80629
6.08 2.80812
6.09 2.80922
6.1 2.80627
6.11 2.79561
6.12 2.77323
6.13 2.74033
6.14 2.71612
6.15 2.723
6.16 2.75071
6.17 2.77695
6.18 2.79374
6.19 2.80209
6.2 2.80338
6.21 2.79695
6.22 2.78203
6.23 2.76203
6.24 2.74633
6.25 2.74419
6.26 2.75541
6.27 2.76828
6.28 2.77213
6.29 2.7684
6.3 2.76321
6.31 2.75529
6.32 2.74034
6.33 2.72389
6.34 2.70985
6.35 2.69413
6.36 2.67836
6.37 2.67095
6.38 2.68624
6.39 2.72171
6.4 2.75192
6.41 2.76346
6.42 2.75909
6.43 2.74715
6.44 2.74079
6.45 2.74819
6.46 2.75867
6.47 2.7581
6.48 2.75063
6.49 2.75364
6.5 2.76684
6.51 2.77505
6.52 2.77417
6.53 2.76977
6.54 2.76818
6.55 2.77098
6.56 2.77466
6.57 2.7746
6.58 2.76814
6.59 2.75487
6.6 2.73626
6.61 2.71672
6.62 2.70509
6.63 2.7087
6.64 2.72263
6.65 2.73362
6.66 2.73297
6.67 2.7224
6.68 2.71106
6.69 2.70549
6.7 2.705
6.71 2.70552
6.72 2.7085
6.73 2.71563
6.74 2.7227
6.75 2.72732
6.76 2.72939
6.77 2.72901
6.78 2.72793
6.79 2.72867
6.8 2.7317
6.81 2.73431
6.82 2.73202
6.83 2.72161
6.84 2.70419
6.85 2.68873
6.86 2.6954
6.87 2.72782
6.88 2.75928
6.89 2.77551
6.9 2.77955
6.91 2.77513
6.92 2.76424
6.93 2.75275
6.94 2.75062
6.95 2.75764
6.96 2.76106
6.97 2.75172
6.98 2.73238
6.99 2.71516
7 2.71034
7.01 2.71959
7.02 2.73567
7.03 2.74624
7.04 2.74685
7.05 2.74056
7.06 2.72843
7.07 2.70807
7.08 2.69624
7.09 2.71886
7.1 2.74605
7.11 2.75311
7.12 2.75092
7.13 2.75611
7.14 2.76916
7.15 2.77775
7.16 2.77815
7.17 2.7747
7.18 2.77137
7.19 2.77009
7.2 2.77176
7.21 2.7754
7.22 2.77834
7.23 2.7791
7.24 2.77722
7.25 2.77255
7.26 2.77049
7.27 2.77776
7.28 2.79048
7.29 2.79954
7.3 2.80183
7.31 2.80047
7.32 2.79925
7.33 2.79793
7.34 2.7915
7.35 2.77452
7.36 2.74847
7.37 2.73365
7.38 2.75225
7.39 2.77737
7.4 2.7796
7.41 2.77351
7.42 2.78006
7.43 2.79026
7.44 2.79392
7.45 2.79295
7.46 2.78902
7.47 2.78033
7.48 2.76842
7.49 2.76578
7.5 2.77766
7.51 2.79103
7.52 2.79835
7.53 2.80225
7.54 2.80517
7.55 2.80692
7.56 2.80689
7.57 2.80459
7.58 2.79891
7.59 2.78939
7.6 2.78081
7.61 2.78444
7.62 2.80244
7.63 2.81988
7.64 2.82358
7.65 2.81078
7.66 2.79224
7.67 2.79085
7.68 2.8039
7.69 2.80677
7.7 2.7976
7.71 2.79461
7.72 2.80437
7.73 2.81901
7.74 2.83237
7.75 2.84298
7.76 2.85122
7.77 2.85751
7.78 2.8604
7.79 2.856
7.8 2.8479
7.81 2.85064
7.82 2.86456
7.83 2.871
7.84 2.86191
7.85 2.84818
7.86 2.83791
7.87 2.81837
7.88 2.78957
7.89 2.77675
7.9 2.78829
7.91 2.81568
7.92 2.84433
7.93 2.86294
7.94 2.86688
7.95 2.85338
7.96 2.83779
7.97 2.84509
7.98 2.85807
7.99 2.85935
8 2.85551
8.01 2.85244
8.02 2.84998
8.03 2.84438
8.04 2.8327
8.05 2.81775
8.06 2.80638
8.07 2.80446
8.08 2.80946
8.09 2.81036
8.1 2.80256
8.11 2.79204
8.12 2.78852
8.13 2.80104
8.14 2.81901
8.15 2.82394
8.16 2.80841
8.17 2.77121
8.18 2.71625
8.19 2.6647
8.2 2.66132
8.21 2.70297
8.22 2.74287
8.23 2.76991
8.24 2.78242
8.25 2.78037
8.26 2.77184
8.27 2.76519
8.28 2.76201
8.29 2.76047
8.3 2.76138
8.31 2.76582
8.32 2.77153
8.33 2.77542
8.34 2.7751
8.35 2.76879
8.36 2.75639
8.37 2.74245
8.38 2.73543
8.39 2.73882
8.4 2.74635
8.41 2.75096
8.42 2.75173
8.43 2.75106
8.44 2.75292
8.45 2.75919
8.46 2.76563
8.47 2.76582
8.48 2.75427
8.49 2.73185
8.5 2.71234
8.51 2.7082
8.52 2.71888
8.53 2.73411
8.54 2.74287
8.55 2.74728
8.56 2.75512
8.57 2.76464
8.58 2.76802
8.59 2.76297
8.6 2.75607
8.61 2.75476
8.62 2.75786
8.63 2.76197
8.64 2.76702
8.65 2.77274
8.66 2.77739
8.67 2.77955
8.68 2.77907
8.69 2.77665
8.7 2.77322
8.71 2.76953
8.72 2.76593
8.73 2.76282
8.74 2.76132
8.75 2.76258
8.76 2.76637
8.77 2.77136
8.78 2.77589
8.79 2.77802
8.8 2.77558
8.81 2.76737
8.82 2.75513
8.83 2.74465
8.84 2.74224
8.85 2.7497
8.86 2.7629
8.87 2.77499
8.88 2.78102
8.89 2.78014
8.9 2.77598
8.91 2.77403
8.92 2.77587
8.93 2.7792
8.94 2.7826
8.95 2.78437
8.96 2.77957
8.97 2.76402
8.98 2.74615
8.99 2.74692
9 2.76909
9.01 2.79024
9.02 2.79588
9.03 2.7911
9.04 2.78705
9.05 2.78693
9.06 2.79077
9.07 2.80053
9.08 2.81242
9.09 2.81723
9.1 2.80602
9.11 2.7799
9.12 2.77073
9.13 2.79607
9.14 2.82369
9.15 2.8378
9.16 2.84057
9.17 2.83214
9.18 2.81166
9.19 2.78587
9.2 2.7723
9.21 2.78064
9.22 2.797
9.23 2.80047
9.24 2.78328
9.25 2.75666
9.26 2.74555
9.27 2.76546
9.28 2.79512
9.29 2.8116
9.3 2.8162
9.31 2.8157
9.32 2.81446
9.33 2.81421
9.34 2.81433
9.35 2.81438
9.36 2.81495
9.37 2.81388
9.38 2.80628
9.39 2.79283
9.4 2.78998
9.41 2.8102
9.42 2.82944
9.43 2.82055
9.44 2.78774
9.45 2.75784
9.46 2.75403
9.47 2.77575
9.48 2.80586
9.49 2.82871
9.5 2.84572
9.51 2.85963
9.52 2.8632
9.53 2.85643
9.54 2.84975
9.55 2.85128
9.56 2.85679
9.57 2.85782
9.58 2.84866
9.59 2.83379
9.6 2.83367
9.61 2.84997
9.62 2.85473
9.63 2.84047
9.64 2.83881
9.65 2.85819
9.66 2.86262
9.67 2.84029
9.68 2.8112
9.69 2.79249
9.7 2.78371
9.71 2.78738
9.72 2.79032
9.73 2.78853
9.74 2.79411
9.75 2.80378
9.76 2.80718
9.77 2.81594
9.78 2.83986
9.79 2.86212
9.8 2.87258
9.81 2.87607
9.82 2.87876
9.83 2.87752
9.84 2.85841
9.85 2.82387
9.86 2.81627
9.87 2.82751
9.88 2.82715
9.89 2.82756
9.9 2.83206
9.91 2.83345
9.92 2.83208
9.93 2.82558
9.94 2.81504
9.95 2.8276
9.96 2.85555
9.97 2.87097
9.98 2.87646
9.99 2.87834
10 2.87679
10.01 2.87317
10.02 2.87132
10.03 2.87221
10.04 2.8726
10.05 2.86928
10.06 2.86083
10.07 2.84659
10.08 2.82645
10.09 2.80163
10.1 2.77616
10.11 2.75854
10.12 2.75801
10.13 2.77257
10.14 2.78653
10.15 2.79061
10.16 2.79315
10.17 2.80148
10.18 2.80616
10.19 2.79257
10.2 2.76452
10.21 2.74472
10.22 2.74547
10.23 2.76112
10.24 2.78124
10.25 2.79632
10.26 2.79824
10.27 2.78511
10.28 2.75831
10.29 2.72526
10.3 2.71458
10.31 2.74178
10.32 2.77735
10.33 2.79992
10.34 2.80981
10.35 2.81118
10.36 2.80712
10.37 2.79943
10.38 2.78795
10.39 2.77178
10.4 2.75309
10.41 2.7381
10.42 2.73509
10.43 2.74652
10.44 2.76003
10.45 2.76269
10.46 2.75523
10.47 2.74584
10.48 2.73349
10.49 2.7143
10.5 2.70482
10.51 2.71438
10.52 2.7353
10.53 2.76842
10.54 2.79932
10.55 2.81357
10.56 2.81027
10.57 2.7869
10.58 2.74068
10.59 2.68845
10.6 2.66295
10.61 2.66846
10.62 2.69387
10.63 2.73745
10.64 2.7753
10.65 2.78981
10.66 2.78608
10.67 2.77697
10.68 2.76791
10.69 2.75579
10.7 2.7454
10.71 2.74872
10.72 2.76589
10.73 2.78705
10.74 2.80385
10.75 2.81323
10.76 2.81605
10.77 2.81393
10.78 2.80739
10.79 2.79575
10.8 2.77826
10.81 2.75747
10.82 2.74302
10.83 2.74305
10.84 2.75526
10.85 2.77265
10.86 2.7877
10.87 2.7994
10.88 2.80861
10.89 2.80929
10.9 2.79007
10.91 2.75255
10.92 2.72415
10.93 2.7459
10.94 2.78095
10.95 2.79197
10.96 2.80031
10.97 2.80295
10.98 2.79971
10.99 2.79895
11 2.80226
11.01 2.81044
11.02 2.82146
11.03 2.82849
11.04 2.83071
11.05 2.83128
11.06 2.82995
11.07 2.82357
11.08 2.80678
11.09 2.77813
11.1 2.75404
11.11 2.75131
11.12 2.75933
11.13 2.76727
11.14 2.7779
11.15 2.79324
11.16 2.80967
11.17 2.82256
11.18 2.82898
11.19 2.82757
11.2 2.81887
11.21 2.80625
11.22 2.79646
11.23 2.79574
11.24 2.8032
11.25 2.81156
11.26 2.81321
11.27 2.80386
11.28 2.78432
11.29 2.76035
11.3 2.7391
11.31 2.72544
11.32 2.7196
11.33 2.72012
11.34 2.72835
11.35 2.74106
11.36 2.7514
11.37 2.76135
11.38 2.77531
11.39 2.78883
11.4 2.79349
11.41 2.78567
11.42 2.76987
11.43 2.75654
11.44 2.75436
11.45 2.76242
11.46 2.77048
11.47 2.76975
11.48 2.76311
11.49 2.76137
11.5 2.76799
11.51 2.77815
11.52 2.78942
11.53 2.79936
11.54 2.80021
11.55 2.78066
11.56 2.74489
11.57 2.74051
11.58 2.76727
11.59 2.78224
11.6 2.7873
11.61 2.78992
11.62 2.79081
11.63 2.79131
11.64 2.79051
11.65 2.78667
11.66 2.78286
11.67 2.78519
11.68 2.79466
11.69 2.8058
11.7 2.81352
11.71 2.81688
11.72 2.81736
11.73 2.81684
11.74 2.8169
11.75 2.81799
11.76 2.81878
11.77 2.81674
11.78 2.80957
11.79 2.79677
11.8 2.78219
11.81 2.77461
11.82 2.77966
11.83 2.79364
11.84 2.80939
11.85 2.82059
11.86 2.82033
11.87 2.80319
11.88 2.77383
11.89 2.75208
11.9 2.7573
11.91 2.78529
11.92 2.81253
11.93 2.82098
11.94 2.81451
11.95 2.81477
11.96 2.83207
11.97 2.85102
11.98 2.85841
11.99 2.855
12 2.84561
12.01 2.83353
12.02 2.8211
12.03 2.81111
12.04 2.80577
12.05 2.80385
12.06 2.80047
12.07 2.79176
12.08 2.78075
12.09 2.77473
12.1 2.77595
12.11 2.78459
12.12 2.79857
12.13 2.80969
12.14 2.81421
12.15 2.81539
12.16 2.81387
12.17 2.80889
12.18 2.80387
12.19 2.80235
12.2 2.80258
12.21 2.79936
12.22 2.78823
12.23 2.76748
12.24 2.74108
12.25 2.72329
12.26 2.73273
12.27 2.76619
12.28 2.8001
12.29 2.81858
12.3 2.81919
12.31 2.80938
12.32 2.80393
12.33 2.80947
12.34 2.81759
12.35 2.81994
12.36 2.81077
12.37 2.76908
12.38 2.67309
12.39 2.67259
12.4 2.74573
12.41 2.77747
12.42 2.79784
12.43 2.8137
12.44 2.81627
12.45 2.80116
12.46 2.77579
12.47 2.75353
12.48 2.73668
12.49 2.72805
12.5 2.74155
12.51 2.77409
12.52 2.80303
12.53 2.81826
12.54 2.82128
12.55 2.81292
12.56 2.79102
12.57 2.7525
12.58 2.70727
12.59 2.70078
12.6 2.74596
12.61 2.78657
12.62 2.79798
12.63 2.7855
12.64 2.75641
12.65 2.72754
12.66 2.7243
12.67 2.74731
12.68 2.77405
12.69 2.79193
12.7 2.80003
12.71 2.80085
12.72 2.7981
12.73 2.79493
12.74 2.79204
12.75 2.78904
12.76 2.78867
12.77 2.79403
12.78 2.80083
12.79 2.80216
12.8 2.79648
12.81 2.78731
12.82 2.77896
12.83 2.77172
12.84 2.76272
12.85 2.75285
12.86 2.74691
12.87 2.74718
12.88 2.7579
12.89 2.78023
12.9 2.80181
12.91 2.81247
12.92 2.81185
12.93 2.79949
12.94 2.77236
12.95 2.74432
12.96 2.73972
12.97 2.74446
12.98 2.73673
12.99 2.71569
13 2.7104
13.01 2.74407
13.02 2.78081
13.03 2.79752
13.04 2.7963
13.05 2.78544
13.06 2.77836
13.07 2.78428
13.08 2.79903
13.09 2.81017
13.1 2.80993
13.11 2.80091
13.12 2.7923
13.13 2.79097
13.14 2.79552
13.15 2.79885
13.16 2.7932
13.17 2.77577
13.18 2.7539
13.19 2.74094
13.2 2.74049
13.21 2.74331
13.22 2.74666
13.23 2.75356
13.24 2.74704
13.25 2.72798
13.26 2.73809
13.27 2.76788
13.28 2.78721
13.29 2.79456
13.3 2.79533
13.31 2.78866
13.32 2.76961
13.33 2.74111
13.34 2.72181
13.35 2.72042
13.36 2.72344
13.37 2.72215
13.38 2.71856
13.39 2.71711
13.4 2.72226
13.41 2.73583
13.42 2.75052
13.43 2.75859
13.44 2.76143
13.45 2.76303
13.46 2.76206
13.47 2.75301
13.48 2.73078
13.49 2.70431
13.5 2.70428
13.51 2.72937
13.52 2.75005
13.53 2.75785
13.54 2.75391
13.55 2.74035
13.56 2.72635
13.57 2.7252
13.58 2.73296
13.59 2.73727
13.6 2.74309
13.61 2.75471
13.62 2.76481
13.63 2.76607
13.64 2.75254
13.65 2.72522
13.66 2.70612
13.67 2.71268
13.68 2.72962
13.69 2.73894
13.7 2.74381
13.71 2.75643
13.72 2.77461
13.73 2.78703
13.74 2.79004
13.75 2.78761
13.76 2.78489
13.77 2.78488
13.78 2.78825
13.79 2.79457
13.8 2.80306
13.81 2.81201
13.82 2.81827
13.83 2.81829
13.84 2.81037
13.85 2.79714
13.86 2.78553
13.87 2.77998
13.88 2.77816
13.89 2.77632
13.9 2.77311
13.91 2.76895
13.92 2.76527
13.93 2.76331
13.94 2.76503
13.95 2.77433
13.96 2.7899
13.97 2.80193
13.98 2.80304
13.99 2.79388
14 2.78277
14.01 2.77835
14.02 2.77475
14.03 2.76678
14.04 2.77137
14.05 2.7945
14.06 2.81608
14.07 2.82605
14.08 2.82764
14.09 2.82469
14.1 2.81785
14.11 2.80525
14.12 2.78489
14.13 2.75881
14.14 2.73641
14.15 2.73073
14.16 2.74489
14.17 2.76691
14.18 2.78415
14.19 2.79257
14.2 2.79302
14.21 2.78857
14.22 2.78281
14.23 2.77664
14.24 2.77037
14.25 2.76681
14.26 2.76786
14.27 2.77237
14.28 2.77718
14.29 2.77584
14.3 2.75549
14.31 2.69767
14.32 2.65184
14.33 2.69031
14.34 2.7308
14.35 2.75116
14.36 2.76617
14.37 2.77942
14.38 2.79134
14.39 2.80164
14.4 2.80904
14.41 2.81196
14.42 2.80922
14.43 2.80044
14.44 2.78721
14.45 2.77426
14.46 2.76748
14.47 2.7682
14.48 2.76982
14.49 2.76187
14.5 2.74191
14.51 2.73117
14.52 2.74191
14.53 2.74075
14.54 2.70866
14.55 2.69562
14.56 2.7097
14.57 2.70481
14.58 2.69911
14.59 2.71726
14.6 2.7457
14.61 2.76233
14.62 2.75712
14.63 2.73195
14.64 2.70218
14.65 2.69304
14.66 2.71697
14.67 2.74433
14.68 2.75366
14.69 2.75013
14.7 2.74354
14.71 2.74136
14.72 2.74635
14.73 2.756
14.74 2.76612
14.75 2.77426
14.76 2.77931
14.77 2.78037
14.78 2.77632
14.79 2.76619
14.8 2.7504
14.81 2.73303
14.82 2.72293
14.83 2.72718
14.84 2.74101
14.85 2.75422
14.86 2.76318
14.87 2.77007
14.88 2.77722
14.89 2.78386
14.9 2.78792
14.91 2.78964
14.92 2.79095
14.93 2.79098
14.94 2.78519
14.95 2.77008
14.96 2.74857
14.97 2.7285
14.98 2.71509
14.99 2.71487
15 2.73295
15.01 2.75773
15.02 2.77656
15.03 2.78934
15.04 2.79839
15.05 2.80213
15.06 2.79712
15.07 2.78071
15.08 2.75377
15.09 2.72484
15.1 2.71
15.11 2.71414
15.12 2.72233
15.13 2.74038
15.14 2.77591
15.15 2.80652
15.16 2.8234
15.17 2.82912
15.18 2.82398
15.19 2.80885
15.2 2.78919
15.21 2.77499
15.22 2.77274
15.23 2.77571
15.24 2.77036
15.25 2.7542
15.26 2.74139
15.27 2.74634
15.28 2.76527
15.29 2.78405
15.3 2.79384
15.31 2.79355
15.32 2.78644
15.33 2.77714
15.34 2.76864
15.35 2.76048
15.36 2.75143
15.37 2.74421
15.38 2.74035
15.39 2.72867
15.4 2.71078
15.41 2.72721
15.42 2.76012
15.43 2.76841
15.44 2.75824
15.45 2.74754
15.46 2.74206
15.47 2.73719
15.48 2.73519
15.49 2.74213
15.5 2.75496
15.51 2.765
15.52 2.76643
15.53 2.75659
15.54 2.73328
15.55 2.6971
15.56 2.66312
15.57 2.66015
15.58 2.69284
15.59 2.73224
15.6 2.75659
15.61 2.76576
15.62 2.76852
15.63 2.77136
15.64 2.77628
15.65 2.78079
15.66 2.77985
15.67 2.77084
15.68 2.75585
15.69 2.74404
15.7 2.74605
15.71 2.75668
15.72 2.75876
15.73 2.74978
15.74 2.74824
15.75 2.75912
15.76 2.76819
15.77 2.76951
15.78 2.76598
15.79 2.76364
15.8 2.76714
15.81 2.7747
15.82 2.78087
15.83 2.78109
15.84 2.76863
15.85 2.73295
15.86 2.69557
15.87 2.70898
15.88 2.73727
15.89 2.74427
15.9 2.73901
15.91 2.72765
15.92 2.70957
15.93 2.70356
15.94 2.73297
15.95 2.76859
15.96 2.78179
15.97 2.7764
15.98 2.7664
15.99 2.76211
16 2.76176
16.01 2.75296
16.02 2.72533
16.03 2.6886
16.04 2.67057
16.05 2.67406
16.06 2.6797
16.07 2.68728
16.08 2.70917
16.09 2.73599
16.1 2.75081
16.11 2.75384
16.12 2.75573
16.13 2.76347
16.14 2.77372
16.15 2.78004
16.16 2.78012
16.17 2.77516
16.18 2.76797
16.19 2.76199
16.2 2.75892
16.21 2.7563
16.22 2.74954
16.23 2.73865
16.24 2.7321
16.25 2.739
16.26 2.75663
16.27 2.77653
16.28 2.79451
16.29 2.80744
16.3 2.81224
16.31 2.80761
16.32 2.79389
16.33 2.77568
16.34 2.76142
16.35 2.75521
16.36 2.75132
16.37 2.7419
16.38 2.73
16.39 2.72463
16.4 2.73333
16.41 2.75545
16.42 2.77995
16.43 2.7967
16.44 2.8018
16.45 2.79697
16.46 2.79019
16.47 2.7909
16.48 2.79965
16.49 2.81022
16.5 2.81871
16.51 2.8253
16.52 2.83184
16.53 2.83978
16.54 2.84919
16.55 2.85865
16.56 2.8658
16.57 2.86857
16.58 2.86684
16.59 2.86305
16.6 2.85906
16.61 2.85162
16.62 2.83152
16.63 2.79117
16.64 2.75608
16.65 2.76423
16.66 2.78679
16.67 2.79863
16.68 2.80426
16.69 2.80956
16.7 2.81514
16.71 2.81716
16.72 2.8126
16.73 2.80425
16.74 2.80428
16.75 2.81585
16.76 2.82524
16.77 2.83276
16.78 2.84241
16.79 2.8492
16.8 2.85068
16.81 2.84954
16.82 2.8485
16.83 2.85004
16.84 2.85749
16.85 2.87004
16.86 2.88003
16.87 2.87813
16.88 2.85839
16.89 2.82614
16.9 2.80488
16.91 2.80784
16.92 2.82167
16.93 2.83379
16.94 2.84
16.95 2.8426
16.96 2.84593
16.97 2.84588
16.98 2.83812
16.99 2.83545
17 2.84401
17.01 2.85018
17.02 2.84486
17.03 2.83076
17.04 2.82083
17.05 2.82533
17.06 2.83831
17.07 2.84803
17.08 2.85145
17.09 2.85415
17.1 2.86135
17.11 2.87053
17.12 2.87523
17.13 2.87128
17.14 2.8569
17.15 2.83193
17.16 2.80164
17.17 2.7816
17.18 2.78857
17.19 2.81707
17.2 2.84506
17.21 2.85641
17.22 2.84712
17.23 2.82783
17.24 2.81581
17.25 2.8202
17.26 2.83567
17.27 2.84392
17.28 2.83884
17.29 2.82698
17.3 2.8114
17.31 2.79501
17.32 2.78632
17.33 2.78378
17.34 2.78243
17.35 2.78971
17.36 2.81027
17.37 2.83398
17.38 2.84905
17.39 2.8518
17.4 2.84518
17.41 2.83719
17.42 2.83527
17.43 2.83879
17.44 2.842
17.45 2.84173
17.46 2.83963
17.47 2.84026
17.48 2.8471
17.49 2.85808
17.5 2.86723
17.51 2.87063
17.52 2.8684
17.53 2.86176
17.54 2.84805
17.55 2.82016
17.56 2.78147
17.57 2.75793
17.58 2.76115
17.59 2.77724
17.6 2.79171
17.61 2.79863
17.62 2.80194
17.63 2.7991
17.64 2.77916
17.65 2.74765
17.66 2.73206
17.67 2.74845
17.68 2.78158
17.69 2.81106
17.7 2.82924
17.71 2.83621
17.72 2.83347
17.73 2.82192
17.74 2.80318
17.75 2.78159
17.76 2.76354
17.77 2.75444
17.78 2.75613
17.79 2.76508
17.8 2.77376
17.81 2.77344
17.82 2.75987
17.83 2.73801
17.84 2.71687
17.85 2.71009
17.86 2.73256
17.87 2.76992
17.88 2.79624
17.89 2.80706
17.9 2.80984
17.91 2.81182
17.92 2.81477
17.93 2.81534
17.94 2.81002
17.95 2.79803
17.96 2.78619
17.97 2.79363
17.98 2.82099
17.99 2.84426
18 2.85203
18.01 2.84371
18.02 2.81996
18.03 2.78604
18.04 2.75407
18.05 2.73697
18.06 2.74194
18.07 2.76489
18.08 2.79276
18.09 2.81437
18.1 2.82521
18.11 2.82527
18.12 2.81809
18.13 2.81083
18.14 2.80933
18.15 2.81245
18.16 2.81455
18.17 2.81212
18.18 2.80911
18.19 2.81304
18.2 2.82286
18.21 2.82834
18.22 2.82178
18.23 2.80525
18.24 2.78942
18.25 2.78212
18.26 2.77728
18.27 2.77485
18.28 2.79175
18.29 2.81022
18.3 2.80737
18.31 2.78991
18.32 2.77863
18.33 2.78873
18.34 2.81256
18.35 2.83519
18.36 2.85106
18.37 2.85992
18.38 2.86055
18.39 2.84813
18.4 2.81192
18.41 2.74845
18.42 2.70976
18.43 2.72125
18.44 2.74466
18.45 2.7712
18.46 2.79285
18.47 2.80688
18.48 2.81702
18.49 2.8249
18.5 2.82936
18.51 2.82966
18.52 2.82835
18.53 2.8293
18.54 2.833
18.55 2.83654
18.56 2.83723
18.57 2.8333
18.58 2.82244
18.59 2.80178
18.6 2.77544
18.61 2.76527
18.62 2.77973
18.63 2.79482
18.64 2.79632
18.65 2.7879
18.66 2.77866
18.67 2.77283
18.68 2.76853
18.69 2.76623
18.7 2.76775
18.71 2.7743
18.72 2.78388
18.73 2.7911
18.74 2.79349
18.75 2.79285
18.76 2.7903
18.77 2.78243
18.78 2.76752
18.79 2.75735
18.8 2.76373
18.81 2.77054
18.82 2.75687
18.83 2.73475
18.84 2.73227
18.85 2.74329
18.86 2.75427
18.87 2.76904
18.88 2.78535
18.89 2.79352
18.9 2.78951
18.91 2.7746
18.92 2.75132
18.93 2.72569
18.94 2.70904
18.95 2.7093
18.96 2.71999
18.97 2.73106
18.98 2.74123
18.99 2.75334
19 2.76645
19.01 2.77537
19.02 2.77356
19.03 2.75335
19.04 2.70784
19.05 2.66037
19.06 2.66644
19.07 2.70418
19.08 2.73631
19.09 2.75978
19.1 2.77373
19.11 2.77826
19.12 2.77547
19.13 2.76781
19.14 2.75736
19.15 2.74581
19.16 2.73492
19.17 2.72649
19.18 2.72076
19.19 2.71353
19.2 2.69893
19.21 2.6869
19.22 2.6923
19.23 2.69648
19.24 2.68616
19.25 2.67788
19.26 2.68898
19.27 2.70379
19.28 2.70403
19.29 2.69735
19.3 2.70147
19.31 2.71733
19.32 2.73022
19.33 2.73396
19.34 2.73301
19.35 2.7329
19.36 2.73534
19.37 2.73756
19.38 2.73387
19.39 2.71932
19.4 2.69663
19.41 2.67883
19.42 2.6744
19.43 2.68361
19.44 2.70406
19.45 2.7265
19.46 2.74405
19.47 2.75659
19.48 2.76599
19.49 2.77357
19.5 2.78
19.51 2.78533
19.52 2.78902
19.53 2.78969
19.54 2.78483
19.55 2.77093
19.56 2.7451
19.57 2.71022
19.58 2.67981
19.59 2.66914
19.6 2.67969
19.61 2.70208
19.62 2.7254
19.63 2.74092
19.64 2.7467
19.65 2.75007
19.66 2.7626
19.67 2.7853
19.68 2.80275
19.69 2.79761
19.7 2.76609
19.71 2.7336
19.72 2.72655
19.73 2.73926
19.74 2.76028
19.75 2.7745
19.76 2.77285
19.77 2.75933
19.78 2.73923
19.79 2.71532
19.8 2.7013
19.81 2.7136
19.82 2.74386
19.83 2.77114
19.84 2.78647
19.85 2.79181
19.86 2.79137
19.87 2.78743
19.88 2.77994
19.89 2.76975
19.9 2.76015
19.91 2.75315
19.92 2.74733
19.93 2.7416
19.94 2.73825
19.95 2.73774
19.96 2.73485
19.97 2.72503
19.98 2.71028
19.99 2.69604
20 2.68682
20.01 2.68562
20.02 2.69462
20.03 2.71411
20.04 2.73726
20.05 2.754
20.06 2.75986
20.07 2.75636
20.08 2.74878
20.09 2.74381
20.1 2.74308
20.11 2.74117
20.12 2.73495
20.13 2.72927
20.14 2.72528
20.15 2.71251
20.16 2.68835
20.17 2.67092
20.18 2.66661
20.19 2.66075
20.2 2.65715
20.21 2.67554
20.22 2.71085
20.23 2.73426
20.24 2.72716
20.25 2.69832
20.26 2.6946
20.27 2.71312
20.28 2.70763
20.29 2.68061
20.3 2.66807
20.31 2.67515
20.32 2.6836
20.33 2.6939
20.34 2.70826
20.35 2.72276
20.36 2.73038
20.37 2.7283
20.38 2.72588
20.39 2.73889
20.4 2.76194
20.41 2.77772
20.42 2.7818
20.43 2.77951
20.44 2.77695
20.45 2.77253
20.46 2.76059
20.47 2.74795
20.48 2.74585
20.49 2.74986
20.5 2.75291
20.51 2.75252
20.52 2.74725
20.53 2.74108
20.54 2.74363
20.55 2.75666
20.56 2.76974
20.57 2.77271
20.58 2.7635
20.59 2.74687
20.6 2.72971
20.61 2.71802
20.62 2.71564
20.63 2.72273
20.64 2.74313
20.65 2.77553
20.66 2.80243
20.67 2.81515
20.68 2.81945
20.69 2.82193
20.7 2.82227
20.71 2.81426
20.72 2.79249
20.73 2.76222
20.74 2.74035
20.75 2.74186
20.76 2.7615
20.77 2.76618
20.78 2.75177
20.79 2.77672
20.8 2.81412
20.81 2.82322
20.82 2.82175
20.83 2.82537
20.84 2.83042
20.85 2.8241
20.86 2.80293
20.87 2.78111
20.88 2.77578
20.89 2.80186
20.9 2.84339
20.91 2.86315
20.92 2.85148
20.93 2.81642
20.94 2.77116
20.95 2.72956
20.96 2.70582
20.97 2.71527
20.98 2.74462
20.99 2.76558
21 2.77931
21.01 2.79601
21.02 2.81549
21.03 2.83218
21.04 2.84383
21.05 2.85126
21.06 2.85517
21.07 2.85514
21.08 2.8503
21.09 2.84033
21.1 2.82547
21.11 2.80537
21.12 2.78027
21.13 2.75485
21.14 2.73746
21.15 2.73238
21.16 2.73179
21.17 2.73331
21.18 2.75397
21.19 2.78755
21.2 2.81402
21.21 2.82878
21.22 2.83375
21.23 2.83131
21.24 2.82456
21.25 2.81709
21.26 2.81115
21.27 2.8059
21.28 2.79866
21.29 2.789
21.3 2.78083
21.31 2.77861
21.32 2.7815
21.33 2.78382
21.34 2.78168
21.35 2.77647
21.36 2.77227
21.37 2.77239
21.38 2.77814
21.39 2.78824
21.4 2.7993
21.41 2.80774
21.42 2.81162
21.43 2.81118
21.44 2.80774
21.45 2.80191
21.46 2.79296
21.47 2.78063
21.48 2.76749
21.49 2.75869
21.5 2.75839
21.51 2.76547
21.52 2.77263
21.53 2.76974
21.54 2.74852
21.55 2.71187
21.56 2.6889
21.57 2.7052
21.58 2.73898
21.59 2.76407
21.6 2.7787
21.61 2.78727
21.62 2.7893
21.63 2.78425
21.64 2.77713
21.65 2.7742
21.66 2.77505
21.67 2.77348
21.68 2.76541
21.69 2.75371
21.7 2.74395
21.71 2.73911
21.72 2.74314
21.73 2.75567
21.74 2.76872
21.75 2.7748
21.76 2.77007
21.77 2.7565
21.78 2.74194
21.79 2.73594
21.8 2.74746
21.81 2.76867
21.82 2.78151
21.83 2.78012
21.84 2.76939
21.85 2.75675
21.86 2.74796
21.87 2.7455
21.88 2.74949
21.89 2.75737
21.9 2.76251
21.91 2.75884
21.92 2.74602
21.93 2.72264
21.94 2.66339
21.95 2.61603
21.96 2.70159
21.97 2.76936
21.98 2.79035
21.99 2.79517
22 2.79457
22.01 2.78935
22.02 2.77572
22.03 2.74882
22.04 2.71019
22.05 2.68166
22.06 2.69206
22.07 2.73389
22.08 2.77557
22.09 2.8002
22.1 2.80737
22.11 2.80291
22.12 2.79278
22.13 2.77893
22.14 2.76071
22.15 2.74499
22.16 2.74432
22.17 2.75683
22.18 2.76753
22.19 2.76802
22.2 2.76241
22.21 2.75778
22.22 2.75317
22.23 2.74416
22.24 2.73154
22.25 2.71892
22.26 2.71459
22.27 2.7289
22.28 2.75587
22.29 2.77917
22.3 2.79262
22.31 2.79893
22.32 2.80115
22.33 2.79995
22.34 2.79523
22.35 2.78751
22.36 2.77777
22.37 2.76636
22.38 2.75263
22.39 2.73753
22.4 2.72954
22.41 2.73788
22.42 2.75501
22.43 2.76839
22.44 2.77493
22.45 2.77587
22.46 2.77263
22.47 2.76708
22.48 2.76037
22.49 2.75223
22.5 2.74794
22.51 2.75637
22.52 2.77106
22.53 2.77913
22.54 2.77724
22.55 2.76639
22.56 2.74823
22.57 2.73045
22.58 2.72489
22.59 2.73075
22.6 2.73699
22.61 2.73892
22.62 2.73867
22.63 2.7403
22.64 2.74828
22.65 2.7608
22.66 2.76756
22.67 2.75946
22.68 2.73549
22.69 2.71867
22.7 2.74142
22.71 2.77822
22.72 2.79718
22.73 2.80048
22.74 2.79605
22.75 2.78749
22.76 2.77501
22.77 2.75755
22.78 2.73487
22.79 2.71307
22.8 2.70679
22.81 2.71337
22.82 2.72501
22.83 2.74622
22.84 2.75909
22.85 2.74728
22.86 2.72285
22.87 2.71452
22.88 2.71619
22.89 2.7046
22.9 2.70588
22.91 2.73132
22.92 2.74348
22.93 2.73579
22.94 2.72876
22.95 2.73631
22.96 2.75211
22.97 2.76433
22.98 2.76546
22.99 2.75589
23 2.74131
23.01 2.72844
23.02 2.72082
23.03 2.71837
23.04 2.71871
23.05 2.72179
23.06 2.7316
23.07 2.74264
23.08 2.7452
23.09 2.73903
23.1 2.73119
23.11 2.73417
23.12 2.75379
23.13 2.77765
23.14 2.79282
23.15 2.79675
23.16 2.79249
23.17 2.78638
23.18 2.78501
23.19 2.78851
23.2 2.79044
23.21 2.78516
23.22 2.77232
23.23 2.75548
23.24 2.73871
23.25 2.72536
23.26 2.71328
23.27 2.68993
23.28 2.65688
23.29 2.65669
23.3 2.70811
23.31 2.76308
23.32 2.78647
23.33 2.78032
23.34 2.77393
23.35 2.7818
23.36 2.78391
23.37 2.77421
23.38 2.7636
23.39 2.76122
23.4 2.76898
23.41 2.78276
23.42 2.79492
23.43 2.80039
23.44 2.80354
23.45 2.81091
23.46 2.81501
23.47 2.80104
23.48 2.76734
23.49 2.73029
23.5 2.70752
23.51 2.70727
23.52 2.71583
23.53 2.72479
23.54 2.73926
23.55 2.7509
23.56 2.76061
23.57 2.78225
23.58 2.80502
23.59 2.81381
23.6 2.80849
23.61 2.7964
23.62 2.78852
23.63 2.79054
23.64 2.79368
23.65 2.78157
23.66 2.7526
23.67 2.74839
23.68 2.77672
23.69 2.7913
23.7 2.78068
23.71 2.75171
23.72 2.72004
23.73 2.71248
23.74 2.73416
23.75 2.76128
23.76 2.78012
23.77 2.79163
23.78 2.79775
23.79 2.79869
23.8 2.79558
23.81 2.79065
23.82 2.78395
23.83 2.7731
23.84 2.75813
23.85 2.74287
23.86 2.73118
23.87 2.72729
23.88 2.7374
23.89 2.75889
23.9 2.76974
23.91 2.74913
23.92 2.71729
23.93 2.72528
23.94 2.75144
23.95 2.7618
23.96 2.76222
23.97 2.76236
23.98 2.7667
23.99 2.77563
24 2.78456
24.01 2.78893
24.02 2.78927
24.03 2.78909
24.04 2.791
24.05 2.79489
24.06 2.79841
24.07 2.7976
24.08 2.7864
24.09 2.75726
24.1 2.71262
24.11 2.67949
24.12 2.67323
24.13 2.67898
24.14 2.69385
24.15 2.71438
24.16 2.7277
24.17 2.73461
24.18 2.74022
24.19 2.74066
24.2 2.73564
24.21 2.73458
24.22 2.74251
24.23 2.75586
24.24 2.76951
24.25 2.77897
24.26 2.78278
24.27 2.78293
24.28 2.78189
24.29 2.78038
24.3 2.77707
24.31 2.76909
24.32 2.75333
24.33 2.73009
24.34 2.70836
24.35 2.7047
24.36 2.72734
24.37 2.75878
24.38 2.77859
24.39 2.78488
24.4 2.78347
24.41 2.77884
24.42 2.77252
24.43 2.76447
24.44 2.75597
24.45 2.75063
24.46 2.75129
24.47 2.7566
24.48 2.76124
24.49 2.76002
24.5 2.75367
24.51 2.75048
24.52 2.75691
24.53 2.76842
24.54 2.77524
24.55 2.77244
24.56 2.76177
24.57 2.75004
24.58 2.74553
24.59 2.75114
24.6 2.76192
24.61 2.77015
24.62 2.77207
24.63 2.7697
24.64 2.76821
24.65 2.77194
24.66 2.78107
24.67 2.79132
24.68 2.79763
24.69 2.7973
24.7 2.7902
24.71 2.77848
24.72 2.76701
24.73 2.76146
24.74 2.7628
24.75 2.76796
24.76 2.77356
24.77 2.77282
24.78 2.7598
24.79 2.73898
24.8 2.72537
24.81 2.73074
24.82 2.75122
24.83 2.77521
24.84 2.79304
24.85 2.80052
24.86 2.79836
24.87 2.78886
24.88 2.77462
24.89 2.75961
24.9 2.74974
24.91 2.74827
24.92 2.75041
24.93 2.74879
24.94 2.74583
24.95 2.75461
24.96 2.77693
24.97 2.79793
24.98 2.80872
24.99 2.81117
25 2.80937
25.01 2.8051
25.02 2.79909
25.03 2.79358
25.04 2.79182
25.05 2.79513
25.06 2.80187
25.07 2.80878
25.08 2.81233
25.09 2.80909
25.1 2.79696
25.11 2.78003
25.12 2.76947
25.13 2.7691
25.14 2.77107
25.15 2.76913
25.16 2.76235
25.17 2.75259
25.18 2.74469
25.19 2.74529
25.2 2.75744
25.21 2.77773
25.22 2.79972
25.23 2.81827
25.24 2.83033
25.25 2.83297
25.26 2.82112
25.27 2.78856
25.28 2.74
25.29 2.70748
25.3 2.72072
25.31 2.76083
25.32 2.79289
25.33 2.80679
25.34 2.81014
25.35 2.81149
25.36 2.81331
25.37 2.8132
25.38 2.80795
25.39 2.7977
25.4 2.78931
25.41 2.78388
25.42 2.77086
25.43 2.75615
25.44 2.75063
25.45 2.75577
25.46 2.76955
25.47 2.78131
25.48 2.78611
25.49 2.7889
25.5 2.79651
25.51 2.81035
25.52 2.82468
25.53 2.83296
25.54 2.83366
25.55 2.8303
25.56 2.82779
25.57 2.82897
25.58 2.83339
25.59 2.83593
25.6 2.82628
25.61 2.80028
25.62 2.77068
25.63 2.74938
25.64 2.74428
25.65 2.75874
25.66 2.77327
25.67 2.77823
25.68 2.79297
25.69 2.81291
25.7 2.82308
25.71 2.82081
25.72 2.80722
25.73 2.79243
25.74 2.79353
25.75 2.80646
25.76 2.8131
25.77 2.8046
25.78 2.78765
25.79 2.78318
25.8 2.80023
25.81 2.82505
25.82 2.84543
25.83 2.85754
25.84 2.8625
25.85 2.86253
25.86 2.85761
25.87 2.84572
25.88 2.82599
25.89 2.80064
25.9 2.77521
25.91 2.76481
25.92 2.77958
25.93 2.80127
25.94 2.81423
25.95 2.82768
25.96 2.84568
25.97 2.8559
25.98 2.85378
25.99 2.84169
26 2.82128
26.01 2.79614
26.02 2.77469
26.03 2.76599
26.04 2.77189
26.05 2.78395
26.06 2.78834
26.07 2.77906
26.08 2.76903
26.09 2.77241
26.1 2.78646
26.11 2.80244
26.12 2.81459
26.13 2.8201
26.14 2.81969
26.15 2.81795
26.16 2.81625
26.17 2.8098
26.18 2.79695
26.19 2.78664
26.2 2.78837
26.21 2.79816
26.22 2.80365
26.23 2.79962
26.24 2.79401
26.25 2.79497
26.26 2.79689
26.27 2.78619
26.28 2.7614
26.29 2.75268
26.3 2.78043
26.31 2.81076
26.32 2.82172
26.33 2.82091
26.34 2.81225
26.35 2.79082
26.36 2.77853
26.37 2.79511
26.38 2.81385
26.39 2.81947
26.4 2.81629
26.41 2.81191
26.42 2.80353
26.43 2.78886
26.44 2.7987
26.45 2.82892
26.46 2.84169
26.47 2.83678
26.48 2.83176
26.49 2.83933
26.5 2.85748
26.51 2.87572
26.52 2.88564
26.53 2.88115
26.54 2.85725
26.55 2.81548
26.56 2.76569
26.57 2.72866
26.58 2.73799
26.59 2.77133
26.6 2.79544
26.61 2.81102
26.62 2.83277
26.63 2.85943
26.64 2.87457
26.65 2.87597
26.66 2.86939
26.67 2.8601
26.68 2.85313
26.69 2.85296
26.7 2.85967
26.71 2.86865
26.72 2.87423
26.73 2.87016
26.74 2.84965
26.75 2.81137
26.76 2.77216
26.77 2.75578
26.78 2.75785
26.79 2.76453
26.8 2.77471
26.81 2.78654
26.82 2.79688
26.83 2.80712
26.84 2.82007
26.85 2.83431
26.86 2.84643
26.87 2.85567
26.88 2.86259
26.89 2.86693
26.9 2.8683
26.91 2.86693
26.92 2.86381
26.93 2.86016
26.94 2.85554
26.95 2.84704
26.96 2.83415
26.97 2.82533
26.98 2.8274
26.99 2.83408
27 2.84044
27.01 2.84705
27.02 2.85248
27.03 2.8539
27.04 2.84936
27.05 2.83849
27.06 2.82522
27.07 2.81607
27.08 2.81086
27.09 2.80582
27.1 2.80179
27.11 2.79866
27.12 2.79788
27.13 2.80523
27.14 2.82016
27.15 2.83531
27.16 2.84508
27.17 2.84672
27.18 2.83795
27.19 2.81944
27.2 2.80116
27.21 2.79343
27.22 2.79065
27.23 2.78529
27.24 2.77853
27.25 2.77401
27.26 2.77544
27.27 2.78132
27.28 2.78478
27.29 2.78773
27.3 2.79848
27.31 2.81109
27.32 2.80664
27.33 2.77718
27.34 2.74684
27.35 2.74667
27.36 2.77422
27.37 2.80302
27.38 2.8148
27.39 2.80932
27.4 2.79059
27.41 2.77447
27.42 2.78385
27.43 2.80034
27.44 2.80299
27.45 2.80163
27.46 2.80623
27.47 2.81268
27.48 2.81399
27.49 2.80632
27.5 2.78746
27.51 2.78286
27.52 2.80476
27.53 2.82326
27.54 2.82994
27.55 2.83208
27.56 2.83803
27.57 2.8523
27.58 2.86882
27.59 2.87883
27.6 2.88013
27.61 2.87581
27.62 2.86987
27.63 2.86434
27.64 2.85797
27.65 2.84631
27.66 2.82415
27.67 2.79229
27.68 2.76693
27.69 2.76938
27.7 2.79496
27.71 2.81898
27.72 2.82593
27.73 2.81358
27.74 2.79062
27.75 2.76964
27.76 2.74822
27.77 2.72713
27.78 2.71359
27.79 2.71784
27.8 2.75316
27.81 2.78839
27.82 2.81039
27.83 2.82486
27.84 2.83364
27.85 2.83674
27.86 2.83503
27.87 2.82881
27.88 2.81772
27.89 2.80051
27.9 2.77648
27.91 2.76279
27.92 2.78204
27.93 2.8193
27.94 2.84538
27.95 2.85377
27.96 2.84842
27.97 2.82956
27.98 2.79469
27.99 2.7554
28 2.74457
28.01 2.76538
28.02 2.78452
28.03 2.78996
28.04 2.79011
28.05 2.7918
28.06 2.79587
28.07 2.80141
28.08 2.80831
28.09 2.81616
28.1 2.82361
28.11 2.82874
28.12 2.82852
28.13 2.81956
28.14 2.80183
28.15 2.7838
28.16 2.77653
28.17 2.77288
28.18 2.75406
28.19 2.73249
28.2 2.74908
28.21 2.79309
28.22 2.82166
28.23 2.82697
28.24 2.82025
28.25 2.81168
28.26 2.80588
28.27 2.80005
28.28 2.7849
28.29 2.75061
28.3 2.73035
28.31 2.77149
28.32 2.81335
28.33 2.82698
28.34 2.82752
28.35 2.82316
28.36 2.81432
28.37 2.80073
28.38 2.79102
28.39 2.79848
28.4 2.81676
28.41 2.83024
28.42 2.83514
28.43 2.83472
28.44 2.83309
28.45 2.83412
28.46 2.83946
28.47 2.8465
28.48 2.85037
28.49 2.84658
28.5 2.83142
28.51 2.8015
28.52 2.74718
28.53 2.68055
28.54 2.69988
28.55 2.75128
28.56 2.76267
28.57 2.75241
28.58 2.74309
28.59 2.75295
28.6 2.77849
28.61 2.80071
28.62 2.80786
28.63 2.7991
28.64 2.78113
28.65 2.76806
28.66 2.7722
28.67 2.78954
28.68 2.8073
28.69 2.8184
28.7 2.82171
28.71 2.81781
28.72 2.80735
28.73 2.79164
28.74 2.77513
28.75 2.76674
28.76 2.76958
28.77 2.77331
28.78 2.76575
28.79 2.74161
28.8 2.71032
28.81 2.68409
28.82 2.67779
28.83 2.71724
28.84 2.76287
28.85 2.7993
28.86 2.82698
28.87 2.8419
28.88 2.84532
28.89 2.84154
28.9 2.8352
28.91 2.83044
28.92 2.83012
28.93 2.83467
28.94 2.84182
28.95 2.84688
28.96 2.84288
28.97 2.82373
28.98 2.80006
28.99 2.8021
29 2.82153
29.01 2.82166
29.02 2.79565
29.03 2.76739
29.04 2.76723
29.05 2.78489
29.06 2.79586
29.07 2.80084
29.08 2.80599
29.09 2.80722
29.1 2.80299
29.11 2.80271
29.12 2.81181
29.13 2.82212
29.14 2.82767
29.15 2.82905
29.16 2.82743
29.17 2.82448
29.18 2.82334
29.19 2.82614
29.2 2.83054
29.21 2.83252
29.22 2.83225
29.23 2.82859
29.24 2.81563
29.25 2.79963
29.26 2.79201
29.27 2.77499
29.28 2.73173
29.29 2.6845
29.3 2.6817
29.31 2.74032
29.32 2.79466
29.33 2.81302
29.34 2.81238
29.35 2.80333
29.36 2.78536
29.37 2.76519
29.38 2.75925
29.39 2.76727
29.4 2.76756
29.41 2.75775
29.42 2.76231
29.43 2.77998
29.44 2.79109
29.45 2.7912
29.46 2.78314
29.47 2.76951
29.48 2.7558
29.49 2.7516
29.5 2.75353
29.51 2.74834
29.52 2.74
29.53 2.74281
29.54 2.75117
29.55 2.74999
29.56 2.74543
29.57 2.758
29.58 2.78094
29.59 2.7962
29.6 2.79717
29.61 2.7833
29.62 2.7601
29.63 2.73472
29.64 2.72037
29.65 2.73026
29.66 2.75461
29.67 2.77603
29.68 2.79046
29.69 2.79916
29.7 2.80106
29.71 2.79595
29.72 2.79095
29.73 2.79504
29.74 2.80367
29.75 2.80666
29.76 2.80259
29.77 2.79568
29.78 2.78917
29.79 2.78373
29.8 2.78063
29.81 2.77761
29.82 2.76607
29.83 2.76116
29.84 2.78107
29.85 2.79746
29.86 2.79417
29.87 2.78278
29.88 2.77313
29.89 2.76909
29.9 2.78111
29.91 2.80046
29.92 2.80784
29.93 2.80605
29.94 2.80626
29.95 2.8101
29.96 2.80847
29.97 2.79578
29.98 2.78212
29.99 2.77916
30 2.7828
30.01 2.78263
30.02 2.77333
30.03 2.75896
30.04 2.75144
30.05 2.75474
30.06 2.76143
30.07 2.76969
30.08 2.77761
30.09 2.78135
30.1 2.78799
30.11 2.79686
30.12 2.79796
30.13 2.7911
30.14 2.78115
30.15 2.77237
30.16 2.76869
30.17 2.77317
30.18 2.78436
30.19 2.79598
30.2 2.80331
30.21 2.80551
30.22 2.80321
30.23 2.79656
30.24 2.78532
30.25 2.77119
30.26 2.75957
30.27 2.75586
30.28 2.76076
30.29 2.77109
30.3 2.78271
30.31 2.7923
30.32 2.79809
30.33 2.79954
30.34 2.79694
30.35 2.7912
30.36 2.78267
30.37 2.76945
30.38 2.74816
30.39 2.71568
30.4 2.67549
30.41 2.66516
30.42 2.71111
30.43 2.75755
30.44 2.77994
30.45 2.79131
30.46 2.80053
30.47 2.80809
30.48 2.81085
30.49 2.80662
30.5 2.79699
30.51 2.78773
30.52 2.78433
30.53 2.78588
30.54 2.78625
30.55 2.78144
30.56 2.77497
30.57 2.77565
30.58 2.78542
30.59 2.79621
30.6 2.80119
30.61 2.79928
30.62 2.79248
30.63 2.78408
30.64 2.77712
30.65 2.7716
30.66 2.76436
30.67 2.75564
30.68 2.75281
30.69 2.75754
30.7 2.76231
30.71 2.76608
30.72 2.77337
30.73 2.78333
30.74 2.79153
30.75 2.79598
30.76 2.79698
30.77 2.79511
30.78 2.79042
30.79 2.78254
30.8 2.77143
30.81 2.75856
30.82 2.74761
30.83 2.74073
30.84 2.73201
30.85 2.71281
30.86 2.68569
30.87 2.6663
30.88 2.66538
30.89 2.68263
30.9 2.71288
30.91 2.73939
30.92 2.75492
30.93 2.76386
30.94 2.76482
30.95 2.75789
30.96 2.7519
30.97 2.75445
30.98 2.76407
30.99 2.77542
31 2.78351
31.01 2.78247
31.02 2.76721
31.03 2.73928
31.04 2.71298
31.05 2.7064
31.06 2.72081
31.07 2.74311
31.08 2.76313
31.09 2.77848
31.1 2.79058
31.11 2.80035
31.12 2.80693
31.13 2.80828
31.14 2.80135
31.15 2.78282
31.16 2.75937
31.17 2.75323
31.18 2.76522
31.19 2.77458
31.2 2.77421
31.21 2.76336
31.22 2.74504
31.23 2.73368
31.24 2.74213
31.25 2.76272
31.26 2.77946
31.27 2.7855
31.28 2.78204
31.29 2.77325
31.3 2.76424
31.31 2.75989
31.32 2.76298
31.33 2.77374
31.34 2.78977
31.35 2.80461
31.36 2.80991
31.37 2.80174
31.38 2.78556
31.39 2.77385
31.4 2.77654
31.41 2.79214
31.42 2.809
31.43 2.81877
31.44 2.81927
31.45 2.80893
31.46 2.78281
31.47 2.74333
31.48 2.73045
31.49 2.75103
31.5 2.75059
31.51 2.72259
31.52 2.71994
31.53 2.7454
31.54 2.75893
31.55 2.76001
31.56 2.76447
31.57 2.77608
31.58 2.78537
31.59 2.79048
31.6 2.79348
31.61 2.79311
31.62 2.79045
31.63 2.79298
31.64 2.80306
31.65 2.81059
31.66 2.80918
31.67 2.80943
31.68 2.82111
31.69 2.83536
31.7 2.84267
31.71 2.8415
31.72 2.83209
31.73 2.81609
31.74 2.79889
31.75 2.78708
31.76 2.78337
31.77 2.7866
31.78 2.79428
31.79 2.80597
31.8 2.82002
31.81 2.83031
31.82 2.83222
31.83 2.82988
31.84 2.83352
31.85 2.84407
31.86 2.85252
31.87 2.85362
31.88 2.84788
31.89 2.8379
31.9 2.82671
31.91 2.81683
31.92 2.80709
31.93 2.78899
31.94 2.76089
31.95 2.75131
31.96 2.76532
31.97 2.77137
31.98 2.76641
31.99 2.77238
32 2.79187
32.01 2.8042
32.02 2.79953
32.03 2.79015
32.04 2.78891
32.05 2.79398
32.06 2.80476
32.07 2.81951
32.08 2.8331
32.09 2.84255
32.1 2.84558
32.11 2.84057
32.12 2.83002
32.13 2.81829
32.14 2.80526
32.15 2.79467
32.16 2.79237
32.17 2.7966
32.18 2.80253
32.19 2.79611
32.2 2.76839
32.21 2.74802
32.22 2.75792
32.23 2.77715
32.24 2.79598
32.25 2.81216
32.26 2.82155
32.27 2.82352
32.28 2.8217
32.29 2.82466
32.3 2.83744
32.31 2.85156
32.32 2.8561
32.33 2.84805
32.34 2.83307
32.35 2.82298
32.36 2.82331
32.37 2.82882
32.38 2.83461
32.39 2.83965
32.4 2.84333
32.41 2.84316
32.42 2.83452
32.43 2.81333
32.44 2.78402
32.45 2.76584
32.46 2.76429
32.47 2.75754
32.48 2.74893
32.49 2.75738
32.5 2.78243
32.51 2.81041
32.52 2.82927
32.53 2.83765
32.54 2.83844
32.55 2.83257
32.56 2.81765
32.57 2.78949
32.58 2.75553
32.59 2.74684
32.6 2.76056
32.61 2.76687
32.62 2.76254
32.63 2.74712
32.64 2.73297
32.65 2.73418
32.66 2.73326
32.67 2.7354
32.68 2.76222
32.69 2.78791
32.7 2.79697
32.71 2.79664
32.72 2.79585
32.73 2.80065
32.74 2.80996
32.75 2.81758
32.76 2.81817
32.77 2.80824
32.78 2.78609
32.79 2.75537
32.8 2.72966
32.81 2.72648
32.82 2.7453
32.83 2.76672
32.84 2.77894
32.85 2.78513
32.86 2.79265
32.87 2.80377
32.88 2.81557
32.89 2.82434
32.9 2.82744
32.91 2.82258
32.92 2.80735
32.93 2.78282
32.94 2.75987
32.95 2.75154
32.96 2.75439
32.97 2.75506
32.98 2.75457
32.99 2.75981
33 2.75392
33.01 2.72239
33.02 2.71102
33.03 2.74039
33.04 2.76046
33.05 2.76157
33.06 2.75432
33.07 2.74876
33.08 2.75001
33.09 2.75113
33.1 2.74544
33.11 2.73722
33.12 2.73948
33.13 2.75859
33.14 2.77956
33.15 2.78693
33.16 2.77821
33.17 2.75708
33.18 2.73036
33.19 2.71326
33.2 2.71568
33.21 2.71874
33.22 2.71045
33.23 2.70467
33.24 2.71747
33.25 2.74647
33.26 2.77708
33.27 2.79835
33.28 2.80611
33.29 2.79886
33.3 2.77629
33.31 2.74484
33.32 2.72253
33.33 2.72095
33.34 2.72378
33.35 2.71943
33.36 2.73066
33.37 2.75793
33.38 2.77761
33.39 2.78645
33.4 2.79136
33.41 2.79462
33.42 2.79413
33.43 2.78935
33.44 2.78279
33.45 2.77712
33.46 2.77275
33.47 2.76792
33.48 2.76083
33.49 2.75341
33.5 2.75258
33.51 2.76078
33.52 2.77021
33.53 2.77695
33.54 2.78792
33.55 2.80509
33.56 2.82098
33.57 2.82989
33.58 2.82876
33.59 2.81375
33.6 2.78443
33.61 2.75769
33.62 2.75987
33.63 2.78546
33.64 2.80808
33.65 2.81521
33.66 2.80893
33.67 2.79788
33.68 2.78876
33.69 2.78319
33.7 2.78286
33.71 2.78926
33.72 2.79906
33.73 2.80627
33.74 2.80791
33.75 2.80606
33.76 2.80458
33.77 2.80451
33.78 2.80446
33.79 2.80527
33.8 2.81209
33.81 2.82691
33.82 2.84323
33.83 2.85381
33.84 2.85578
33.85 2.84827
33.86 2.8306
33.87 2.8029
33.88 2.76732
33.89 2.72817
33.9 2.69341
33.91 2.68132
33.92 2.71489
33.93 2.77344
33.94 2.81375
33.95 2.83459
33.96 2.84977
33.97 2.85956
33.98 2.85946
33.99 2.85151
34 2.84147
34.01 2.82816
34.02 2.80309
34.03 2.77469
34.04 2.77201
34.05 2.78257
34.06 2.77905
34.07 2.76532
34.08 2.75037
34.09 2.73369
34.1 2.71627
34.11 2.71725
34.12 2.76868
34.13 2.83281
34.14 2.86596
34.15 2.8761
34.16 2.87494
34.17 2.86831
34.18 2.86132
34.19 2.85759
34.2 2.85604
34.21 2.85268
34.22 2.84332
34.23 2.82401
34.24 2.79573
34.25 2.77164
34.26 2.75785
34.27 2.74143
34.28 2.72853
34.29 2.73852
34.3 2.77626
34.31 2.81905
34.32 2.84532
34.33 2.8538
34.34 2.85025
34.35 2.83826
34.36 2.81897
34.37 2.79609
34.38 2.77987
34.39 2.77655
34.4 2.7814
34.41 2.79097
34.42 2.80389
34.43 2.81472
34.44 2.81809
34.45 2.81336
34.46 2.80391
34.47 2.79436
34.48 2.78795
34.49 2.78501
34.5 2.78255
34.51 2.77615
34.52 2.76404
34.53 2.74985
34.54 2.74051
34.55 2.74055
34.56 2.74812
34.57 2.75737
34.58 2.76429
34.59 2.76842
34.6 2.77096
34.61 2.7729
34.62 2.77359
34.63 2.77086
34.64 2.76441
34.65 2.75805
34.66 2.75566
34.67 2.75628
34.68 2.75631
34.69 2.75473
34.7 2.75502
34.71 2.76169
34.72 2.7728
34.73 2.78141
34.74 2.78389
34.75 2.7811
34.76 2.77525
34.77 2.76698
34.78 2.75409
34.79 2.73576
34.8 2.7173
34.81 2.70461
34.82 2.70139
34.83 2.71362
34.84 2.73908
34.85 2.76259
34.86 2.77166
34.87 2.76334
34.88 2.74239
34.89 2.72166
34.9 2.71576
34.91 2.72781
34.92 2.74726
34.93 2.7625
34.94 2.77052
34.95 2.77335
34.96 2.77296
34.97 2.77142
34.98 2.77074
34.99 2.76901
35 2.76134
35.01 2.74784
35.02 2.7367
35.03 2.73463
35.04 2.73965
35.05 2.74578
35.06 2.74888
35.07 2.74688
35.08 2.7381
35.09 2.72453
35.1 2.71475
35.11 2.71686
35.12 2.73064
35.13 2.74752
35.14 2.75604
35.15 2.75205
35.16 2.74346
35.17 2.73953
35.18 2.73843
35.19 2.73403
35.2 2.72591
35.21 2.71912
35.22 2.71885
35.23 2.72536
35.24 2.73547
35.25 2.74726
35.26 2.75915
35.27 2.76762
35.28 2.76895
35.29 2.76197
35.3 2.74993
35.31 2.73928
35.32 2.73209
35.33 2.7248
35.34 2.71562
35.35 2.70452
35.36 2.69208
35.37 2.68399
35.38 2.68413
35.39 2.68736
35.4 2.68993
35.41 2.68867
35.42 2.68501
35.43 2.68921
35.44 2.70188
35.45 2.71547
35.46 2.72705
35.47 2.73184
35.48 2.72675
35.49 2.71841
35.5 2.71785
35.51 2.72762
35.52 2.73779
35.53 2.73694
35.54 2.72079
35.55 2.69727
35.56 2.69296
35.57 2.71918
35.58 2.74815
35.59 2.75688
35.6 2.74307
35.61 2.72725
35.62 2.73349
35.63 2.74371
35.64 2.73866
35.65 2.72677
35.66 2.72192
35.67 2.72528
35.68 2.73038
35.69 2.73456
35.7 2.73788
35.71 2.74002
35.72 2.74086
35.73 2.74149
35.74 2.74319
35.75 2.74567
35.76 2.74718
35.77 2.74658
35.78 2.74437
35.79 2.74116
35.8 2.73456
35.81 2.7228
35.82 2.71643
35.83 2.72407
35.84 2.73506
35.85 2.74256
35.86 2.74729
35.87 2.74543
35.88 2.73295
35.89 2.71769
35.9 2.717
35.91 2.72992
35.92 2.73691
35.93 2.72596
35.94 2.69172
35.95 2.65419
35.96 2.66782
35.97 2.70877
35.98 2.7373
35.99 2.75255
36 2.75922
36.01 2.76316
36.02 2.76416
36.03 2.75677
36.04 2.74046
36.05 2.72339
36.06 2.71474
36.07 2.71952
36.08 2.72807
36.09 2.71917
36.1 2.69104
36.11 2.66993
36.12 2.6805
36.13 2.70803
36.14 2.72395
36.15 2.72958
36.16 2.74201
36.17 2.75695
36.18 2.76542
36.19 2.76746
36.2 2.76339
36.21 2.75451
36.22 2.74516
36.23 2.74038
36.24 2.74137
36.25 2.74413
36.26 2.74359
36.27 2.73909
36.28 2.73477
36.29 2.73257
36.3 2.72872
36.31 2.71586
36.32 2.68832
36.33 2.66421
36.34 2.67865
36.35 2.71784
36.36 2.74937
36.37 2.76859
36.38 2.77834
36.39 2.78104
36.4 2.7794
36.41 2.77593
36.42 2.77217
36.43 2.76755
36.44 2.75981
36.45 2.74898
36.46 2.74119
36.47 2.73983
36.48 2.73875
36.49 2.73732
36.5 2.7429
36.51 2.75584
36.52 2.76801
36.53 2.77244
36.54 2.76769
36.55 2.75755
36.56 2.74961
36.57 2.74994
36.58 2.75609
36.59 2.75724
36.6 2.74491
36.61 2.72796
36.62 2.72509
36.63 2.73453
36.64 2.74496
36.65 2.75851
36.66 2.77283
36.67 2.78149
36.68 2.78415
36.69 2.7834
36.7 2.78169
36.71 2.77913
36.72 2.77394
36.73 2.76701
36.74 2.76109
36.75 2.75822
36.76 2.75822
36.77 2.75664
36.78 2.74899
36.79 2.73609
36.8 2.73145
36.81 2.74299
36.82 2.75222
36.83 2.74841
36.84 2.74208
36.85 2.74407
36.86 2.74901
36.87 2.74821
36.88 2.74588
36.89 2.74945
36.9 2.75626
36.91 2.759
36.92 2.75306
36.93 2.73868
36.94 2.72576
36.95 2.71968
36.96 2.70528
36.97 2.69162
36.98 2.71247
36.99 2.74255
37 2.75559
37.01 2.75775
37.02 2.75671
37.03 2.75459
37.04 2.75113
37.05 2.74672
37.06 2.7424
37.07 2.73849
37.08 2.73497
37.09 2.73228
37.1 2.72992
37.11 2.7253
37.12 2.71783
37.13 2.71294
37.14 2.7133
37.15 2.71367
37.16 2.71459
37.17 2.72265
37.18 2.73466
37.19 2.74161
37.2 2.74499
37.21 2.75307
37.22 2.76567
37.23 2.77711
37.24 2.78617
37.25 2.79401
37.26 2.80007
37.27 2.80172
37.28 2.79603
37.29 2.78322
37.3 2.76832
37.31 2.75533
37.32 2.74677
37.33 2.74979
37.34 2.75877
37.35 2.74463
37.36 2.69495
37.37 2.70955
37.38 2.77646
37.39 2.80587
37.4 2.8121
37.41 2.81174
37.42 2.80987
37.43 2.80738
37.44 2.8036
37.45 2.79758
37.46 2.79021
37.47 2.78637
37.48 2.79063
37.49 2.79954
37.5 2.80499
37.51 2.80195
37.52 2.78955
37.53 2.77012
37.54 2.74908
37.55 2.73234
37.56 2.72028
37.57 2.7077
37.58 2.69269
37.59 2.69145
37.6 2.72304
37.61 2.76366
37.62 2.78882
37.63 2.79987
37.64 2.80474
37.65 2.80822
37.66 2.81005
37.67 2.80815
37.68 2.80291
37.69 2.7972
37.7 2.79137
37.71 2.78004
37.72 2.75721
37.73 2.73141
37.74 2.72683
37.75 2.74276
37.76 2.76056
37.77 2.77455
37.78 2.7849
37.79 2.79187
37.8 2.79623
37.81 2.79969
37.82 2.80333
37.83 2.80599
37.84 2.80536
37.85 2.79985
37.86 2.78898
37.87 2.7738
37.88 2.75784
37.89 2.74534
37.9 2.73668
37.91 2.73034
37.92 2.72914
37.93 2.73707
37.94 2.75198
37.95 2.76845
37.96 2.7825
37.97 2.79162
37.98 2.79467
37.99 2.79336
38 2.79309
38.01 2.79726
38.02 2.80207
38.03 2.80299
38.04 2.80054
38.05 2.79519
38.06 2.78128
38.07 2.75692
38.08 2.73862
38.09 2.73712
38.1 2.7405
38.11 2.74264
38.12 2.74228
38.13 2.74771
38.14 2.75987
38.15 2.76174
38.16 2.75279
38.17 2.75403
38.18 2.77021
38.19 2.78507
38.2 2.79989
38.21 2.81746
38.22 2.82981
38.23 2.83381
38.24 2.83176
38.25 2.82549
38.26 2.815
38.27 2.79961
38.28 2.78036
38.29 2.76346
38.3 2.75919
38.31 2.77106
38.32 2.79019
38.33 2.80574
38.34 2.81338
38.35 2.81366
38.36 2.80809
38.37 2.79428
38.38 2.76932
38.39 2.75715
38.4 2.77896
38.41 2.80428
38.42 2.81626
38.43 2.81889
38.44 2.81406
38.45 2.80154
38.46 2.78295
38.47 2.76323
38.48 2.74818
38.49 2.74102
38.5 2.7472
38.51 2.76818
38.52 2.789
38.53 2.79978
38.54 2.80437
38.55 2.80826
38.56 2.81291
38.57 2.81691
38.58 2.81808
38.59 2.81411
38.6 2.80254
38.61 2.78376
38.62 2.76862
38.63 2.7708
38.64 2.78514
38.65 2.79938
38.66 2.80996
38.67 2.81689
38.68 2.81967
38.69 2.81711
38.7 2.80874
38.71 2.79753
38.72 2.79174
38.73 2.7963
38.74 2.7995
38.75 2.78612
38.76 2.76506
38.77 2.75405
38.78 2.7406
38.79 2.73244
38.8 2.74804
38.81 2.76716
38.82 2.7835
38.83 2.80437
38.84 2.82644
38.85 2.84139
38.86 2.84597
38.87 2.84184
38.88 2.83276
38.89 2.82247
38.9 2.81278
38.91 2.80427
38.92 2.79806
38.93 2.79511
38.94 2.79522
38.95 2.79756
38.96 2.80039
38.97 2.80157
38.98 2.80091
38.99 2.79915
39 2.79619
39.01 2.7948
39.02 2.79866
39.03 2.80593
39.04 2.81143
39.05 2.81106
39.06 2.80254
39.07 2.78811
39.08 2.77599
39.09 2.77095
39.1 2.76909
39.11 2.76816
39.12 2.76982
39.13 2.77361
39.14 2.77771
39.15 2.78211
39.16 2.78662
39.17 2.79004
39.18 2.79327
39.19 2.79737
39.2 2.79836
39.21 2.78949
39.22 2.76765
39.23 2.73948
39.24 2.72475
39.25 2.73619
39.26 2.75835
39.27 2.77433
39.28 2.78266
39.29 2.78743
39.3 2.79151
39.31 2.79427
39.32 2.79273
39.33 2.78314
39.34 2.76325
39.35 2.73809
39.36 2.7192
39.37 2.71301
39.38 2.72154
39.39 2.7463
39.4 2.76708
39.41 2.75837
39.42 2.73379
39.43 2.74112
39.44 2.77974
39.45 2.80908
39.46 2.81804
39.47 2.81387
39.48 2.80321
39.49 2.79066
39.5 2.7805
39.51 2.77571
39.52 2.77557
39.53 2.77618
39.54 2.77431
39.55 2.76963
39.56 2.76327
39.57 2.75527
39.58 2.74521
39.59 2.73712
39.6 2.73839
39.61 2.74897
39.62 2.75879
39.63 2.75852
39.64 2.74905
39.65 2.73995
39.66 2.73932
39.67 2.74109
39.68 2.73034
39.69 2.70302
39.7 2.6727
39.71 2.64978
39.72 2.63096
39.73 2.64131
39.74 2.68679
39.75 2.72446
39.76 2.74595
39.77 2.7589
39.78 2.76726
39.79 2.77216
39.8 2.77344
39.81 2.77062
39.82 2.76363
39.83 2.75345
39.84 2.74266
39.85 2.735
39.86 2.73291
39.87 2.73563
39.88 2.74042
39.89 2.74523
39.9 2.74926
39.91 2.75225
39.92 2.75396
39.93 2.75416
39.94 2.75257
39.95 2.74887
39.96 2.74375
39.97 2.74043
39.98 2.7419
39.99 2.74507
40 2.74324
40.01 2.7331
40.02 2.71612
40.03 2.69586
40.04 2.67774
40.05 2.67508
40.06 2.69461
40.07 2.71786
40.08 2.73085
40.09 2.73606
40.1 2.73923
40.11 2.7426
40.12 2.74386
40.13 2.73768
40.14 2.72348
40.15 2.71735
40.16 2.73074
40.17 2.74668
40.18 2.75103
40.19 2.74271
40.2 2.72617
40.21 2.71638
40.22 2.72991
40.23 2.75721
40.24 2.77691
40.25 2.78201
40.26 2.77414
40.27 2.75713
40.28 2.73939
40.29 2.72863
40.3 2.71873
40.31 2.70259
40.32 2.69216
40.33 2.69471
40.34 2.70516
40.35 2.73371
40.36 2.76745
40.37 2.78742
40.38 2.79051
40.39 2.78211
40.4 2.77013
40.41 2.76084
40.42 2.76168
40.43 2.77813
40.44 2.79969
40.45 2.80931
40.46 2.80646
40.47 2.80174
40.48 2.79514
40.49 2.78366
40.5 2.77597
40.51 2.77728
40.52 2.77938
40.53 2.77498
40.54 2.7727
40.55 2.78429
40.56 2.80048
40.57 2.80938
40.58 2.81235
40.59 2.81102
40.6 2.80501
40.61 2.80298
40.62 2.80734
40.63 2.8036
40.64 2.78145
40.65 2.74623
40.66 2.72115
40.67 2.72736
40.68 2.75811
40.69 2.79267
40.7 2.8188
40.71 2.83429
40.72 2.84086
40.73 2.84085
40.74 2.8372
40.75 2.83394
40.76 2.83352
40.77 2.83122
40.78 2.8153
40.79 2.78344
40.8 2.75334
40.81 2.71818
40.82 2.68203
40.83 2.68573
40.84 2.71113
40.85 2.73005
40.86 2.7314
40.87 2.71576
40.88 2.70473
40.89 2.71263
40.9 2.72939
40.91 2.74942
40.92 2.77152
40.93 2.79027
40.94 2.80308
40.95 2.8113
40.96 2.81569
40.97 2.81603
40.98 2.81175
40.99 2.80234
41 2.79013
41.01 2.77952
41.02 2.77221
41.03 2.76805
41.04 2.76752
41.05 2.76917
41.06 2.76933
41.07 2.76367
41.08 2.75099
41.09 2.7426
41.1 2.75022
41.11 2.76368
41.12 2.77171
41.13 2.77516
41.14 2.7774
41.15 2.77804
41.16 2.77335
41.17 2.76229
41.18 2.75071
41.19 2.74351
41.2 2.73893
41.21 2.73826
41.22 2.74538
41.23 2.7558
41.24 2.76053
41.25 2.75923
41.26 2.76035
41.27 2.76834
41.28 2.77987
41.29 2.79144
41.3 2.80174
41.31 2.8099
41.32 2.81499
41.33 2.81633
41.34 2.81327
41.35 2.8041
41.36 2.7862
41.37 2.76439
41.38 2.75984
41.39 2.77527
41.4 2.78356
41.41 2.77717
41.42 2.77287
41.43 2.77989
41.44 2.79066
41.45 2.79907
41.46 2.80409
41.47 2.80581
41.48 2.80454
41.49 2.80154
41.5 2.79904
41.51 2.79852
41.52 2.79928
41.53 2.79941
41.54 2.79779
41.55 2.7948
41.56 2.79176
41.57 2.7898
41.58 2.78912
41.59 2.78867
41.6 2.7859
41.61 2.77644
41.62 2.75691
41.63 2.7341
41.64 2.72403
41.65 2.73464
41.66 2.75849
41.67 2.77746
41.68 2.78067
41.69 2.7663
41.7 2.74138
41.71 2.7299
41.72 2.73902
41.73 2.74797
41.74 2.75349
41.75 2.76247
41.76 2.77301
41.77 2.7807
41.78 2.78452
41.79 2.78509
41.8 2.78277
41.81 2.77712
41.82 2.76721
41.83 2.75352
41.84 2.74109
41.85 2.73686
41.86 2.73993
41.87 2.74307
41.88 2.74181
41.89 2.73485
41.9 2.72383
41.91 2.71816
41.92 2.72697
41.93 2.74263
41.94 2.7539
41.95 2.75975
41.96 2.76366
41.97 2.76735
41.98 2.76965
41.99 2.76864
42 2.76453
42.01 2.76066
42.02 2.76022
42.03 2.76228
42.04 2.76357
42.05 2.76269
42.06 2.76034
42.07 2.75688
42.08 2.75212
42.09 2.74817
42.1 2.74812
42.11 2.74833
42.12 2.73761
42.13 2.71295
42.14 2.69529
42.15 2.70488
42.16 2.73378
42.17 2.76497
42.18 2.78707
42.19 2.794
42.2 2.77901
42.21 2.73636
42.22 2.69122
42.23 2.67723
42.24 2.67785
42.25 2.68865
42.26 2.70712
42.27 2.71544
42.28 2.71521
42.29 2.72399
42.3 2.7411
42.31 2.75673
42.32 2.76799
42.33 2.77624
42.34 2.78337
42.35 2.78825
42.36 2.78901
42.37 2.78657
42.38 2.78306
42.39 2.77868
42.4 2.77129
42.41 2.76024
42.42 2.74963
42.43 2.74529
42.44 2.7493
42.45 2.76026
42.46 2.77474
42.47 2.78805
42.48 2.7971
42.49 2.80191
42.5 2.80414
42.51 2.80444
42.52 2.80211
42.53 2.79697
42.54 2.78892
42.55 2.7779
42.56 2.77065
42.57 2.77744
42.58 2.79253
42.59 2.80193
42.6 2.80264
42.61 2.79781
42.62 2.78767
42.63 2.77052
42.64 2.75123
42.65 2.74336
42.66 2.75325
42.67 2.77688
42.68 2.80057
42.69 2.8124
42.7 2.81225
42.71 2.80402
42.72 2.79301
42.73 2.78544
42.74 2.78349
42.75 2.78441
42.76 2.78423
42.77 2.77918
42.78 2.76609
42.79 2.74773
42.8 2.74056
42.81 2.75265
42.82 2.76827
42.83 2.77826
42.84 2.78512
42.85 2.79062
42.86 2.79306
42.87 2.78997
42.88 2.78261
42.89 2.77793
42.9 2.77835
42.91 2.77147
42.92 2.73929
42.93 2.70499
42.94 2.73693
42.95 2.78667
42.96 2.80811
42.97 2.81275
42.98 2.80908
42.99 2.79769
43 2.77727
43.01 2.75117
43.02 2.73023
43.03 2.72564
43.04 2.74084
43.05 2.76665
43.06 2.78628
43.07 2.79076
43.08 2.78496
43.09 2.78298
43.1 2.78885
43.11 2.78914
43.12 2.77076
43.13 2.73133
43.14 2.68346
43.15 2.66389
43.16 2.70216
43.17 2.75195
43.18 2.77978
43.19 2.79074
43.2 2.79122
43.21 2.78187
43.22 2.75817
43.23 2.72193
43.24 2.70198
43.25 2.71601
43.26 2.73803
43.27 2.7507
43.28 2.75545
43.29 2.75616
43.3 2.75281
43.31 2.74561
43.32 2.74041
43.33 2.74271
43.34 2.75016
43.35 2.7597
43.36 2.76979
43.37 2.77645
43.38 2.77611
43.39 2.77326
43.4 2.77761
43.41 2.78622
43.42 2.78691
43.43 2.77501
43.44 2.75305
43.45 2.72895
43.46 2.71321
43.47 2.69741
43.48 2.65527
43.49 2.62078
43.5 2.65575
43.51 2.70004
43.52 2.72968
43.53 2.75124
43.54 2.76939
43.55 2.78518
43.56 2.79671
43.57 2.80217
43.58 2.80082
43.59 2.79267
43.6 2.77999
43.61 2.77059
43.62 2.77341
43.63 2.78601
43.64 2.79776
43.65 2.80045
43.66 2.78663
43.67 2.74926
43.68 2.70706
43.69 2.71615
43.7 2.7613
43.71 2.78212
43.72 2.77427
43.73 2.75492
43.74 2.74325
43.75 2.74919
43.76 2.76412
43.77 2.77736
43.78 2.78719
43.79 2.79561
43.8 2.80335
43.81 2.80848
43.82 2.80656
43.83 2.79149
43.84 2.76157
43.85 2.7373
43.86 2.74398
43.87 2.76466
43.88 2.77788
43.89 2.78298
43.9 2.78443
43.91 2.7854
43.92 2.78811
43.93 2.79392
43.94 2.80113
43.95 2.80329
43.96 2.79482
43.97 2.78003
43.98 2.77174
43.99 2.7762
44 2.78367
44.01 2.78202
44.02 2.76903
44.03 2.74768
44.04 2.72582
44.05 2.71842
44.06 2.73676
44.07 2.7759
44.08 2.81225
44.09 2.82889
44.1 2.82648
44.11 2.8125
44.12 2.79586
44.13 2.7848
44.14 2.78298
44.15 2.78596
44.16 2.78672
44.17 2.78414
44.18 2.78212
44.19 2.78188
44.2 2.78135
44.21 2.78206
44.22 2.78609
44.23 2.79089
44.24 2.79335
44.25 2.79128
44.26 2.78215
44.27 2.76413
44.28 2.74232
44.29 2.73234
44.3 2.74024
44.31 2.75082
44.32 2.75514
44.33 2.75844
44.34 2.76112
44.35 2.7646
44.36 2.77912
44.37 2.80008
44.38 2.81086
44.39 2.80427
44.4 2.78602
44.41 2.77285
44.42 2.77567
44.43 2.7853
44.44 2.78867
44.45 2.78334
44.46 2.77586
44.47 2.77249
44.48 2.77351
44.49 2.77798
44.5 2.78626
44.51 2.79728
44.52 2.80865
44.53 2.81855
44.54 2.82581
44.55 2.82835
44.56 2.82166
44.57 2.79894
44.58 2.75881
44.59 2.7162
44.6 2.69471
44.61 2.71839
44.62 2.77131
44.63 2.80916
44.64 2.82146
44.65 2.81827
44.66 2.81201
44.67 2.80962
44.68 2.8084
44.69 2.80437
44.7 2.79942
44.71 2.79659
44.72 2.79498
44.73 2.79313
44.74 2.79225
44.75 2.79395
44.76 2.79731
44.77 2.79997
44.78 2.80011
44.79 2.79554
44.8 2.78953
44.81 2.79499
44.82 2.81126
44.83 2.81956
44.84 2.80805
44.85 2.78013
44.86 2.75591
44.87 2.75238
44.88 2.76722
44.89 2.79234
44.9 2.817
44.91 2.83262
44.92 2.8376
44.93 2.83317
44.94 2.81773
44.95 2.789
44.96 2.76487
44.97 2.77776
44.98 2.81183
44.99 2.83592
45 2.84589
45.01 2.84438
45.02 2.82995
45.03 2.79668
45.04 2.74599
45.05 2.70797
45.06 2.71057
45.07 2.73917
45.08 2.76242
45.09 2.76426
45.1 2.75411
45.11 2.7513
45.12 2.76167
45.13 2.77315
45.14 2.76897
45.15 2.75558
45.16 2.76391
45.17 2.7863
45.18 2.79674
45.19 2.79424
45.2 2.78541
45.21 2.77476
45.22 2.76486
45.23 2.75675
45.24 2.7501
45.25 2.74388
45.26 2.73731
45.27 2.73048
45.28 2.72356
45.29 2.71788
45.3 2.71839
45.31 2.72603
45.32 2.7325
45.33 2.73213
45.34 2.73059
45.35 2.73509
45.36 2.7413
45.37 2.74025
45.38 2.72824
45.39 2.70674
45.4 2.68594
45.41 2.68516
45.42 2.70623
45.43 2.72905
45.44 2.74202
45.45 2.74965
45.46 2.75825
45.47 2.76835
45.48 2.77986
45.49 2.79113
45.5 2.79773
45.51 2.79647
45.52 2.78685
45.53 2.77082
45.54 2.75411
45.55 2.74514
45.56 2.747
45.57 2.75575
45.58 2.7665
45.59 2.77491
45.6 2.78016
45.61 2.7857
45.62 2.7927
45.63 2.79721
45.64 2.79685
45.65 2.79684
45.66 2.8044
45.67 2.81724
45.68 2.82789
45.69 2.83372
45.7 2.83655
45.71 2.83892
45.72 2.84171
45.73 2.84349
45.74 2.84226
45.75 2.83786
45.76 2.83247
45.77 2.82839
45.78 2.82542
45.79 2.82071
45.8 2.8124
45.81 2.80338
45.82 2.79781
45.83 2.79346
45.84 2.78726
45.85 2.7856
45.86 2.79533
45.87 2.81273
45.88 2.8311
45.89 2.84698
45.9 2.85823
45.91 2.8624
45.92 2.85662
45.93 2.83928
45.94 2.81621
45.95 2.80081
45.96 2.79903
45.97 2.80796
45.98 2.82137
45.99 2.83031
46 2.83101
46.01 2.82613
46.02 2.81857
46.03 2.80841
46.04 2.7951
46.05 2.78022
46.06 2.76628
46.07 2.75321
46.08 2.74574
46.09 2.75823
46.1 2.78586
46.11 2.80558
46.12 2.80681
46.13 2.79083
46.14 2.76701
46.15 2.7513
46.16 2.74838
46.17 2.74974
46.18 2.75077
46.19 2.75176
46.2 2.75403
46.21 2.75866
46.22 2.76445
46.23 2.76766
46.24 2.76492
46.25 2.75623
46.26 2.7455
46.27 2.73827
46.28 2.7376
46.29 2.7421
46.3 2.74793
46.31 2.75011
46.32 2.74424
46.33 2.7309
46.34 2.71706
46.35 2.71431
46.36 2.72686
46.37 2.7422
46.38 2.74859
46.39 2.74506
46.4 2.73581
46.41 2.72569
46.42 2.72042
46.43 2.72606
46.44 2.74053
46.45 2.75442
46.46 2.76236
46.47 2.76423
46.48 2.76142
46.49 2.75632
46.5 2.75329
46.51 2.75601
46.52 2.76081
46.53 2.75675
46.54 2.73392
46.55 2.69204
46.56 2.66451
46.57 2.68652
46.58 2.70232
46.59 2.68177
46.6 2.69804
46.61 2.74983
46.62 2.77534
46.63 2.77554
46.64 2.76254
46.65 2.74844
46.66 2.73744
46.67 2.71565
46.68 2.69096
46.69 2.70314
46.7 2.73875
46.71 2.76281
46.72 2.77182
46.73 2.77251
46.74 2.76911
46.75 2.764
46.76 2.75999
46.77 2.75796
46.78 2.75252
46.79 2.7375
46.8 2.72475
46.81 2.73507
46.82 2.75785
46.83 2.77186
46.84 2.76896
46.85 2.74499
46.86 2.70136
46.87 2.67392
46.88 2.69706
46.89 2.73131
46.9 2.75116
46.91 2.76203
46.92 2.76915
46.93 2.77514
46.94 2.78166
46.95 2.78891
46.96 2.79542
46.97 2.79779
46.98 2.78887
46.99 2.75699
47 2.69692
47.01 2.64313
47.02 2.65128
47.03 2.70277
47.04 2.7433
47.05 2.75919
47.06 2.76285
47.07 2.76832
47.08 2.78077
47.09 2.79502
47.1 2.80431
47.11 2.80751
47.12 2.80683
47.13 2.80304
47.14 2.79325
47.15 2.77609
47.16 2.76284
47.17 2.7641
47.18 2.77107
47.19 2.7778
47.2 2.78551
47.21 2.79272
47.22 2.79733
47.23 2.79834
47.24 2.79623
47.25 2.79403
47.26 2.79607
47.27 2.80377
47.28 2.81424
47.29 2.82272
47.3 2.82481
47.31 2.819
47.32 2.80789
47.33 2.79189
47.34 2.76883
47.35 2.74711
47.36 2.74237
47.37 2.76693
47.38 2.80611
47.39 2.83264
47.4 2.84307
47.41 2.84442
47.42 2.84183
47.43 2.83656
47.44 2.82611
47.45 2.8069
47.46 2.78223
47.47 2.77252
47.48 2.79314
47.49 2.82404
47.5 2.84332
47.51 2.84684
47.52 2.83778
47.53 2.82524
47.54 2.82001
47.55 2.82059
47.56 2.81759
47.57 2.80145
47.58 2.75719
47.59 2.69531
47.6 2.70162
47.61 2.76794
47.62 2.80378
47.63 2.79727
47.64 2.7725
47.65 2.76183
47.66 2.76348
47.67 2.77176
47.68 2.79021
47.69 2.80983
47.7 2.82393
47.71 2.83421
47.72 2.84236
47.73 2.84788
47.74 2.84983
47.75 2.84733
47.76 2.83923
47.77 2.82489
47.78 2.80505
47.79 2.77676
47.8 2.74262
47.81 2.74788
47.82 2.77979
47.83 2.78189
47.84 2.75795
47.85 2.73267
47.86 2.725
47.87 2.73397
47.88 2.74743
47.89 2.75683
47.9 2.76026
47.91 2.76688
47.92 2.78365
47.93 2.79678
47.94 2.79612
47.95 2.78951
47.96 2.78628
47.97 2.78344
47.98 2.77608
47.99 2.78062
48 2.80279
48.01 2.82003
48.02 2.82548
48.03 2.82455
48.04 2.82155
48.05 2.81948
48.06 2.8196
48.07 2.82035
48.08 2.81937
48.09 2.81703
48.1 2.81667
48.11 2.82073
48.12 2.82871
48.13 2.837
48.14 2.83864
48.15 2.82877
48.16 2.81625
48.17 2.81211
48.18 2.80461
48.19 2.78262
48.2 2.75454
48.21 2.73918
48.22 2.74606
48.23 2.76289
48.24 2.77739
48.25 2.79104
48.26 2.80836
48.27 2.82745
48.28 2.842
48.29 2.8469
48.3 2.83458
48.31 2.79582
48.32 2.74644
48.33 2.73215
48.34 2.74809
48.35 2.75737
48.36 2.75907
48.37 2.77282
48.38 2.79878
48.39 2.82014
48.4 2.83022
48.41 2.83103
48.42 2.8257
48.43 2.81716
48.44 2.80855
48.45 2.8025
48.46 2.79943
48.47 2.79709
48.48 2.79283
48.49 2.78667
48.5 2.78151
48.51 2.78036
48.52 2.78271
48.53 2.78439
48.54 2.78054
48.55 2.76554
48.56 2.74421
48.57 2.73784
48.58 2.74236
48.59 2.73735
48.6 2.72339
48.61 2.7106
48.62 2.70242
48.63 2.70182
48.64 2.71705
48.65 2.74042
48.66 2.75872
48.67 2.77179
48.68 2.78178
48.69 2.78697
48.7 2.78413
48.71 2.77012
48.72 2.74887
48.73 2.73869
48.74 2.75182
48.75 2.77391
48.76 2.78905
48.77 2.7956
48.78 2.79702
48.79 2.79564
48.8 2.792
48.81 2.78552
48.82 2.77431
48.83 2.75559
48.84 2.73287
48.85 2.71865
48.86 2.71048
48.87 2.70281
48.88 2.71436
48.89 2.73956
48.9 2.75784
48.91 2.7684
48.92 2.77428
48.93 2.77316
48.94 2.76512
48.95 2.7606
48.96 2.76714
48.97 2.77514
48.98 2.7739
48.99 2.76187
49 2.74139
49.01 2.71525
49.02 2.69128
49.03 2.68621
49.04 2.70767
49.05 2.73841
49.06 2.75916
49.07 2.76693
49.08 2.77157
49.09 2.78247
49.1 2.79529
49.11 2.80265
49.12 2.80607
49.13 2.80827
49.14 2.80492
49.15 2.78749
49.16 2.75532
49.17 2.73498
49.18 2.75042
49.19 2.77491
49.2 2.78592
49.21 2.79067
49.22 2.79794
49.23 2.80764
49.24 2.81559
49.25 2.81777
49.26 2.81337
49.27 2.80759
49.28 2.80877
49.29 2.81863
49.3 2.83083
49.31 2.8394
49.32 2.84173
49.33 2.83636
49.34 2.82273
49.35 2.80322
49.36 2.78231
49.37 2.76077
49.38 2.73534
49.39 2.70761
49.4 2.70143
49.41 2.7388
49.42 2.78381
49.43 2.81402
49.44 2.82937
49.45 2.83169
49.46 2.82349
49.47 2.80866
49.48 2.79582
49.49 2.79476
49.5 2.80296
49.51 2.81001
49.52 2.81501
49.53 2.82212
49.54 2.82994
49.55 2.83374
49.56 2.8231
49.57 2.78492
49.58 2.7359
49.59 2.71981
49.6 2.73548
49.61 2.75622
49.62 2.77775
49.63 2.79713
49.64 2.8059
49.65 2.81092
49.66 2.82003
49.67 2.82683
49.68 2.82424
49.69 2.81386
49.7 2.80378
49.71 2.80001
49.72 2.79903
49.73 2.79657
49.74 2.79215
49.75 2.78149
49.76 2.76709
49.77 2.7705
49.78 2.79113
49.79 2.80638
49.8 2.81109
49.81 2.81065
49.82 2.80866
49.83 2.80244
49.84 2.78315
49.85 2.74711
49.86 2.71948
49.87 2.71781
49.88 2.71714
49.89 2.70735
49.9 2.69651
49.91 2.69457
49.92 2.70852
49.93 2.73479
49.94 2.76308
49.95 2.78445
49.96 2.79385
49.97 2.79091
49.98 2.78192
49.99 2.77533
50 2.76972
50.01 2.76015
50.02 2.75214
50.03 2.75354
50.04 2.76124
50.05 2.76721
50.06 2.76742
50.07 2.76279
50.08 2.75732
50.09 2.7536
50.1 2.75018
50.11 2.745
50.12 2.74039
50.13 2.74029
50.14 2.74443
50.15 2.75075
50.16 2.75773
50.17 2.76356
50.18 2.76705
50.19 2.7686
50.2 2.76891
50.21 2.76753
50.22 2.76323
50.23 2.7554
50.24 2.74566
50.25 2.73766
50.26 2.7342
50.27 2.7352
50.28 2.7384
50.29 2.74063
50.3 2.73967
50.31 2.73536
50.32 2.73039
50.33 2.72865
50.34 2.72945
50.35 2.72883
50.36 2.72546
50.37 2.72142
50.38 2.72038
50.39 2.72588
50.4 2.73941
50.41 2.75806
50.42 2.77456
50.43 2.7816
50.44 2.77527
50.45 2.75611
50.46 2.73228
50.47 2.71899
50.48 2.72282
50.49 2.73251
50.5 2.73556
50.51 2.72741
50.52 2.70256
50.53 2.66884
50.54 2.68032
50.55 2.73201
50.56 2.75947
50.57 2.75025
50.58 2.7266
50.59 2.72473
50.6 2.74678
50.61 2.76658
50.62 2.7767
50.63 2.78151
50.64 2.78133
50.65 2.77322
50.66 2.75815
50.67 2.74162
50.68 2.7259
50.69 2.70209
50.7 2.66749
50.71 2.66321
50.72 2.70011
50.73 2.72818
50.74 2.75789
50.75 2.78434
50.76 2.78949
50.77 2.78466
50.78 2.7768
50.79 2.76931
50.8 2.76991
50.81 2.77826
50.82 2.78573
50.83 2.78778
50.84 2.78408
50.85 2.77557
50.86 2.76539
50.87 2.75896
50.88 2.75896
50.89 2.76098
50.9 2.75958
50.91 2.75495
50.92 2.75153
50.93 2.75214
50.94 2.7549
50.95 2.75631
50.96 2.75505
50.97 2.75256
50.98 2.75185
50.99 2.755
