x y
0 1.65385
0.01 1.65665
0.02 1.66047
0.03 1.66433
0.04 1.66769
0.05 1.67041
0.06 1.67244
0.07 1.67372
0.08 1.67433
0.09 1.67467
0.1 1.67573
0.11 1.67866
0.12 1.68381
0.13 1.69026
0.14 1.69652
0.15 1.7015
0.16 1.70484
0.17 1.70681
0.18 1.70825
0.19 1.71022
0.2 1.71287
0.21 1.71471
0.22 1.71474
0.23 1.71484
0.24 1.71736
0.25 1.72047
0.26 1.72134
0.27 1.72319
0.28 1.72975
0.29 1.73713
0.3 1.74023
0.31 1.73738
0.32 1.72838
0.33 1.71575
0.34 1.70551
0.35 1.70162
0.36 1.70262
0.37 1.70626
0.38 1.71451
0.39 1.73163
0.4 1.75425
0.41 1.77306
0.42 1.78368
0.43 1.78739
0.44 1.78699
0.45 1.78476
0.46 1.78214
0.47 1.78006
0.48 1.77902
0.49 1.77805
0.5 1.77379
0.51 1.76353
0.52 1.75171
0.53 1.7485
0.54 1.75698
0.55 1.77028
0.56 1.78164
0.57 1.78925
0.58 1.79427
0.59 1.79817
0.6 1.80119
0.61 1.80237
0.62 1.80082
0.63 1.79698
0.64 1.79283
0.65 1.791
0.66 1.79294
0.67 1.79753
0.68 1.80175
0.69 1.80287
0.7 1.8001
0.71 1.79524
0.72 1.79172
0.73 1.79197
0.74 1.7952
0.75 1.79878
0.76 1.80164
0.77 1.80471
0.78 1.80885
0.79 1.8139
0.8 1.81958
0.81 1.82571
0.82 1.83178
0.83 1.83647
0.84 1.83788
0.85 1.83489
0.86 1.82901
0.87 1.82496
0.88 1.82739
0.89 1.83697
0.9 1.85016
0.91 1.86218
0.92 1.86994
0.93 1.87281
0.94 1.87164
0.95 1.86789
0.96 1.86329
0.97 1.85946
0.98 1.85735
0.99 1.85672
1 1.8563
1.01 1.85458
1.02 1.85087
1.03 1.84659
1.04 1.84502
1.05 1.84786
1.06 1.85307
1.07 1.85823
1.08 1.86332
1.09 1.86835
1.1 1.8712
1.11 1.86958
1.12 1.86498
1.13 1.86128
1.14 1.85919
1.15 1.85732
1.16 1.85652
1.17 1.85879
1.18 1.86492
1.19 1.87406
1.2 1.88281
1.21 1.88569
1.22 1.87879
1.23 1.86546
1.24 1.85591
1.25 1.85367
1.26 1.85448
1.27 1.85796
1.28 1.86525
1.29 1.87493
1.3 1.88369
1.31 1.88815
1.32 1.88686
1.33 1.88056
1.34 1.87151
1.35 1.86245
1.36 1.85492
1.37 1.84852
1.38 1.84238
1.39 1.83704
1.4 1.8345
1.41 1.83619
1.42 1.84165
1.43 1.85015
1.44 1.86186
1.45 1.87587
1.46 1.88946
1.47 1.89982
1.48 1.90529
1.49 1.90484
1.5 1.89723
1.51 1.88153
1.52 1.861
1.53 1.84686
1.54 1.84969
1.55 1.86592
1.56 1.88346
1.57 1.89481
1.58 1.89921
1.59 1.89903
1.6 1.89813
1.61 1.90168
1.62 1.91134
1.63 1.92173
1.64 1.92643
1.65 1.92374
1.66 1.91672
1.67 1.91026
1.68 1.9062
1.69 1.90234
1.7 1.89744
1.71 1.89307
1.72 1.89103
1.73 1.89204
1.74 1.89669
1.75 1.90509
1.76 1.91545
1.77 1.92444
1.78 1.92902
1.79 1.92743
1.8 1.91964
1.81 1.90811
1.82 1.89761
1.83 1.89239
1.84 1.89407
1.85 1.89986
1.86 1.90328
1.87 1.90048
1.88 1.89395
1.89 1.88892
1.9 1.88801
1.91 1.88949
1.92 1.89046
1.93 1.89052
1.94 1.89149
1.95 1.89469
1.96 1.89916
1.97 1.90205
1.98 1.90057
1.99 1.89382
2 1.88244
2.01 1.86789
2.02 1.85512
2.03 1.85311
2.04 1.86444
2.05 1.87993
2.06 1.88985
2.07 1.89137
2.08 1.88617
2.09 1.87793
2.1 1.87398
2.11 1.87925
2.12 1.88722
2.13 1.89003
2.14 1.88811
2.15 1.88788
2.16 1.89372
2.17 1.90069
2.18 1.9011
2.19 1.89291
2.2 1.87885
2.21 1.86513
2.22 1.85864
2.23 1.85619
2.24 1.85061
2.25 1.84617
2.26 1.85111
2.27 1.86247
2.28 1.86808
2.29 1.85941
2.3 1.83838
2.31 1.81713
2.32 1.81203
2.33 1.82866
2.34 1.85737
2.35 1.88621
2.36 1.90822
2.37 1.92081
2.38 1.92326
2.39 1.91455
2.4 1.89399
2.41 1.86865
2.42 1.85791
2.43 1.8704
2.44 1.88947
2.45 1.89965
2.46 1.89923
2.47 1.89312
2.48 1.88809
2.49 1.88799
2.5 1.89003
2.51 1.88907
2.52 1.88204
2.53 1.87199
2.54 1.87023
2.55 1.87739
2.56 1.88017
2.57 1.87483
2.58 1.87014
2.59 1.8768
2.6 1.89546
2.61 1.91607
2.62 1.93076
2.63 1.93835
2.64 1.94048
2.65 1.93875
2.66 1.93393
2.67 1.92528
2.68 1.91048
2.69 1.8875
2.7 1.86318
2.71 1.85952
2.72 1.87747
2.73 1.88921
2.74 1.88567
2.75 1.87637
2.76 1.86907
2.77 1.86554
2.78 1.86972
2.79 1.88042
2.8 1.88837
2.81 1.89101
2.82 1.89454
2.83 1.90362
2.84 1.91773
2.85 1.93215
2.86 1.94106
2.87 1.9409
2.88 1.93107
2.89 1.9172
2.9 1.91145
2.91 1.9178
2.92 1.92785
2.93 1.93478
2.94 1.93639
2.95 1.93147
2.96 1.91917
2.97 1.89981
2.98 1.87577
2.99 1.85413
3 1.84695
3.01 1.85947
3.02 1.87901
3.03 1.88736
3.04 1.87707
3.05 1.85362
3.06 1.82974
3.07 1.81181
3.08 1.80029
3.09 1.8025
3.1 1.8198
3.11 1.8403
3.12 1.85427
3.13 1.86051
3.14 1.86208
3.15 1.86296
3.16 1.86593
3.17 1.8704
3.18 1.87375
3.19 1.8747
3.2 1.8741
3.21 1.87328
3.22 1.87273
3.23 1.8718
3.24 1.86944
3.25 1.86518
3.26 1.85975
3.27 1.85484
3.28 1.85204
3.29 1.85202
3.3 1.85438
3.31 1.85804
3.32 1.8616
3.33 1.86374
3.34 1.86371
3.35 1.86167
3.36 1.85892
3.37 1.85735
3.38 1.85826
3.39 1.86124
3.4 1.86454
3.41 1.86663
3.42 1.86744
3.43 1.86821
3.44 1.87039
3.45 1.87449
3.46 1.87988
3.47 1.88529
3.48 1.88914
3.49 1.88993
3.5 1.88682
3.51 1.88048
3.52 1.87346
3.53 1.86945
3.54 1.87095
3.55 1.87696
3.56 1.88275
3.57 1.8832
3.58 1.87822
3.59 1.87302
3.6 1.87085
3.61 1.87141
3.62 1.87475
3.63 1.87931
3.64 1.88138
3.65 1.8793
3.66 1.87509
3.67 1.87181
3.68 1.87008
3.69 1.8683
3.7 1.86714
3.71 1.87014
3.72 1.87694
3.73 1.88252
3.74 1.88459
3.75 1.8859
3.76 1.8908
3.77 1.89976
3.78 1.90876
3.79 1.91484
3.8 1.91821
3.81 1.92018
3.82 1.92112
3.83 1.92013
3.84 1.91582
3.85 1.9076
3.86 1.8966
3.87 1.88559
3.88 1.87808
3.89 1.87602
3.9 1.87671
3.91 1.8761
3.92 1.87506
3.93 1.87778
3.94 1.88523
3.95 1.89404
3.96 1.90086
3.97 1.90506
3.98 1.90789
3.99 1.91049
4 1.91259
4.01 1.91268
4.02 1.90946
4.03 1.90322
4.04 1.89641
4.05 1.8921
4.06 1.8896
4.07 1.88332
4.08 1.86984
4.09 1.85453
4.1 1.84817
4.11 1.85654
4.12 1.87533
4.13 1.89563
4.14 1.91
4.15 1.91492
4.16 1.91085
4.17 1.90083
4.18 1.88904
4.19 1.87908
4.2 1.87263
4.21 1.87027
4.22 1.87255
4.23 1.87892
4.24 1.88682
4.25 1.89315
4.26 1.89596
4.27 1.89494
4.28 1.89126
4.29 1.88692
4.3 1.88347
4.31 1.8806
4.32 1.87497
4.33 1.85955
4.34 1.83108
4.35 1.81716
4.36 1.84285
4.37 1.87522
4.38 1.89346
4.39 1.9018
4.4 1.90548
4.41 1.90722
4.42 1.90794
4.43 1.90679
4.44 1.90132
4.45 1.88889
4.46 1.86908
4.47 1.8423
4.48 1.80652
4.49 1.78053
4.5 1.80373
4.51 1.84955
4.52 1.87922
4.53 1.89238
4.54 1.89773
4.55 1.89882
4.56 1.89442
4.57 1.88464
4.58 1.87401
4.59 1.86963
4.6 1.87477
4.61 1.88477
4.62 1.89099
4.63 1.88621
4.64 1.87147
4.65 1.86561
4.66 1.87955
4.67 1.89502
4.68 1.90108
4.69 1.90025
4.7 1.89553
4.71 1.89059
4.72 1.89024
4.73 1.89476
4.74 1.89982
4.75 1.90216
4.76 1.90118
4.77 1.89761
4.78 1.89232
4.79 1.88545
4.8 1.87614
4.81 1.86404
4.82 1.85044
4.83 1.83747
4.84 1.83014
4.85 1.83559
4.86 1.85325
4.87 1.87519
4.88 1.89448
4.89 1.90811
4.9 1.91592
4.91 1.91844
4.92 1.91504
4.93 1.90337
4.94 1.88081
4.95 1.84953
4.96 1.82007
4.97 1.80103
4.98 1.7929
4.99 1.80185
5 1.82388
5.01 1.84466
5.02 1.86318
5.03 1.87618
5.04 1.88144
5.05 1.88091
5.06 1.87611
5.07 1.86849
5.08 1.86007
5.09 1.85254
5.1 1.84624
5.11 1.8399
5.12 1.83139
5.13 1.82033
5.14 1.81321
5.15 1.82337
5.16 1.85
5.17 1.87503
5.18 1.88884
5.19 1.89254
5.2 1.88869
5.21 1.87978
5.22 1.86929
5.23 1.85955
5.24 1.84954
5.25 1.83759
5.26 1.8257
5.27 1.81891
5.28 1.81718
5.29 1.81337
5.3 1.80744
5.31 1.81315
5.32 1.8362
5.33 1.86254
5.34 1.8812
5.35 1.89157
5.36 1.8963
5.37 1.89808
5.38 1.89911
5.39 1.90099
5.4 1.90457
5.41 1.90935
5.42 1.91341
5.43 1.91502
5.44 1.91414
5.45 1.91238
5.46 1.91203
5.47 1.9147
5.48 1.92004
5.49 1.92536
5.5 1.92671
5.51 1.92045
5.52 1.90513
5.53 1.88422
5.54 1.86731
5.55 1.86223
5.56 1.86443
5.57 1.86346
5.58 1.85383
5.59 1.83535
5.6 1.81745
5.61 1.8189
5.62 1.84071
5.63 1.85869
5.64 1.85648
5.65 1.84133
5.66 1.83462
5.67 1.84506
5.68 1.85928
5.69 1.86322
5.7 1.85385
5.71 1.83895
5.72 1.83334
5.73 1.84369
5.74 1.86099
5.75 1.8752
5.76 1.88341
5.77 1.88622
5.78 1.88484
5.79 1.88056
5.8 1.87467
5.81 1.86832
5.82 1.86207
5.83 1.85559
5.84 1.84849
5.85 1.84171
5.86 1.83777
5.87 1.83818
5.88 1.84112
5.89 1.84377
5.9 1.84556
5.91 1.84757
5.92 1.84998
5.93 1.85185
5.94 1.8526
5.95 1.85267
5.96 1.85285
5.97 1.85329
5.98 1.8533
5.99 1.85149
6 1.846
6.01 1.83517
6.02 1.82099
6.03 1.81253
6.04 1.81947
6.05 1.83815
6.06 1.85499
6.07 1.86215
6.08 1.85986
6.09 1.85153
6.1 1.8414
6.11 1.83343
6.12 1.82963
6.13 1.82916
6.14 1.82944
6.15 1.82819
6.16 1.82419
6.17 1.81903
6.18 1.82029
6.19 1.83333
6.2 1.85026
6.21 1.86127
6.22 1.86442
6.23 1.86188
6.24 1.85614
6.25 1.84959
6.26 1.84498
6.27 1.84428
6.28 1.84713
6.29 1.85149
6.3 1.85536
6.31 1.85719
6.32 1.85604
6.33 1.85317
6.34 1.8523
6.35 1.85508
6.36 1.85766
6.37 1.85576
6.38 1.85014
6.39 1.84522
6.4 1.84367
6.41 1.84484
6.42 1.84818
6.43 1.85433
6.44 1.86239
6.45 1.86943
6.46 1.87277
6.47 1.87197
6.48 1.86904
6.49 1.8669
6.5 1.86687
6.51 1.86862
6.52 1.8715
6.53 1.87409
6.54 1.87416
6.55 1.8701
6.56 1.86182
6.57 1.85182
6.58 1.84541
6.59 1.8471
6.6 1.85619
6.61 1.8677
6.62 1.87744
6.63 1.8847
6.64 1.89007
6.65 1.89225
6.66 1.89058
6.67 1.88963
6.68 1.89452
6.69 1.90265
6.7 1.90788
6.71 1.90718
6.72 1.90019
6.73 1.88839
6.74 1.87761
6.75 1.87401
6.76 1.87397
6.77 1.87088
6.78 1.86588
6.79 1.86326
6.8 1.8653
6.81 1.87202
6.82 1.88035
6.83 1.88509
6.84 1.8831
6.85 1.8757
6.86 1.86857
6.87 1.86813
6.88 1.87439
6.89 1.88207
6.9 1.88923
6.91 1.89713
6.92 1.90526
6.93 1.912
6.94 1.91666
6.95 1.91896
6.96 1.91767
6.97 1.9101
6.98 1.89422
6.99 1.87577
7 1.86945
7.01 1.87789
7.02 1.88814
7.03 1.89237
7.04 1.89001
7.05 1.8826
7.06 1.87323
7.07 1.86696
7.08 1.8666
7.09 1.86987
7.1 1.87461
7.11 1.88004
7.12 1.88573
7.13 1.89287
7.14 1.90182
7.15 1.91029
7.16 1.91556
7.17 1.91672
7.18 1.91432
7.19 1.90899
7.2 1.90077
7.21 1.88951
7.22 1.87639
7.23 1.86452
7.24 1.85675
7.25 1.85386
7.26 1.85661
7.27 1.86598
7.28 1.88005
7.29 1.89358
7.3 1.90159
7.31 1.90105
7.32 1.89032
7.33 1.87093
7.34 1.85093
7.35 1.83865
7.36 1.8337
7.37 1.8329
7.38 1.83804
7.39 1.85252
7.4 1.87305
7.41 1.89215
7.42 1.90578
7.43 1.91414
7.44 1.91887
7.45 1.92128
7.46 1.92168
7.47 1.91949
7.48 1.9136
7.49 1.90327
7.5 1.88917
7.51 1.87482
7.52 1.8676
7.53 1.87269
7.54 1.88558
7.55 1.89827
7.56 1.90554
7.57 1.9031
7.58 1.88711
7.59 1.8604
7.6 1.83877
7.61 1.83337
7.62 1.8368
7.63 1.84347
7.64 1.85427
7.65 1.86756
7.66 1.88026
7.67 1.89168
7.68 1.90257
7.69 1.91299
7.7 1.92205
7.71 1.92864
7.72 1.93203
7.73 1.9319
7.74 1.92829
7.75 1.92137
7.76 1.91131
7.77 1.89845
7.78 1.8848
7.79 1.87594
7.8 1.87724
7.81 1.88543
7.82 1.89173
7.83 1.89176
7.84 1.88776
7.85 1.88446
7.86 1.88413
7.87 1.88539
7.88 1.88642
7.89 1.88755
7.9 1.89023
7.91 1.89507
7.92 1.89938
7.93 1.89766
7.94 1.88651
7.95 1.86932
7.96 1.85632
7.97 1.85668
7.98 1.86949
7.99 1.88541
8 1.89527
8.01 1.89538
8.02 1.88805
8.03 1.87966
8.04 1.87578
8.05 1.87619
8.06 1.87647
8.07 1.87266
8.08 1.8646
8.09 1.85812
8.1 1.86092
8.11 1.87251
8.12 1.88546
8.13 1.89483
8.14 1.89994
8.15 1.90192
8.16 1.902
8.17 1.90066
8.18 1.89731
8.19 1.89063
8.2 1.87924
8.21 1.86384
8.22 1.85111
8.23 1.84976
8.24 1.85729
8.25 1.86373
8.26 1.86494
8.27 1.86272
8.28 1.85944
8.29 1.85399
8.3 1.84447
8.31 1.83623
8.32 1.83385
8.33 1.83544
8.34 1.84615
8.35 1.86525
8.36 1.88182
8.37 1.89095
8.38 1.89365
8.39 1.89171
8.4 1.88651
8.41 1.87883
8.42 1.86773
8.43 1.85196
8.44 1.83757
8.45 1.83575
8.46 1.84625
8.47 1.85967
8.48 1.86938
8.49 1.87233
8.5 1.86664
8.51 1.85365
8.52 1.84163
8.53 1.84281
8.54 1.85766
8.55 1.87251
8.56 1.878
8.57 1.87665
8.58 1.87704
8.59 1.88334
8.6 1.89071
8.61 1.89305
8.62 1.88927
8.63 1.88218
8.64 1.87617
8.65 1.87522
8.66 1.88012
8.67 1.88742
8.68 1.89199
8.69 1.89028
8.7 1.8818
8.71 1.86922
8.72 1.85801
8.73 1.85246
8.74 1.85233
8.75 1.85661
8.76 1.86277
8.77 1.86648
8.78 1.86756
8.79 1.86931
8.8 1.87093
8.81 1.86659
8.82 1.85485
8.83 1.8477
8.84 1.8568
8.85 1.87503
8.86 1.89153
8.87 1.90321
8.88 1.9091
8.89 1.90799
8.9 1.90209
8.91 1.89932
8.92 1.90323
8.93 1.90683
8.94 1.90355
8.95 1.89305
8.96 1.87918
8.97 1.86927
8.98 1.87348
8.99 1.89157
9 1.90945
9.01 1.91951
9.02 1.92355
9.03 1.92362
9.04 1.92048
9.05 1.91801
9.06 1.92121
9.07 1.92651
9.08 1.92508
9.09 1.91357
9.1 1.89623
9.11 1.88102
9.12 1.87313
9.13 1.8722
9.14 1.87614
9.15 1.88413
9.16 1.89651
9.17 1.91267
9.18 1.92909
9.19 1.94042
9.2 1.9426
9.21 1.9355
9.22 1.92551
9.23 1.92246
9.24 1.92661
9.25 1.92902
9.26 1.92661
9.27 1.92431
9.28 1.92599
9.29 1.92839
9.3 1.92575
9.31 1.91643
9.32 1.90529
9.33 1.90016
9.34 1.90411
9.35 1.91356
9.36 1.92302
9.37 1.92907
9.38 1.93122
9.39 1.93028
9.4 1.92758
9.41 1.92536
9.42 1.92323
9.43 1.91872
9.44 1.91217
9.45 1.90689
9.46 1.90668
9.47 1.91139
9.48 1.91629
9.49 1.91734
9.5 1.91422
9.51 1.9093
9.52 1.90527
9.53 1.90282
9.54 1.90015
9.55 1.895
9.56 1.88845
9.57 1.88494
9.58 1.88748
9.59 1.89388
9.6 1.89817
9.61 1.89731
9.62 1.89325
9.63 1.88926
9.64 1.88741
9.65 1.88871
9.66 1.893
9.67 1.89791
9.68 1.89949
9.69 1.89531
9.7 1.88737
9.71 1.882
9.72 1.88331
9.73 1.88756
9.74 1.8889
9.75 1.88655
9.76 1.8837
9.77 1.88195
9.78 1.87985
9.79 1.8767
9.8 1.87418
9.81 1.87429
9.82 1.87751
9.83 1.8817
9.84 1.88384
9.85 1.88457
9.86 1.88969
9.87 1.90194
9.88 1.91498
9.89 1.92114
9.9 1.91678
9.91 1.90017
9.92 1.87187
9.93 1.84346
9.94 1.83477
9.95 1.84055
9.96 1.84192
9.97 1.8432
9.98 1.85448
9.99 1.86931
10 1.87706
10.01 1.87425
10.02 1.86772
10.03 1.87668
10.04 1.90094
10.05 1.92032
10.06 1.92851
10.07 1.92865
10.08 1.92328
10.09 1.91373
10.1 1.9017
10.11 1.89027
10.12 1.88307
10.13 1.88152
10.14 1.88298
10.15 1.88362
10.16 1.88316
10.17 1.8854
10.18 1.89349
10.19 1.90565
10.2 1.91581
10.21 1.91732
10.22 1.90624
10.23 1.88709
10.24 1.87603
10.25 1.88338
10.26 1.89989
10.27 1.91369
10.28 1.92138
10.29 1.92353
10.3 1.92149
10.31 1.91655
10.32 1.90898
10.33 1.90164
10.34 1.90042
10.35 1.90374
10.36 1.90546
10.37 1.90601
10.38 1.90787
10.39 1.91088
10.4 1.91453
10.41 1.91887
10.42 1.92359
10.43 1.92782
10.44 1.93092
10.45 1.93318
10.46 1.93547
10.47 1.93785
10.48 1.93912
10.49 1.93777
10.5 1.93323
10.51 1.92656
10.52 1.92049
10.53 1.91808
10.54 1.92032
10.55 1.9249
10.56 1.92793
10.57 1.92712
10.58 1.92358
10.59 1.92011
10.6 1.9185
10.61 1.91814
10.62 1.9142
10.63 1.90412
10.64 1.90083
10.65 1.91352
10.66 1.92546
10.67 1.92689
10.68 1.92891
10.69 1.93969
10.7 1.95015
10.71 1.94808
10.72 1.93085
10.73 1.90542
10.74 1.88227
10.75 1.8665
10.76 1.86114
10.77 1.86432
10.78 1.86268
10.79 1.85423
10.8 1.84804
10.81 1.84874
10.82 1.85533
10.83 1.86722
10.84 1.88508
10.85 1.90549
10.86 1.92443
10.87 1.94152
10.88 1.95529
10.89 1.96281
10.9 1.96417
10.91 1.96288
10.92 1.96187
10.93 1.96075
10.94 1.9576
10.95 1.95153
10.96 1.94268
10.97 1.93151
10.98 1.91928
10.99 1.9092
11 1.90657
11.01 1.91403
11.02 1.92541
11.03 1.9303
11.04 1.9235
11.05 1.90859
11.06 1.89749
11.07 1.90015
11.08 1.91088
11.09 1.92008
11.1 1.92823
11.11 1.93706
11.12 1.94306
11.13 1.94311
11.14 1.93785
11.15 1.93007
11.16 1.92311
11.17 1.91979
11.18 1.92102
11.19 1.9249
11.2 1.92799
11.21 1.9272
11.22 1.92119
11.23 1.91133
11.24 1.90152
11.25 1.89615
11.26 1.89697
11.27 1.90185
11.28 1.9066
11.29 1.90791
11.3 1.90534
11.31 1.90154
11.32 1.89934
11.33 1.898
11.34 1.89485
11.35 1.88941
11.36 1.8833
11.37 1.87785
11.38 1.87305
11.39 1.86873
11.4 1.86493
11.41 1.86101
11.42 1.85611
11.43 1.85125
11.44 1.84918
11.45 1.8518
11.46 1.85875
11.47 1.86818
11.48 1.8778
11.49 1.88539
11.5 1.88893
11.51 1.88594
11.52 1.87363
11.53 1.8518
11.54 1.82796
11.55 1.81529
11.56 1.81872
11.57 1.82897
11.58 1.83558
11.59 1.83791
11.6 1.8398
11.61 1.84191
11.62 1.84251
11.63 1.84106
11.64 1.83847
11.65 1.8356
11.66 1.83328
11.67 1.83323
11.68 1.83723
11.69 1.84545
11.7 1.85618
11.71 1.86695
11.72 1.87579
11.73 1.88184
11.74 1.88509
11.75 1.88564
11.76 1.88271
11.77 1.87411
11.78 1.85803
11.79 1.83943
11.8 1.83205
11.81 1.84198
11.82 1.86092
11.83 1.87996
11.84 1.89447
11.85 1.90249
11.86 1.9037
11.87 1.89859
11.88 1.88818
11.89 1.87453
11.9 1.86136
11.91 1.85243
11.92 1.84775
11.93 1.84385
11.94 1.841
11.95 1.84355
11.96 1.8504
11.97 1.85843
11.98 1.86829
11.99 1.8796
12 1.88947
12.01 1.8953
12.02 1.89551
12.03 1.88857
12.04 1.87313
12.05 1.8518
12.06 1.83735
12.07 1.84407
12.08 1.86462
12.09 1.87996
12.1 1.88247
12.11 1.87598
12.12 1.86975
12.13 1.86998
12.14 1.87261
12.15 1.87153
12.16 1.86751
12.17 1.86509
12.18 1.86628
12.19 1.8695
12.2 1.87289
12.21 1.87564
12.22 1.87725
12.23 1.8772
12.24 1.8754
12.25 1.87257
12.26 1.86984
12.27 1.86812
12.28 1.86833
12.29 1.87127
12.3 1.87636
12.31 1.88125
12.32 1.88333
12.33 1.88089
12.34 1.87337
12.35 1.86172
12.36 1.84935
12.37 1.84119
12.38 1.83948
12.39 1.84475
12.4 1.85624
12.41 1.86845
12.42 1.87717
12.43 1.8826
12.44 1.88534
12.45 1.88454
12.46 1.87831
12.47 1.86598
12.48 1.85177
12.49 1.84399
12.5 1.85128
12.51 1.87416
12.52 1.89863
12.53 1.91144
12.54 1.90848
12.55 1.89107
12.56 1.8688
12.57 1.85753
12.58 1.86102
12.59 1.87072
12.6 1.88195
12.61 1.8942
12.62 1.9042
12.63 1.90587
12.64 1.89649
12.65 1.88225
12.66 1.87527
12.67 1.87991
12.68 1.88886
12.69 1.89618
12.7 1.90247
12.71 1.90887
12.72 1.91318
12.73 1.91179
12.74 1.90308
12.75 1.88977
12.76 1.87935
12.77 1.88001
12.78 1.89254
12.79 1.90726
12.8 1.91305
12.81 1.90732
12.82 1.89651
12.83 1.8883
12.84 1.88539
12.85 1.88701
12.86 1.8899
12.87 1.89126
12.88 1.89095
12.89 1.88969
12.9 1.88764
12.91 1.88478
12.92 1.88153
12.93 1.87904
12.94 1.87869
12.95 1.88073
12.96 1.88407
12.97 1.8874
12.98 1.88981
12.99 1.89038
13 1.88804
13.01 1.8822
13.02 1.87484
13.03 1.87214
13.04 1.87874
13.05 1.89074
13.06 1.90129
13.07 1.90702
13.08 1.90613
13.09 1.89617
13.1 1.87683
13.11 1.8567
13.12 1.8472
13.13 1.84548
13.14 1.84371
13.15 1.84286
13.16 1.84666
13.17 1.8547
13.18 1.86444
13.19 1.87398
13.2 1.88101
13.21 1.88356
13.22 1.88219
13.23 1.87961
13.24 1.87869
13.25 1.88092
13.26 1.88625
13.27 1.8932
13.28 1.89862
13.29 1.89861
13.3 1.89142
13.31 1.88015
13.32 1.8703
13.33 1.86246
13.34 1.85127
13.35 1.83282
13.36 1.81142
13.37 1.79813
13.38 1.7986
13.39 1.80812
13.4 1.82078
13.41 1.83321
13.42 1.84412
13.43 1.85489
13.44 1.86626
13.45 1.87668
13.46 1.88448
13.47 1.88895
13.48 1.88962
13.49 1.88584
13.5 1.87716
13.51 1.8647
13.52 1.85386
13.53 1.85242
13.54 1.85961
13.55 1.86647
13.56 1.86787
13.57 1.8648
13.58 1.86051
13.59 1.85827
13.6 1.86008
13.61 1.86547
13.62 1.87167
13.63 1.87543
13.64 1.8741
13.65 1.866
13.66 1.85163
13.67 1.83454
13.68 1.8181
13.69 1.80507
13.7 1.80345
13.71 1.81758
13.72 1.83746
13.73 1.85236
13.74 1.86047
13.75 1.86443
13.76 1.86705
13.77 1.86969
13.78 1.87151
13.79 1.87168
13.8 1.8709
13.81 1.86998
13.82 1.86889
13.83 1.86795
13.84 1.86818
13.85 1.87031
13.86 1.87412
13.87 1.87882
13.88 1.88356
13.89 1.88766
13.9 1.89061
13.91 1.89217
13.92 1.89272
13.93 1.89331
13.94 1.89445
13.95 1.89458
13.96 1.89044
13.97 1.88054
13.98 1.86904
13.99 1.86314
14 1.86441
14.01 1.86788
14.02 1.86771
14.03 1.86119
14.04 1.85077
14.05 1.84344
14.06 1.84756
14.07 1.86403
14.08 1.88098
14.09 1.88623
14.1 1.8818
14.11 1.88111
14.12 1.88844
14.13 1.89528
14.14 1.89591
14.15 1.89122
14.16 1.88536
14.17 1.88236
14.18 1.88232
14.19 1.88102
14.2 1.87459
14.21 1.86437
14.22 1.85658
14.23 1.85502
14.24 1.85682
14.25 1.85755
14.26 1.85505
14.27 1.849
14.28 1.84153
14.29 1.83888
14.3 1.84578
14.31 1.85779
14.32 1.86799
14.33 1.87452
14.34 1.87806
14.35 1.87838
14.36 1.87473
14.37 1.86793
14.38 1.86146
14.39 1.85955
14.4 1.86336
14.41 1.86986
14.42 1.87548
14.43 1.87926
14.44 1.88251
14.45 1.88656
14.46 1.89101
14.47 1.89377
14.48 1.8919
14.49 1.88334
14.5 1.87137
14.51 1.86556
14.52 1.86849
14.53 1.8726
14.54 1.87533
14.55 1.87955
14.56 1.88529
14.57 1.88913
14.58 1.88733
14.59 1.87748
14.6 1.86034
14.61 1.84273
14.62 1.83606
14.63 1.84676
14.64 1.86786
14.65 1.88425
14.66 1.88737
14.67 1.88394
14.68 1.88572
14.69 1.89101
14.7 1.89403
14.71 1.89608
14.72 1.89736
14.73 1.89479
14.74 1.8871
14.75 1.87552
14.76 1.86167
14.77 1.84682
14.78 1.83422
14.79 1.83088
14.8 1.83847
14.81 1.84639
14.82 1.84689
14.83 1.8451
14.84 1.84757
14.85 1.85351
14.86 1.86292
14.87 1.87757
14.88 1.89503
14.89 1.91065
14.9 1.92178
14.91 1.92808
14.92 1.93028
14.93 1.92936
14.94 1.92609
14.95 1.92074
14.96 1.91328
14.97 1.90429
14.98 1.89514
14.99 1.88654
15 1.87889
15.01 1.8738
15.02 1.87169
15.03 1.86992
15.04 1.86708
15.05 1.86676
15.06 1.87262
15.07 1.88219
15.08 1.89094
15.09 1.89814
15.1 1.90523
15.11 1.91232
15.12 1.91809
15.13 1.92152
15.14 1.92267
15.15 1.92218
15.16 1.91995
15.17 1.91416
15.18 1.90209
15.19 1.88295
15.2 1.86012
15.21 1.84209
15.22 1.83706
15.23 1.84312
15.24 1.85213
15.25 1.85726
15.26 1.85742
15.27 1.85744
15.28 1.86053
15.29 1.86433
15.3 1.86567
15.31 1.86394
15.32 1.86092
15.33 1.85833
15.34 1.85577
15.35 1.85193
15.36 1.84657
15.37 1.84078
15.38 1.83641
15.39 1.83531
15.4 1.83765
15.41 1.84083
15.42 1.84108
15.43 1.83588
15.44 1.82479
15.45 1.80774
15.46 1.78515
15.47 1.77042
15.48 1.77474
15.49 1.78245
15.5 1.79548
15.51 1.81978
15.52 1.84066
15.53 1.85132
15.54 1.85492
15.55 1.85493
15.56 1.85322
15.57 1.85067
15.58 1.84777
15.59 1.84491
15.6 1.84255
15.61 1.8411
15.62 1.84075
15.63 1.84114
15.64 1.84138
15.65 1.84033
15.66 1.83698
15.67 1.83103
15.68 1.82399
15.69 1.8197
15.7 1.82183
15.71 1.82949
15.72 1.83725
15.73 1.84113
15.74 1.84228
15.75 1.84426
15.76 1.84898
15.77 1.85602
15.78 1.86365
15.79 1.86936
15.8 1.87094
15.81 1.86775
15.82 1.86132
15.83 1.8547
15.84 1.85043
15.85 1.84881
15.86 1.849
15.87 1.85172
15.88 1.85867
15.89 1.86765
15.9 1.87097
15.91 1.86224
15.92 1.85042
15.93 1.85212
15.94 1.8576
15.95 1.85305
15.96 1.84572
15.97 1.8467
15.98 1.85491
15.99 1.86282
16 1.86876
16.01 1.87495
16.02 1.88145
16.03 1.88765
16.04 1.89333
16.05 1.89725
16.06 1.89694
16.07 1.88982
16.08 1.87574
16.09 1.86042
16.1 1.85502
16.11 1.86416
16.12 1.87744
16.13 1.88256
16.14 1.87851
16.15 1.87393
16.16 1.87416
16.17 1.87465
16.18 1.87104
16.19 1.86657
16.2 1.86699
16.21 1.87199
16.22 1.87509
16.23 1.87072
16.24 1.85861
16.25 1.84447
16.26 1.83665
16.27 1.84004
16.28 1.85357
16.29 1.87054
16.3 1.88372
16.31 1.88961
16.32 1.88728
16.33 1.87765
16.34 1.86523
16.35 1.85623
16.36 1.85154
16.37 1.84876
16.38 1.84978
16.39 1.85829
16.4 1.87257
16.41 1.88645
16.42 1.89532
16.43 1.89788
16.44 1.89452
16.45 1.88608
16.46 1.87392
16.47 1.86033
16.48 1.84856
16.49 1.84207
16.5 1.84134
16.51 1.84133
16.52 1.83668
16.53 1.82803
16.54 1.82085
16.55 1.81825
16.56 1.81872
16.57 1.82527
16.58 1.84133
16.59 1.85695
16.6 1.86148
16.61 1.85605
16.62 1.84964
16.63 1.85015
16.64 1.85691
16.65 1.86468
16.66 1.87085
16.67 1.87495
16.68 1.87669
16.69 1.8759
16.7 1.8726
16.71 1.86709
16.72 1.86066
16.73 1.85571
16.74 1.85432
16.75 1.85571
16.76 1.85646
16.77 1.85409
16.78 1.84964
16.79 1.84622
16.8 1.84535
16.81 1.8463
16.82 1.84862
16.83 1.85334
16.84 1.86072
16.85 1.86838
16.86 1.87346
16.87 1.87497
16.88 1.87367
16.89 1.87089
16.9 1.86788
16.91 1.86549
16.92 1.86361
16.93 1.86124
16.94 1.85791
16.95 1.85514
16.96 1.85497
16.97 1.85605
16.98 1.85252
16.99 1.8384
17 1.81705
17.01 1.80536
17.02 1.81284
17.03 1.83288
17.04 1.85298
17.05 1.86293
17.06 1.86241
17.07 1.85667
17.08 1.85119
17.09 1.8491
17.1 1.8503
17.11 1.85248
17.12 1.85335
17.13 1.85196
17.14 1.84893
17.15 1.84558
17.16 1.84284
17.17 1.84061
17.18 1.8385
17.19 1.83672
17.2 1.83581
17.21 1.83572
17.22 1.83591
17.23 1.83607
17.24 1.83632
17.25 1.83658
17.26 1.8365
17.27 1.8363
17.28 1.83702
17.29 1.83977
17.3 1.84498
17.31 1.85202
17.32 1.85894
17.33 1.86319
17.34 1.86265
17.35 1.85587
17.36 1.84358
17.37 1.83461
17.38 1.83865
17.39 1.84735
17.4 1.84898
17.41 1.84122
17.42 1.82531
17.43 1.80758
17.44 1.7981
17.45 1.80079
17.46 1.81118
17.47 1.82249
17.48 1.83297
17.49 1.84419
17.5 1.85281
17.51 1.85229
17.52 1.84277
17.53 1.83516
17.54 1.83604
17.55 1.83775
17.56 1.83376
17.57 1.82885
17.58 1.83232
17.59 1.84348
17.6 1.85287
17.61 1.85377
17.62 1.84397
17.63 1.82696
17.64 1.81705
17.65 1.82399
17.66 1.83809
17.67 1.85013
17.68 1.8575
17.69 1.85949
17.7 1.85819
17.71 1.85813
17.72 1.86243
17.73 1.86937
17.74 1.8742
17.75 1.87388
17.76 1.86959
17.77 1.8661
17.78 1.86698
17.79 1.87015
17.8 1.87109
17.81 1.86785
17.82 1.86074
17.83 1.85356
17.84 1.8555
17.85 1.86684
17.86 1.87462
17.87 1.87018
17.88 1.85224
17.89 1.82631
17.9 1.81119
17.91 1.81932
17.92 1.83746
17.93 1.85286
17.94 1.86348
17.95 1.87066
17.96 1.87555
17.97 1.8779
17.98 1.87693
17.99 1.87292
18 1.8681
18.01 1.86664
18.02 1.87074
18.03 1.87448
18.04 1.86774
18.05 1.84678
18.06 1.82063
18.07 1.80668
18.08 1.81318
18.09 1.83071
18.1 1.84677
18.11 1.85469
18.12 1.8532
18.13 1.84854
18.14 1.84801
18.15 1.85038
18.16 1.85178
18.17 1.85201
18.18 1.85175
18.19 1.85033
18.2 1.84639
18.21 1.83904
18.22 1.82898
18.23 1.82127
18.24 1.8239
18.25 1.83668
18.26 1.8509
18.27 1.8613
18.28 1.86815
18.29 1.87312
18.3 1.87719
18.31 1.88034
18.32 1.88194
18.33 1.88124
18.34 1.87752
18.35 1.86882
18.36 1.85152
18.37 1.82857
18.38 1.81833
18.39 1.82639
18.4 1.83514
18.41 1.84184
18.42 1.85312
18.43 1.86732
18.44 1.87979
18.45 1.8881
18.46 1.89134
18.47 1.88893
18.48 1.88165
18.49 1.87305
18.5 1.86702
18.51 1.86297
18.52 1.85705
18.53 1.84808
18.54 1.84022
18.55 1.84631
18.56 1.86765
18.57 1.88205
18.58 1.87592
18.59 1.85435
18.6 1.83194
18.61 1.82439
18.62 1.83529
18.63 1.85292
18.64 1.86638
18.65 1.87453
18.66 1.87969
18.67 1.88246
18.68 1.88217
18.69 1.87848
18.7 1.87204
18.71 1.86438
18.72 1.85725
18.73 1.8518
18.74 1.84851
18.75 1.8478
18.76 1.84991
18.77 1.85425
18.78 1.85952
18.79 1.86431
18.8 1.86767
18.81 1.8692
18.82 1.86904
18.83 1.86747
18.84 1.86461
18.85 1.86013
18.86 1.85364
18.87 1.84542
18.88 1.83648
18.89 1.82818
18.9 1.82412
18.91 1.82836
18.92 1.83839
18.93 1.84885
18.94 1.85779
18.95 1.86484
18.96 1.86952
18.97 1.8717
18.98 1.87175
18.99 1.87043
19 1.86871
19.01 1.8677
19.02 1.86841
19.03 1.87064
19.04 1.87223
19.05 1.87059
19.06 1.86561
19.07 1.86186
19.08 1.86524
19.09 1.87523
19.1 1.88459
19.11 1.88708
19.12 1.88237
19.13 1.87675
19.14 1.87785
19.15 1.88535
19.16 1.8933
19.17 1.89873
19.18 1.9019
19.19 1.90278
19.2 1.90022
19.21 1.89383
19.22 1.88601
19.23 1.88199
19.24 1.88543
19.25 1.89472
19.26 1.90529
19.27 1.9136
19.28 1.91856
19.29 1.92073
19.3 1.92102
19.31 1.91966
19.32 1.91595
19.33 1.90881
19.34 1.89823
19.35 1.88642
19.36 1.87715
19.37 1.87393
19.38 1.87766
19.39 1.88548
19.4 1.89455
19.41 1.90415
19.42 1.91287
19.43 1.91824
19.44 1.91913
19.45 1.91619
19.46 1.91065
19.47 1.90153
19.48 1.88199
19.49 1.85015
19.5 1.83529
19.51 1.86002
19.52 1.89244
19.53 1.90542
19.54 1.8994
19.55 1.885
19.56 1.87629
19.57 1.87836
19.58 1.88552
19.59 1.88649
19.6 1.86945
19.61 1.84584
19.62 1.83629
19.63 1.83825
19.64 1.85465
19.65 1.88121
19.66 1.89865
19.67 1.89682
19.68 1.88181
19.69 1.86198
19.7 1.83791
19.71 1.81975
19.72 1.82502
19.73 1.85127
19.74 1.87798
19.75 1.89407
19.76 1.90209
19.77 1.90612
19.78 1.90613
19.79 1.89986
19.8 1.88809
19.81 1.87832
19.82 1.87921
19.83 1.88922
19.84 1.89914
19.85 1.90301
19.86 1.90016
19.87 1.89268
19.88 1.88399
19.89 1.87798
19.9 1.87652
19.91 1.87787
19.92 1.87874
19.93 1.87734
19.94 1.87398
19.95 1.86992
19.96 1.86647
19.97 1.86531
19.98 1.86743
19.99 1.86932
20 1.86439
20.01 1.8514
20.02 1.8405
20.03 1.84356
20.04 1.85673
20.05 1.868
20.06 1.87153
20.07 1.86765
20.08 1.85881
20.09 1.84795
20.1 1.83846
20.11 1.83418
20.12 1.83686
20.13 1.844
20.14 1.85153
20.15 1.85755
20.16 1.86231
20.17 1.86571
20.18 1.86565
20.19 1.86046
20.2 1.85317
20.21 1.8502
20.22 1.85368
20.23 1.8598
20.24 1.86396
20.25 1.86389
20.26 1.85974
20.27 1.85282
20.28 1.84492
20.29 1.83899
20.3 1.83828
20.31 1.84342
20.32 1.85172
20.33 1.85983
20.34 1.86608
20.35 1.8706
20.36 1.87404
20.37 1.87596
20.38 1.87383
20.39 1.86309
20.4 1.84099
20.41 1.8176
20.42 1.81334
20.43 1.8258
20.44 1.83496
20.45 1.83506
20.46 1.83143
20.47 1.82861
20.48 1.82727
20.49 1.82603
20.5 1.82425
20.51 1.82318
20.52 1.82434
20.53 1.82745
20.54 1.83274
20.55 1.84148
20.56 1.84289
20.57 1.81461
20.58 1.79014
20.59 1.81772
20.6 1.82938
20.61 1.80734
20.62 1.79634
20.63 1.81126
20.64 1.82538
20.65 1.83085
20.66 1.83525
20.67 1.84196
20.68 1.84777
20.69 1.849
20.7 1.8443
20.71 1.8344
20.72 1.82304
20.73 1.81625
20.74 1.81604
20.75 1.81807
20.76 1.8184
20.77 1.81717
20.78 1.81662
20.79 1.81812
20.8 1.82115
20.81 1.82448
20.82 1.82698
20.83 1.82709
20.84 1.82249
20.85 1.81028
20.86 1.78949
20.87 1.76834
20.88 1.76364
20.89 1.7773
20.9 1.79582
20.91 1.81165
20.92 1.82321
20.93 1.8292
20.94 1.82843
20.95 1.82085
20.96 1.80796
20.97 1.79285
20.98 1.78035
20.99 1.77663
21 1.78481
21.01 1.79981
21.02 1.81197
21.03 1.8143
21.04 1.80492
21.05 1.78857
21.06 1.77774
21.07 1.78216
21.08 1.79776
21.09 1.81491
21.1 1.82832
21.11 1.83737
21.12 1.84335
21.13 1.84705
21.14 1.84706
21.15 1.8403
21.16 1.82606
21.17 1.81177
21.18 1.80598
21.19 1.80606
21.2 1.80916
21.21 1.81459
21.22 1.8168
21.23 1.81341
21.24 1.809
21.25 1.80882
21.26 1.81398
21.27 1.82202
21.28 1.82963
21.29 1.83467
21.3 1.83672
21.31 1.83659
21.32 1.83549
21.33 1.83431
21.34 1.83339
21.35 1.83281
21.36 1.83271
21.37 1.83321
21.38 1.83416
21.39 1.83513
21.4 1.83568
21.41 1.83557
21.42 1.83507
21.43 1.83493
21.44 1.83548
21.45 1.83521
21.46 1.83068
21.47 1.81983
21.48 1.80603
21.49 1.7951
21.5 1.78738
21.51 1.78133
21.52 1.78162
21.53 1.79227
21.54 1.80752
21.55 1.81785
21.56 1.81931
21.57 1.81383
21.58 1.80601
21.59 1.80086
21.6 1.80098
21.61 1.80549
21.62 1.8123
21.63 1.81961
21.64 1.82571
21.65 1.8291
21.66 1.82864
21.67 1.82326
21.68 1.81215
21.69 1.79836
21.7 1.79248
21.71 1.80045
21.72 1.81267
21.73 1.81941
21.74 1.81942
21.75 1.81486
21.76 1.80819
21.77 1.80178
21.78 1.7979
21.79 1.79827
21.8 1.80328
21.81 1.81119
21.82 1.81855
21.83 1.82295
21.84 1.8246
21.85 1.82487
21.86 1.82419
21.87 1.82159
21.88 1.81602
21.89 1.80832
21.9 1.80139
21.91 1.79706
21.92 1.79411
21.93 1.79128
21.94 1.79013
21.95 1.79428
21.96 1.80479
21.97 1.81576
21.98 1.81868
21.99 1.81033
22 1.79675
22.01 1.78984
22.02 1.79595
22.03 1.80995
22.04 1.82217
22.05 1.82769
22.06 1.82756
22.07 1.82509
22.08 1.82299
22.09 1.82294
22.1 1.82454
22.11 1.82522
22.12 1.82289
22.13 1.81782
22.14 1.81243
22.15 1.80969
22.16 1.8109
22.17 1.81416
22.18 1.81505
22.19 1.80925
22.2 1.79664
22.21 1.7842
22.22 1.78059
22.23 1.78679
22.24 1.7971
22.25 1.80575
22.26 1.80976
22.27 1.80776
22.28 1.79876
22.29 1.78456
22.3 1.77453
22.31 1.77713
22.32 1.78629
22.33 1.79498
22.34 1.80397
22.35 1.81355
22.36 1.82197
22.37 1.82776
22.38 1.83031
22.39 1.83048
22.4 1.83073
22.41 1.83331
22.42 1.83828
22.43 1.84359
22.44 1.84653
22.45 1.84524
22.46 1.83907
22.47 1.82824
22.48 1.81387
22.49 1.79953
22.5 1.79039
22.51 1.78637
22.52 1.78191
22.53 1.77942
22.54 1.7893
22.55 1.81118
22.56 1.83477
22.57 1.85225
22.58 1.86082
22.59 1.86256
22.6 1.86221
22.61 1.86355
22.62 1.86694
22.63 1.86987
22.64 1.87066
22.65 1.871
22.66 1.87293
22.67 1.87446
22.68 1.87103
22.69 1.85818
22.7 1.8336
22.71 1.80535
22.72 1.79774
22.73 1.82252
22.74 1.85793
22.75 1.88415
22.76 1.89913
22.77 1.90656
22.78 1.90934
22.79 1.9093
22.8 1.90772
22.81 1.90471
22.82 1.89883
22.83 1.88852
22.84 1.87496
22.85 1.86224
22.86 1.85308
22.87 1.84696
22.88 1.84444
22.89 1.84929
22.9 1.86324
22.91 1.88202
22.92 1.89866
22.93 1.9077
22.94 1.90581
22.95 1.89174
22.96 1.87195
22.97 1.86304
22.98 1.86923
22.99 1.87602
23 1.87483
23.01 1.86749
23.02 1.85942
23.03 1.85547
23.04 1.85751
23.05 1.86633
23.06 1.8809
23.07 1.89381
23.08 1.89745
23.09 1.89412
23.1 1.89169
23.11 1.89309
23.12 1.89493
23.13 1.89242
23.14 1.88211
23.15 1.86425
23.16 1.8462
23.17 1.83778
23.18 1.842
23.19 1.85571
23.2 1.87106
23.21 1.8808
23.22 1.88334
23.23 1.88036
23.24 1.874
23.25 1.8658
23.26 1.85603
23.27 1.84488
23.28 1.83756
23.29 1.84246
23.3 1.85761
23.31 1.87255
23.32 1.88102
23.33 1.88256
23.34 1.87943
23.35 1.87485
23.36 1.87079
23.37 1.86593
23.38 1.85718
23.39 1.84364
23.4 1.8282
23.41 1.81449
23.42 1.80172
23.43 1.78428
23.44 1.76873
23.45 1.77888
23.46 1.8085
23.47 1.83309
23.48 1.84622
23.49 1.8502
23.5 1.84957
23.51 1.8484
23.52 1.84717
23.53 1.84412
23.54 1.84041
23.55 1.84084
23.56 1.84673
23.57 1.85372
23.58 1.85776
23.59 1.85686
23.6 1.8504
23.61 1.84104
23.62 1.83462
23.63 1.83363
23.64 1.83559
23.65 1.83894
23.66 1.8434
23.67 1.84832
23.68 1.85338
23.69 1.8589
23.7 1.86512
23.71 1.87146
23.72 1.87648
23.73 1.87826
23.74 1.87467
23.75 1.86368
23.76 1.84561
23.77 1.82616
23.78 1.81199
23.79 1.80308
23.8 1.79949
23.81 1.80527
23.82 1.81925
23.83 1.83547
23.84 1.84966
23.85 1.85996
23.86 1.86504
23.87 1.86323
23.88 1.85333
23.89 1.83777
23.9 1.82393
23.91 1.817
23.92 1.81444
23.93 1.81259
23.94 1.81155
23.95 1.81245
23.96 1.81454
23.97 1.81573
23.98 1.81503
23.99 1.81334
24 1.81226
24.01 1.81296
24.02 1.81573
24.03 1.81999
24.04 1.82444
24.05 1.82785
24.06 1.82949
24.07 1.82918
24.08 1.8274
24.09 1.8254
24.1 1.82468
24.11 1.8256
24.12 1.82708
24.13 1.82771
24.14 1.82661
24.15 1.82308
24.16 1.81647
24.17 1.80752
24.18 1.79899
24.19 1.79255
24.2 1.78867
24.21 1.79059
24.22 1.79952
24.23 1.81103
24.24 1.82089
24.25 1.82666
24.26 1.8263
24.27 1.81923
24.28 1.80802
24.29 1.79741
24.3 1.79343
24.31 1.79978
24.32 1.81087
24.33 1.81893
24.34 1.82179
24.35 1.82056
24.36 1.8183
24.37 1.81943
24.38 1.82587
24.39 1.83436
24.4 1.84031
24.41 1.84206
24.42 1.84118
24.43 1.84104
24.44 1.84414
24.45 1.84996
24.46 1.85591
24.47 1.85954
24.48 1.85957
24.49 1.85641
24.5 1.85224
24.51 1.84923
24.52 1.84673
24.53 1.84211
24.54 1.83494
24.55 1.82904
24.56 1.82785
24.57 1.8287
24.58 1.82768
24.59 1.82908
24.6 1.83865
24.61 1.84996
24.62 1.85297
24.63 1.84717
24.64 1.84032
24.65 1.83695
24.66 1.83592
24.67 1.83836
24.68 1.84466
24.69 1.85168
24.7 1.85724
24.71 1.86106
24.72 1.86334
24.73 1.86437
24.74 1.86467
24.75 1.86433
24.76 1.86207
24.77 1.85542
24.78 1.84267
24.79 1.82733
24.8 1.82006
24.81 1.82577
24.82 1.83632
24.83 1.84547
24.84 1.8538
24.85 1.86214
24.86 1.86891
24.87 1.8717
24.88 1.86955
24.89 1.86406
24.9 1.85875
24.91 1.857
24.92 1.85974
24.93 1.86462
24.94 1.86798
24.95 1.86822
24.96 1.86693
24.97 1.86662
24.98 1.86794
24.99 1.87028
25 1.87328
25.01 1.8769
25.02 1.8808
25.03 1.8844
25.04 1.88718
25.05 1.88882
25.06 1.88919
25.07 1.88838
25.08 1.88687
25.09 1.88557
25.1 1.88561
25.11 1.8877
25.12 1.89142
25.13 1.89508
25.14 1.89671
25.15 1.89533
25.16 1.8918
25.17 1.88828
25.18 1.88685
25.19 1.88839
25.2 1.89223
25.21 1.89659
25.22 1.89945
25.23 1.89939
25.24 1.89623
25.25 1.89157
25.26 1.88792
25.27 1.88641
25.28 1.8862
25.29 1.88608
25.3 1.88548
25.31 1.88342
25.32 1.87709
25.33 1.86404
25.34 1.85016
25.35 1.85014
25.36 1.86435
25.37 1.87944
25.38 1.89086
25.39 1.90013
25.4 1.90743
25.41 1.91238
25.42 1.9156
25.43 1.91774
25.44 1.91773
25.45 1.91244
25.46 1.89729
25.47 1.86791
25.48 1.82757
25.49 1.80145
25.5 1.81442
25.51 1.85006
25.52 1.88159
25.53 1.90013
25.54 1.90721
25.55 1.9069
25.56 1.90332
25.57 1.89997
25.58 1.89863
25.59 1.8974
25.6 1.89061
25.61 1.8759
25.62 1.86715
25.63 1.87599
25.64 1.88474
25.65 1.87935
25.66 1.86573
25.67 1.85413
25.68 1.84692
25.69 1.84041
25.7 1.83381
25.71 1.82839
25.72 1.8205
25.73 1.82573
25.74 1.85753
25.75 1.88764
25.76 1.90199
25.77 1.90626
25.78 1.90572
25.79 1.90232
25.8 1.89662
25.81 1.88895
25.82 1.87956
25.83 1.86966
25.84 1.86275
25.85 1.86074
25.86 1.86023
25.87 1.85695
25.88 1.84896
25.89 1.83676
25.9 1.82986
25.91 1.83938
25.92 1.85299
25.93 1.85551
25.94 1.85077
25.95 1.84959
25.96 1.85564
25.97 1.86314
25.98 1.86535
25.99 1.86116
26 1.85617
26.01 1.85722
26.02 1.86348
26.03 1.869
26.04 1.87099
26.05 1.86992
26.06 1.86664
26.07 1.86119
26.08 1.85235
26.09 1.83803
26.1 1.82174
26.11 1.82048
26.12 1.84128
26.13 1.86582
26.14 1.88131
26.15 1.88729
26.16 1.88521
26.17 1.87582
26.18 1.86179
26.19 1.85079
26.2 1.85176
26.21 1.86441
26.22 1.87994
26.23 1.89174
26.24 1.89869
26.25 1.90212
26.26 1.90356
26.27 1.90417
26.28 1.90466
26.29 1.90508
26.3 1.90437
26.31 1.90013
26.32 1.8889
26.33 1.86809
26.34 1.84211
26.35 1.82738
26.36 1.83742
26.37 1.86178
26.38 1.88158
26.39 1.89034
26.4 1.8906
26.41 1.88639
26.42 1.88123
26.43 1.87731
26.44 1.87204
26.45 1.86108
26.46 1.85705
26.47 1.87731
26.48 1.905
26.49 1.92182
26.5 1.92878
26.51 1.93057
26.52 1.92871
26.53 1.92188
26.54 1.90828
26.55 1.88831
26.56 1.86708
26.57 1.85521
26.58 1.86045
26.59 1.87277
26.6 1.87674
26.61 1.8703
26.62 1.86054
26.63 1.85702
26.64 1.86726
26.65 1.88884
26.66 1.90969
26.67 1.91967
26.68 1.91595
26.69 1.90061
26.7 1.87928
26.71 1.86167
26.72 1.85658
26.73 1.86494
26.74 1.88136
26.75 1.89639
26.76 1.90144
26.77 1.89484
26.78 1.88532
26.79 1.88534
26.8 1.89303
26.81 1.89702
26.82 1.89269
26.83 1.8813
26.84 1.86575
26.85 1.85016
26.86 1.84006
26.87 1.83956
26.88 1.84731
26.89 1.85774
26.9 1.86559
26.91 1.86839
26.92 1.8677
26.93 1.8678
26.94 1.86846
26.95 1.86371
26.96 1.84981
26.97 1.82934
26.98 1.811
26.99 1.80587
27 1.81776
27.01 1.83933
27.02 1.85975
27.03 1.87248
27.04 1.87621
27.05 1.87237
27.06 1.86413
27.07 1.85693
27.08 1.8561
27.09 1.86176
27.1 1.86972
27.11 1.8763
27.12 1.87944
27.13 1.87775
27.14 1.87024
27.15 1.85694
27.16 1.84054
27.17 1.82999
27.18 1.83605
27.19 1.85192
27.2 1.86376
27.21 1.87156
27.22 1.88016
27.23 1.8897
27.24 1.89723
27.25 1.9004
27.26 1.89878
27.27 1.89392
27.28 1.88894
27.29 1.88663
27.3 1.88667
27.31 1.88555
27.32 1.88018
27.33 1.87297
27.34 1.87263
27.35 1.88279
27.36 1.89636
27.37 1.90732
27.38 1.91513
27.39 1.92051
27.4 1.92356
27.41 1.92434
27.42 1.92354
27.43 1.9225
27.44 1.92237
27.45 1.92292
27.46 1.92246
27.47 1.91861
27.48 1.90897
27.49 1.8934
27.5 1.87705
27.51 1.86331
27.52 1.84766
27.53 1.83462
27.54 1.83642
27.55 1.85239
27.56 1.87565
27.57 1.90227
27.58 1.92737
27.59 1.94667
27.6 1.95889
27.61 1.96445
27.62 1.96398
27.63 1.95793
27.64 1.94673
27.65 1.93109
27.66 1.91337
27.67 1.89972
27.68 1.89676
27.69 1.9012
27.7 1.89997
27.71 1.88324
27.72 1.85731
27.73 1.84704
27.74 1.86903
27.75 1.90797
27.76 1.93972
27.77 1.95576
27.78 1.95875
27.79 1.95303
27.8 1.94204
27.81 1.92918
27.82 1.91814
27.83 1.91223
27.84 1.91392
27.85 1.9226
27.86 1.93293
27.87 1.93833
27.88 1.93349
27.89 1.9141
27.9 1.88388
27.91 1.87005
27.92 1.89238
27.93 1.92622
27.94 1.95216
27.95 1.96838
27.96 1.97494
27.97 1.97288
27.98 1.96517
27.99 1.95598
28 1.94782
28.01 1.93881
28.02 1.92451
28.03 1.90393
28.04 1.88457
28.05 1.87765
28.06 1.88603
28.07 1.90255
28.08 1.91881
28.09 1.93131
28.1 1.94042
28.11 1.94637
28.12 1.94826
28.13 1.94632
28.14 1.94318
28.15 1.94237
28.16 1.94568
28.17 1.9522
28.18 1.95874
28.19 1.96115
28.2 1.95618
28.21 1.94428
28.22 1.93301
28.23 1.93139
28.24 1.93771
28.25 1.94491
28.26 1.95042
28.27 1.9544
28.28 1.9564
28.29 1.95433
28.3 1.94402
28.31 1.9216
28.32 1.89679
28.33 1.89288
28.34 1.90063
28.35 1.89572
28.36 1.89071
28.37 1.90296
28.38 1.92077
28.39 1.93192
28.4 1.93593
28.41 1.93933
28.42 1.94775
28.43 1.95899
28.44 1.96699
28.45 1.96821
28.46 1.96219
28.47 1.95027
28.48 1.93556
28.49 1.92278
28.5 1.91569
28.51 1.91367
28.52 1.91269
28.53 1.91007
28.54 1.90779
28.55 1.91143
28.56 1.92405
28.57 1.94085
28.58 1.9521
28.59 1.94859
28.6 1.93101
28.61 1.92257
28.62 1.93367
28.63 1.94057
28.64 1.93217
28.65 1.91411
28.66 1.89912
28.67 1.90255
28.68 1.91814
28.69 1.93043
28.7 1.93702
28.71 1.94068
28.72 1.94174
28.73 1.9397
28.74 1.93747
28.75 1.9376
28.76 1.93556
28.77 1.92753
28.78 1.91971
28.79 1.92047
28.8 1.92891
28.81 1.93868
28.82 1.94553
28.83 1.947
28.84 1.94167
28.85 1.93132
28.86 1.92267
28.87 1.92482
28.88 1.94027
28.89 1.9597
28.9 1.97242
28.91 1.97511
28.92 1.96901
28.93 1.95752
28.94 1.94645
28.95 1.94021
28.96 1.9371
28.97 1.93454
28.98 1.93271
28.99 1.92942
29 1.91999
29.01 1.90402
29.02 1.8909
29.03 1.89169
29.04 1.90121
29.05 1.90833
29.06 1.91233
29.07 1.91565
29.08 1.91732
29.09 1.916
29.1 1.91247
29.11 1.90886
29.12 1.90782
29.13 1.91117
29.14 1.91804
29.15 1.92559
29.16 1.93141
29.17 1.93418
29.18 1.93324
29.19 1.92906
29.2 1.92381
29.21 1.92004
29.22 1.91797
29.23 1.91533
29.24 1.91042
29.25 1.90436
29.26 1.90058
29.27 1.9017
29.28 1.90718
29.29 1.91432
29.3 1.92044
29.31 1.92403
29.32 1.92531
29.33 1.92585
29.34 1.92742
29.35 1.9308
29.36 1.93554
29.37 1.94058
29.38 1.9448
29.39 1.94699
29.4 1.9452
29.41 1.93697
29.42 1.92084
29.43 1.89884
29.44 1.87853
29.45 1.87254
29.46 1.88543
29.47 1.90658
29.48 1.9234
29.49 1.93085
29.5 1.93032
29.51 1.92626
29.52 1.92321
29.53 1.92232
29.54 1.92148
29.55 1.91908
29.56 1.9156
29.57 1.91391
29.58 1.91782
29.59 1.92775
29.6 1.93794
29.61 1.94021
29.62 1.9312
29.63 1.91576
29.64 1.90166
29.65 1.89218
29.66 1.88852
29.67 1.89162
29.68 1.89919
29.69 1.90667
29.7 1.91041
29.71 1.90977
29.72 1.90774
29.73 1.90785
29.74 1.90931
29.75 1.90834
29.76 1.90387
29.77 1.89908
29.78 1.89716
29.79 1.89655
29.8 1.89373
29.81 1.88965
29.82 1.88905
29.83 1.89392
29.84 1.90165
29.85 1.90974
29.86 1.91697
29.87 1.92231
29.88 1.92522
29.89 1.92437
29.9 1.9172
29.91 1.90276
29.92 1.88693
29.93 1.88124
29.94 1.88632
29.95 1.8908
29.96 1.88905
29.97 1.88379
29.98 1.87986
29.99 1.87984
30 1.88247
30.01 1.88442
30.02 1.88302
30.03 1.87787
30.04 1.87135
30.05 1.86771
30.06 1.86949
30.07 1.87553
30.08 1.88335
30.09 1.89107
30.1 1.89735
30.11 1.90122
30.12 1.9023
30.13 1.9008
30.14 1.89741
30.15 1.89291
30.16 1.88767
30.17 1.88166
30.18 1.87558
30.19 1.87125
30.2 1.86933
30.21 1.8679
30.22 1.86433
30.23 1.85691
30.24 1.84649
30.25 1.83882
30.26 1.83999
30.27 1.84974
30.28 1.86494
30.29 1.88166
30.3 1.89476
30.31 1.90119
30.32 1.90125
30.33 1.89701
30.34 1.89153
30.35 1.88799
30.36 1.88698
30.37 1.88521
30.38 1.87809
30.39 1.86395
30.4 1.84625
30.41 1.82985
30.42 1.81793
30.43 1.81474
30.44 1.81784
30.45 1.81713
30.46 1.81067
30.47 1.80826
30.48 1.8181
30.49 1.83656
30.5 1.85529
30.51 1.87044
30.52 1.8817
30.53 1.88914
30.54 1.89265
30.55 1.89187
30.56 1.88674
30.57 1.87996
30.58 1.87654
30.59 1.87586
30.6 1.87232
30.61 1.86857
30.62 1.87154
30.63 1.87497
30.64 1.86607
30.65 1.84342
30.66 1.81901
30.67 1.80591
30.68 1.80576
30.69 1.81309
30.7 1.82459
30.71 1.8372
30.72 1.84482
30.73 1.84629
30.74 1.84671
30.75 1.85019
30.76 1.8578
30.77 1.86631
30.78 1.86777
30.79 1.85688
30.8 1.8436
30.81 1.84106
30.82 1.84412
30.83 1.85119
30.84 1.86474
30.85 1.87753
30.86 1.88265
30.87 1.87869
30.88 1.86653
30.89 1.84749
30.9 1.82493
30.91 1.80847
30.92 1.81018
30.93 1.82771
30.94 1.84701
30.95 1.86151
30.96 1.87269
30.97 1.88152
30.98 1.88647
30.99 1.88605
31 1.87979
31.01 1.86739
31.02 1.84985
31.03 1.83306
31.04 1.82682
31.05 1.83441
31.06 1.84689
31.07 1.85363
31.08 1.85403
31.09 1.85263
31.1 1.84762
31.11 1.84149
31.12 1.84988
31.13 1.86932
31.14 1.87686
31.15 1.86387
31.16 1.84366
31.17 1.83991
31.18 1.85452
31.19 1.87292
31.2 1.88672
31.21 1.89246
31.22 1.88911
31.23 1.87792
31.24 1.86287
31.25 1.85223
31.26 1.85378
31.27 1.86436
31.28 1.8742
31.29 1.87794
31.3 1.87509
31.31 1.86781
31.32 1.8606
31.33 1.85721
31.34 1.85668
31.35 1.85631
31.36 1.85647
31.37 1.85938
31.38 1.86478
31.39 1.8679
31.4 1.86365
31.41 1.85724
31.42 1.86401
31.43 1.88255
31.44 1.89741
31.45 1.90316
31.46 1.90147
31.47 1.89439
31.48 1.88418
31.49 1.87488
31.5 1.8704
31.51 1.86945
31.52 1.86669
31.53 1.86134
31.54 1.86149
31.55 1.87175
31.56 1.88413
31.57 1.88962
31.58 1.88292
31.59 1.8639
31.6 1.85251
31.61 1.86689
31.62 1.88724
31.63 1.89742
31.64 1.89965
31.65 1.89826
31.66 1.89551
31.67 1.89188
31.68 1.88577
31.69 1.87562
31.7 1.8643
31.71 1.85833
31.72 1.85917
31.73 1.86057
31.74 1.85904
31.75 1.85954
31.76 1.86517
31.77 1.87116
31.78 1.87414
31.79 1.87589
31.8 1.87856
31.81 1.88203
31.82 1.88543
31.83 1.88881
31.84 1.89275
31.85 1.89726
31.86 1.90139
31.87 1.90358
31.88 1.90208
31.89 1.89549
31.9 1.88385
31.91 1.87017
31.92 1.85955
31.93 1.85503
31.94 1.85569
31.95 1.85878
31.96 1.86223
31.97 1.86695
31.98 1.87621
31.99 1.88975
32 1.90295
32.01 1.91231
32.02 1.91721
32.03 1.918
32.04 1.9146
32.05 1.90686
32.06 1.89582
32.07 1.88392
32.08 1.87248
32.09 1.85944
32.1 1.84339
32.11 1.8291
32.12 1.82148
32.13 1.81787
32.14 1.81618
32.15 1.82133
32.16 1.83676
32.17 1.85668
32.18 1.87402
32.19 1.88709
32.2 1.89629
32.21 1.90129
32.22 1.90167
32.23 1.89757
32.24 1.88986
32.25 1.88085
32.26 1.87413
32.27 1.8727
32.28 1.87673
32.29 1.88356
32.3 1.88917
32.31 1.88977
32.32 1.88311
32.33 1.86968
32.34 1.85392
32.35 1.84274
32.36 1.83866
32.37 1.83737
32.38 1.83448
32.39 1.83113
32.4 1.83246
32.41 1.83961
32.42 1.84791
32.43 1.85338
32.44 1.85453
32.45 1.85175
32.46 1.84866
32.47 1.84902
32.48 1.8516
32.49 1.85308
32.5 1.85297
32.51 1.85238
32.52 1.85022
32.53 1.8435
32.54 1.83075
32.55 1.81345
32.56 1.79521
32.57 1.77927
32.58 1.76688
32.59 1.75961
32.6 1.76007
32.61 1.76982
32.62 1.789
32.63 1.81305
32.64 1.83313
32.65 1.84359
32.66 1.84454
32.67 1.83948
32.68 1.83287
32.69 1.82759
32.7 1.82346
32.71 1.8197
32.72 1.81751
32.73 1.81707
32.74 1.81616
32.75 1.81488
32.76 1.81535
32.77 1.81644
32.78 1.81602
32.79 1.81557
32.8 1.81709
32.81 1.81832
32.82 1.81526
32.83 1.80894
32.84 1.80633
32.85 1.80844
32.86 1.80618
32.87 1.79836
32.88 1.7974
32.89 1.80609
32.9 1.81369
32.91 1.81665
32.92 1.81961
32.93 1.82571
32.94 1.8335
32.95 1.84092
32.96 1.84744
32.97 1.85234
32.98 1.85461
32.99 1.85493
33 1.85569
33.01 1.85853
33.02 1.86264
33.03 1.86596
33.04 1.86708
33.05 1.86561
33.06 1.86173
33.07 1.85558
33.08 1.84766
33.09 1.83949
33.1 1.83088
33.11 1.81449
33.12 1.79281
33.13 1.80376
33.14 1.84226
33.15 1.86814
33.16 1.87908
33.17 1.8837
33.18 1.88548
33.19 1.8845
33.2 1.87999
33.21 1.87167
33.22 1.86084
33.23 1.85151
33.24 1.84872
33.25 1.85309
33.26 1.8603
33.27 1.86629
33.28 1.86925
33.29 1.86844
33.3 1.86306
33.31 1.85271
33.32 1.84025
33.33 1.83225
33.34 1.83293
33.35 1.84279
33.36 1.8576
33.37 1.86954
33.38 1.87539
33.39 1.87674
33.4 1.87608
33.41 1.87519
33.42 1.87499
33.43 1.87556
33.44 1.87642
33.45 1.87689
33.46 1.87633
33.47 1.87415
33.48 1.86984
33.49 1.86305
33.5 1.85378
33.51 1.84248
33.52 1.83005
33.53 1.81804
33.54 1.81188
33.55 1.82119
33.56 1.84517
33.57 1.87026
33.58 1.8875
33.59 1.89613
33.6 1.89762
33.61 1.89247
33.62 1.87999
33.63 1.86136
33.64 1.84416
33.65 1.83635
33.66 1.83366
33.67 1.82859
33.68 1.82487
33.69 1.82984
33.7 1.84083
33.71 1.84957
33.72 1.85119
33.73 1.84413
33.74 1.82859
33.75 1.80688
33.76 1.78728
33.77 1.79258
33.78 1.8311
33.79 1.8692
33.8 1.88658
33.81 1.88708
33.82 1.8765
33.83 1.85735
33.84 1.83355
33.85 1.81712
33.86 1.81661
33.87 1.82421
33.88 1.83062
33.89 1.8352
33.9 1.84358
33.91 1.85691
33.92 1.86963
33.93 1.87863
33.94 1.88422
33.95 1.88655
33.96 1.8853
33.97 1.88118
33.98 1.87649
33.99 1.87386
34 1.87393
34.01 1.87467
34.02 1.87316
34.03 1.86802
34.04 1.86085
34.05 1.85408
34.06 1.84784
34.07 1.84367
34.08 1.84568
34.09 1.8508
34.1 1.85324
34.11 1.85386
34.12 1.85587
34.13 1.86029
34.14 1.86546
34.15 1.86771
34.16 1.86316
34.17 1.85151
34.18 1.84111
34.19 1.8444
34.2 1.86044
34.21 1.87704
34.22 1.88768
34.23 1.89307
34.24 1.89561
34.25 1.89661
34.26 1.8962
34.27 1.89393
34.28 1.88926
34.29 1.882
34.3 1.87318
34.31 1.86574
34.32 1.86249
34.33 1.86294
34.34 1.8643
34.35 1.86479
34.36 1.86411
34.37 1.86202
34.38 1.85749
34.39 1.84958
34.4 1.84019
34.41 1.83449
34.42 1.83557
34.43 1.84183
34.44 1.85037
34.45 1.85832
34.46 1.86297
34.47 1.8625
34.48 1.8564
34.49 1.84538
34.5 1.83251
34.51 1.82469
34.52 1.82839
34.53 1.84099
34.54 1.85435
34.55 1.86439
34.56 1.87117
34.57 1.87536
34.58 1.87699
34.59 1.87565
34.6 1.87097
34.61 1.86317
34.62 1.85401
34.63 1.84767
34.64 1.84851
34.65 1.85575
34.66 1.86391
34.67 1.86861
34.68 1.86925
34.69 1.86822
34.7 1.86835
34.71 1.86978
34.72 1.87008
34.73 1.86689
34.74 1.85967
34.75 1.85074
34.76 1.84526
34.77 1.84629
34.78 1.85012
34.79 1.84948
34.8 1.838
34.81 1.81648
34.82 1.80066
34.83 1.80333
34.84 1.81372
34.85 1.81966
34.86 1.82257
34.87 1.82757
34.88 1.83466
34.89 1.84257
34.9 1.8515
34.91 1.86
34.92 1.86416
34.93 1.85993
34.94 1.84638
34.95 1.82813
34.96 1.81304
34.97 1.80892
34.98 1.81802
34.99 1.83146
35 1.83929
35.01 1.84004
35.02 1.83827
35.03 1.83746
35.04 1.83635
35.05 1.83529
35.06 1.83809
35.07 1.84232
35.08 1.84002
35.09 1.82637
35.1 1.80257
35.11 1.78446
35.12 1.79767
35.13 1.82848
35.14 1.84669
35.15 1.84898
35.16 1.84246
35.17 1.83329
35.18 1.82633
35.19 1.82471
35.2 1.8274
35.21 1.8302
35.22 1.83037
35.23 1.8274
35.24 1.82124
35.25 1.81448
35.26 1.81396
35.27 1.82188
35.28 1.83097
35.29 1.83397
35.3 1.82944
35.31 1.82155
35.32 1.81791
35.33 1.82085
35.34 1.82371
35.35 1.82053
35.36 1.81355
35.37 1.81087
35.38 1.81702
35.39 1.82853
35.4 1.83979
35.41 1.84751
35.42 1.85069
35.43 1.84986
35.44 1.8466
35.45 1.84337
35.46 1.84278
35.47 1.84619
35.48 1.85263
35.49 1.85944
35.5 1.86353
35.51 1.86224
35.52 1.85435
35.53 1.84336
35.54 1.83774
35.55 1.83995
35.56 1.84206
35.57 1.83727
35.58 1.82581
35.59 1.81334
35.6 1.80707
35.61 1.81208
35.62 1.82847
35.63 1.84784
35.64 1.85971
35.65 1.86199
35.66 1.859
35.67 1.85231
35.68 1.84178
35.69 1.83136
35.7 1.8243
35.71 1.81885
35.72 1.81366
35.73 1.81348
35.74 1.82376
35.75 1.84261
35.76 1.86319
35.77 1.88048
35.78 1.89355
35.79 1.90368
35.8 1.91151
35.81 1.91595
35.82 1.915
35.83 1.90663
35.84 1.88969
35.85 1.86597
35.86 1.84257
35.87 1.82948
35.88 1.83088
35.89 1.84143
35.9 1.85327
35.91 1.86253
35.92 1.86915
35.93 1.87525
35.94 1.88345
35.95 1.89463
35.96 1.9071
35.97 1.91688
35.98 1.91878
35.99 1.91
36 1.8942
36.01 1.88176
36.02 1.88096
36.03 1.89014
36.04 1.90282
36.05 1.91467
36.06 1.924
36.07 1.9305
36.08 1.93452
36.09 1.93671
36.1 1.93756
36.11 1.9367
36.12 1.93211
36.13 1.91992
36.14 1.89637
36.15 1.86347
36.16 1.83511
36.17 1.82803
36.18 1.84095
36.19 1.86046
36.2 1.87887
36.21 1.89375
36.22 1.90329
36.23 1.90644
36.24 1.90522
36.25 1.90506
36.26 1.9093
36.27 1.91444
36.28 1.9158
36.29 1.91373
36.3 1.91197
36.31 1.91275
36.32 1.91447
36.33 1.91341
36.34 1.90693
36.35 1.8962
36.36 1.88678
36.37 1.88502
36.38 1.89251
36.39 1.90498
36.4 1.91626
36.41 1.92195
36.42 1.92117
36.43 1.9182
36.44 1.9207
36.45 1.93028
36.46 1.9406
36.47 1.94643
36.48 1.94596
36.49 1.93888
36.5 1.92738
36.51 1.91695
36.52 1.91219
36.53 1.91205
36.54 1.91228
36.55 1.91109
36.56 1.90961
36.57 1.90909
36.58 1.90983
36.59 1.91197
36.6 1.91566
36.61 1.92053
36.62 1.9257
36.63 1.92964
36.64 1.93027
36.65 1.92674
36.66 1.92153
36.67 1.91817
36.68 1.91464
36.69 1.90533
36.7 1.89487
36.71 1.89749
36.72 1.91124
36.73 1.92305
36.74 1.92941
36.75 1.93266
36.76 1.93429
36.77 1.93372
36.78 1.92943
36.79 1.92026
36.8 1.90716
36.81 1.89517
36.82 1.89093
36.83 1.89522
36.84 1.90355
36.85 1.91226
36.86 1.91928
36.87 1.92292
36.88 1.92215
36.89 1.91696
36.9 1.90835
36.91 1.89823
36.92 1.88943
36.93 1.88524
36.94 1.88793
36.95 1.89618
36.96 1.90509
36.97 1.91026
36.98 1.91053
36.99 1.90696
37 1.90091
37.01 1.89311
37.02 1.88465
37.03 1.87868
37.04 1.87909
37.05 1.88541
37.06 1.89193
37.07 1.89281
37.08 1.88544
37.09 1.87092
37.1 1.85504
37.11 1.84709
37.12 1.85015
37.13 1.8568
37.14 1.86164
37.15 1.86683
37.16 1.87552
37.17 1.88667
37.18 1.89612
37.19 1.8998
37.2 1.89573
37.21 1.88619
37.22 1.87902
37.23 1.87976
37.24 1.8833
37.25 1.88275
37.26 1.87896
37.27 1.87769
37.28 1.88201
37.29 1.88897
37.3 1.89318
37.31 1.89121
37.32 1.88322
37.33 1.87381
37.34 1.87032
37.35 1.87547
37.36 1.88482
37.37 1.89353
37.38 1.90009
37.39 1.90462
37.4 1.90728
37.41 1.90767
37.42 1.90478
37.43 1.89761
37.44 1.88675
37.45 1.87546
37.46 1.86706
37.47 1.86193
37.48 1.85974
37.49 1.86102
37.5 1.86517
37.51 1.86984
37.52 1.87251
37.53 1.87233
37.54 1.87142
37.55 1.87386
37.56 1.88095
37.57 1.88867
37.58 1.89241
37.59 1.89075
37.6 1.88454
37.61 1.87598
37.62 1.8674
37.63 1.85842
37.64 1.84702
37.65 1.83394
37.66 1.82249
37.67 1.81365
37.68 1.80431
37.69 1.79605
37.7 1.79624
37.71 1.8065
37.72 1.82094
37.73 1.83356
37.74 1.84304
37.75 1.85157
37.76 1.85964
37.77 1.86524
37.78 1.86719
37.79 1.86593
37.8 1.86215
37.81 1.85592
37.82 1.84679
37.83 1.8349
37.84 1.82258
37.85 1.81476
37.86 1.81657
37.87 1.82844
37.88 1.8448
37.89 1.85981
37.9 1.87124
37.91 1.87887
37.92 1.88205
37.93 1.87791
37.94 1.86054
37.95 1.82641
37.96 1.79255
37.97 1.79314
37.98 1.82504
37.99 1.85161
38 1.86054
38.01 1.85797
38.02 1.85038
38.03 1.84381
38.04 1.84349
38.05 1.8493
38.06 1.85645
38.07 1.861
38.08 1.86224
38.09 1.86192
38.1 1.86254
38.11 1.8654
38.12 1.86936
38.13 1.87205
38.14 1.87163
38.15 1.86699
38.16 1.85774
38.17 1.84628
38.18 1.83844
38.19 1.8381
38.2 1.84234
38.21 1.84505
38.22 1.84354
38.23 1.84122
38.24 1.84518
38.25 1.85642
38.26 1.8666
38.27 1.86986
38.28 1.86869
38.29 1.86844
38.3 1.87106
38.31 1.87475
38.32 1.87738
38.33 1.87808
38.34 1.87727
38.35 1.87613
38.36 1.87575
38.37 1.87657
38.38 1.87832
38.39 1.88027
38.4 1.8816
38.41 1.88191
38.42 1.88132
38.43 1.8797
38.44 1.87608
38.45 1.86888
38.46 1.85739
38.47 1.84388
38.48 1.83183
38.49 1.82267
38.5 1.82068
38.51 1.82985
38.52 1.84291
38.53 1.85137
38.54 1.85423
38.55 1.85411
38.56 1.85341
38.57 1.8532
38.58 1.85365
38.59 1.85448
38.6 1.85495
38.61 1.85362
38.62 1.84897
38.63 1.8408
38.64 1.83055
38.65 1.81965
38.66 1.80855
38.67 1.79725
38.68 1.78612
38.69 1.77934
38.7 1.78344
38.71 1.79945
38.72 1.82267
38.73 1.84458
38.74 1.85843
38.75 1.86346
38.76 1.86192
38.77 1.85614
38.78 1.84758
38.79 1.83692
38.8 1.82418
38.81 1.80911
38.82 1.79219
38.83 1.77675
38.84 1.7683
38.85 1.76777
38.86 1.77117
38.87 1.77605
38.88 1.78139
38.89 1.78658
38.9 1.79179
38.91 1.79735
38.92 1.80429
38.93 1.81294
38.94 1.82083
38.95 1.82534
38.96 1.82651
38.97 1.82602
38.98 1.82498
38.99 1.82263
39 1.81689
39.01 1.80593
39.02 1.78993
39.03 1.77218
39.04 1.75906
39.05 1.75702
39.06 1.76639
39.07 1.78032
39.08 1.79231
39.09 1.80086
39.1 1.8076
39.11 1.81478
39.12 1.82322
39.13 1.83085
39.14 1.83507
39.15 1.83488
39.16 1.83011
39.17 1.82164
39.18 1.81251
39.19 1.80708
39.2 1.80763
39.21 1.81184
39.22 1.81516
39.23 1.81556
39.24 1.81548
39.25 1.81901
39.26 1.82621
39.27 1.8327
39.28 1.83453
39.29 1.83087
39.3 1.823
39.31 1.81297
39.32 1.80317
39.33 1.79655
39.34 1.79607
39.35 1.80239
39.36 1.81221
39.37 1.82032
39.38 1.82396
39.39 1.82465
39.4 1.82542
39.41 1.82629
39.42 1.82323
39.43 1.81199
39.44 1.79365
39.45 1.77196
39.46 1.74536
39.47 1.73021
39.48 1.74982
39.49 1.77957
39.5 1.79689
39.51 1.80668
39.52 1.81742
39.53 1.82863
39.54 1.83609
39.55 1.8402
39.56 1.84312
39.57 1.84327
39.58 1.83574
39.59 1.81919
39.6 1.80715
39.61 1.81694
39.62 1.83684
39.63 1.84635
39.64 1.84277
39.65 1.83293
39.66 1.82431
39.67 1.82118
39.68 1.82328
39.69 1.82776
39.7 1.83224
39.71 1.83556
39.72 1.83666
39.73 1.83445
39.74 1.82959
39.75 1.82472
39.76 1.82087
39.77 1.81644
39.78 1.81123
39.79 1.8074
39.8 1.80638
39.81 1.80729
39.82 1.80791
39.83 1.80652
39.84 1.80253
39.85 1.79595
39.86 1.78857
39.87 1.78688
39.88 1.7965
39.89 1.81269
39.9 1.82632
39.91 1.83307
39.92 1.83233
39.93 1.82392
39.94 1.80768
39.95 1.78553
39.96 1.7646
39.97 1.75922
39.98 1.77365
39.99 1.79055
40 1.79829
40.01 1.79867
40.02 1.79721
40.03 1.79809
40.04 1.80178
40.05 1.80577
40.06 1.80786
40.07 1.80793
40.08 1.80719
40.09 1.80651
40.1 1.80549
40.11 1.80315
40.12 1.79977
40.13 1.79764
40.14 1.79719
40.15 1.79461
40.16 1.78794
40.17 1.78272
40.18 1.78444
40.19 1.78908
40.2 1.78922
40.21 1.78343
40.22 1.77731
40.23 1.77875
40.24 1.79033
40.25 1.8048
40.26 1.81183
40.27 1.81046
40.28 1.81043
40.29 1.81658
40.3 1.82226
40.31 1.82177
40.32 1.81552
40.33 1.80762
40.34 1.80282
40.35 1.80318
40.36 1.8064
40.37 1.8062
40.38 1.79703
40.39 1.77952
40.4 1.76206
40.41 1.76012
40.42 1.7804
40.43 1.80591
40.44 1.82187
40.45 1.82975
40.46 1.83573
40.47 1.84099
40.48 1.84277
40.49 1.83943
40.5 1.83121
40.51 1.81919
40.52 1.80618
40.53 1.79646
40.54 1.7924
40.55 1.79249
40.56 1.79358
40.57 1.79456
40.58 1.79758
40.59 1.80373
40.6 1.81007
40.61 1.81365
40.62 1.81456
40.63 1.81416
40.64 1.81378
40.65 1.81446
40.66 1.8155
40.67 1.81577
40.68 1.81777
40.69 1.82417
40.7 1.83196
40.71 1.83698
40.72 1.8379
40.73 1.83452
40.74 1.8272
40.75 1.81744
40.76 1.80563
40.77 1.79247
40.78 1.78579
40.79 1.78936
40.8 1.79481
40.81 1.79944
40.82 1.80641
40.83 1.81248
40.84 1.81284
40.85 1.80942
40.86 1.80998
40.87 1.81902
40.88 1.83191
40.89 1.84198
40.9 1.84761
40.91 1.8506
40.92 1.85237
40.93 1.85243
40.94 1.84934
40.95 1.84243
40.96 1.83325
40.97 1.8257
40.98 1.82337
40.99 1.82585
41 1.82997
41.01 1.83471
41.02 1.84016
41.03 1.84445
41.04 1.84655
41.05 1.84803
41.06 1.85054
41.07 1.85404
41.08 1.85776
41.09 1.86121
41.1 1.86418
41.11 1.86626
41.12 1.86665
41.13 1.86446
41.14 1.85903
41.15 1.8503
41.16 1.83996
41.17 1.83231
41.18 1.8313
41.19 1.83566
41.2 1.83958
41.21 1.83803
41.22 1.83022
41.23 1.82093
41.24 1.81873
41.25 1.82804
41.26 1.84367
41.27 1.85849
41.28 1.87053
41.29 1.87862
41.3 1.8797
41.31 1.87188
41.32 1.85662
41.33 1.83902
41.34 1.82612
41.35 1.82133
41.36 1.82316
41.37 1.83017
41.38 1.83974
41.39 1.84708
41.4 1.85105
41.41 1.85514
41.42 1.86247
41.43 1.87179
41.44 1.87915
41.45 1.882
41.46 1.88028
41.47 1.8756
41.48 1.8702
41.49 1.86609
41.5 1.86424
41.51 1.8641
41.52 1.86417
41.53 1.86347
41.54 1.86256
41.55 1.86283
41.56 1.86456
41.57 1.86578
41.58 1.86342
41.59 1.85754
41.6 1.85618
41.61 1.86579
41.62 1.87741
41.63 1.87994
41.64 1.87253
41.65 1.86066
41.66 1.85092
41.67 1.84776
41.68 1.85189
41.69 1.86006
41.7 1.8671
41.71 1.86934
41.72 1.86639
41.73 1.8605
41.74 1.85473
41.75 1.85168
41.76 1.85308
41.77 1.85883
41.78 1.86636
41.79 1.8726
41.8 1.87631
41.81 1.87794
41.82 1.87845
41.83 1.87852
41.84 1.87817
41.85 1.87644
41.86 1.87096
41.87 1.85803
41.88 1.83563
41.89 1.81005
41.9 1.79497
41.91 1.79424
41.92 1.79869
41.93 1.80235
41.94 1.80767
41.95 1.81827
41.96 1.83269
41.97 1.846
41.98 1.85461
41.99 1.85814
42 1.85865
42.01 1.85894
42.02 1.86085
42.03 1.86422
42.04 1.8675
42.05 1.86895
42.06 1.86698
42.07 1.85985
42.08 1.84639
42.09 1.83044
42.1 1.82402
42.11 1.83321
42.12 1.84798
42.13 1.85876
42.14 1.86435
42.15 1.8665
42.16 1.86657
42.17 1.86492
42.18 1.86047
42.19 1.85072
42.2 1.83588
42.21 1.82716
42.22 1.83554
42.23 1.85125
42.24 1.8625
42.25 1.86906
42.26 1.87396
42.27 1.87856
42.28 1.88276
42.29 1.88624
42.3 1.88896
42.31 1.89084
42.32 1.89143
42.33 1.89005
42.34 1.88648
42.35 1.88139
42.36 1.8762
42.37 1.87213
42.38 1.86858
42.39 1.86354
42.4 1.85632
42.41 1.84582
42.42 1.82597
42.43 1.79509
42.44 1.77762
42.45 1.80362
42.46 1.85129
42.47 1.88314
42.48 1.89525
42.49 1.89713
42.5 1.89454
42.51 1.88925
42.52 1.88286
42.53 1.87766
42.54 1.87483
42.55 1.87294
42.56 1.86958
42.57 1.86867
42.58 1.87911
42.59 1.89701
42.6 1.91081
42.61 1.91733
42.62 1.9188
42.63 1.9174
42.64 1.91443
42.65 1.91089
42.66 1.90811
42.67 1.90766
42.68 1.9098
42.69 1.91206
42.7 1.91071
42.71 1.90356
42.72 1.8918
42.73 1.87984
42.74 1.87264
42.75 1.87321
42.76 1.88213
42.77 1.8953
42.78 1.90539
42.79 1.90861
42.8 1.90564
42.81 1.89781
42.82 1.886
42.83 1.87404
42.84 1.87016
42.85 1.87849
42.86 1.89287
42.87 1.90555
42.88 1.91428
42.89 1.92033
42.9 1.92531
42.91 1.92995
42.92 1.93368
42.93 1.93447
42.94 1.92832
42.95 1.91172
42.96 1.89467
42.97 1.89801
42.98 1.91075
42.99 1.90437
43 1.87083
43.01 1.84028
43.02 1.84379
43.03 1.85682
43.04 1.86887
43.05 1.88519
43.06 1.90543
43.07 1.92372
43.08 1.93268
43.09 1.93004
43.1 1.91861
43.11 1.90451
43.12 1.89371
43.13 1.88504
43.14 1.8733
43.15 1.85927
43.16 1.84792
43.17 1.84724
43.18 1.86195
43.19 1.88031
43.2 1.88962
43.21 1.89093
43.22 1.89208
43.23 1.89586
43.24 1.89801
43.25 1.8954
43.26 1.89123
43.27 1.89027
43.28 1.8923
43.29 1.89501
43.3 1.89826
43.31 1.90278
43.32 1.90824
43.33 1.91279
43.34 1.91394
43.35 1.91006
43.36 1.90184
43.37 1.89291
43.38 1.88762
43.39 1.88712
43.4 1.88838
43.41 1.8876
43.42 1.88326
43.43 1.87639
43.44 1.86909
43.45 1.8631
43.46 1.85918
43.47 1.85703
43.48 1.85695
43.49 1.86142
43.5 1.8728
43.51 1.88844
43.52 1.90141
43.53 1.90794
43.54 1.90965
43.55 1.90949
43.56 1.90917
43.57 1.90925
43.58 1.90908
43.59 1.90751
43.6 1.90399
43.61 1.89905
43.62 1.89419
43.63 1.89088
43.64 1.88894
43.65 1.88667
43.66 1.88297
43.67 1.87843
43.68 1.87472
43.69 1.8733
43.7 1.87427
43.71 1.87687
43.72 1.88082
43.73 1.88649
43.74 1.89351
43.75 1.90016
43.76 1.90437
43.77 1.90477
43.78 1.90078
43.79 1.89301
43.8 1.88448
43.81 1.87912
43.82 1.87676
43.83 1.87252
43.84 1.86204
43.85 1.84837
43.86 1.84325
43.87 1.84956
43.88 1.8564
43.89 1.85921
43.9 1.86427
43.91 1.87573
43.92 1.88795
43.93 1.89407
43.94 1.8919
43.95 1.88192
43.96 1.86576
43.97 1.8474
43.98 1.83467
43.99 1.83584
44 1.85024
44.01 1.86717
44.02 1.87597
44.03 1.87373
44.04 1.86819
44.05 1.86951
44.06 1.87463
44.07 1.87424
44.08 1.86649
44.09 1.85649
44.1 1.85119
44.11 1.854
44.12 1.86248
44.13 1.87206
44.14 1.87964
44.15 1.88376
44.16 1.88389
44.17 1.88029
44.18 1.87393
44.19 1.86679
44.2 1.86172
44.21 1.86121
44.22 1.86575
44.23 1.87362
44.24 1.88207
44.25 1.88841
44.26 1.89049
44.27 1.88708
44.28 1.87894
44.29 1.86953
44.3 1.86219
44.31 1.85637
44.32 1.85185
44.33 1.85461
44.34 1.86844
44.35 1.88533
44.36 1.8949
44.37 1.89331
44.38 1.88245
44.39 1.86653
44.4 1.84999
44.41 1.84186
44.42 1.85072
44.43 1.86762
44.44 1.87855
44.45 1.88078
44.46 1.87622
44.47 1.86488
44.48 1.85063
44.49 1.84784
44.5 1.85846
44.51 1.86661
44.52 1.86843
44.53 1.86999
44.54 1.87232
44.55 1.87116
44.56 1.86387
44.57 1.8524
44.58 1.84394
44.59 1.84693
44.6 1.86034
44.61 1.87504
44.62 1.88535
44.63 1.89128
44.64 1.89447
44.65 1.8957
44.66 1.89507
44.67 1.89273
44.68 1.88739
44.69 1.87572
44.7 1.85676
44.71 1.83789
44.72 1.83066
44.73 1.83699
44.74 1.84816
44.75 1.85717
44.76 1.86289
44.77 1.86551
44.78 1.86442
44.79 1.85982
44.8 1.85487
44.81 1.85461
44.82 1.8608
44.83 1.87018
44.84 1.87837
44.85 1.88279
44.86 1.88292
44.87 1.87917
44.88 1.87131
44.89 1.85834
44.9 1.84171
44.91 1.82961
44.92 1.83142
44.93 1.8437
44.94 1.85485
44.95 1.85968
44.96 1.85999
44.97 1.85908
44.98 1.85865
44.99 1.85847
45 1.85751
45.01 1.85504
45.02 1.85121
45.03 1.84729
45.04 1.84535
45.05 1.84712
45.06 1.85227
45.07 1.85808
45.08 1.86146
45.09 1.86104
45.1 1.85763
45.11 1.85343
45.12 1.85081
45.13 1.85096
45.14 1.85325
45.15 1.85552
45.16 1.85545
45.17 1.85322
45.18 1.85258
45.19 1.85695
45.2 1.86477
45.21 1.87164
45.22 1.87502
45.23 1.87463
45.24 1.87094
45.25 1.86445
45.26 1.85589
45.27 1.84745
45.28 1.84322
45.29 1.84569
45.3 1.8524
45.31 1.85919
45.32 1.86383
45.33 1.86557
45.34 1.8645
45.35 1.86215
45.36 1.86103
45.37 1.8625
45.38 1.86618
45.39 1.87114
45.4 1.87646
45.41 1.88116
45.42 1.88437
45.43 1.88546
45.44 1.88421
45.45 1.88125
45.46 1.87797
45.47 1.87525
45.48 1.87247
45.49 1.86837
45.5 1.86279
45.51 1.85768
45.52 1.85619
45.53 1.85697
45.54 1.85667
45.55 1.86228
45.56 1.87372
45.57 1.87867
45.58 1.87801
45.59 1.88056
45.6 1.88668
45.61 1.89058
45.62 1.8889
45.63 1.88234
45.64 1.875
45.65 1.87196
45.66 1.87422
45.67 1.87802
45.68 1.88045
45.69 1.88268
45.7 1.88684
45.71 1.89212
45.72 1.89653
45.73 1.90025
45.74 1.90456
45.75 1.90876
45.76 1.91063
45.77 1.90937
45.78 1.90679
45.79 1.90562
45.8 1.90683
45.81 1.90872
45.82 1.90831
45.83 1.90383
45.84 1.89776
45.85 1.89574
45.86 1.89798
45.87 1.89766
45.88 1.89212
45.89 1.88653
45.9 1.88404
45.91 1.88153
45.92 1.87596
45.93 1.86901
45.94 1.86653
45.95 1.87199
45.96 1.88297
45.97 1.89527
45.98 1.90586
45.99 1.91256
46 1.91345
46.01 1.90737
46.02 1.89581
46.03 1.88442
46.04 1.87953
46.05 1.88089
46.06 1.88123
46.07 1.87422
46.08 1.85908
46.09 1.83968
46.1 1.82614
46.11 1.82843
46.12 1.8421
46.13 1.85592
46.14 1.86384
46.15 1.86502
46.16 1.86239
46.17 1.86045
46.18 1.86195
46.19 1.8661
46.2 1.86947
46.21 1.86812
46.22 1.85934
46.23 1.84288
46.24 1.82468
46.25 1.81615
46.26 1.82072
46.27 1.832
46.28 1.8445
46.29 1.85545
46.3 1.86368
46.31 1.86887
46.32 1.87119
46.33 1.87132
46.34 1.86987
46.35 1.86675
46.36 1.8613
46.37 1.8532
46.38 1.84298
46.39 1.83177
46.4 1.82
46.41 1.80635
46.42 1.78962
46.43 1.77465
46.44 1.77213
46.45 1.78476
46.46 1.80425
46.47 1.82315
46.48 1.8384
46.49 1.84859
46.5 1.85271
46.51 1.85021
46.52 1.84095
46.53 1.82545
46.54 1.80462
46.55 1.78206
46.56 1.77159
46.57 1.78384
46.58 1.80647
46.59 1.82541
46.6 1.83778
46.61 1.84464
46.62 1.84653
46.63 1.84277
46.64 1.83205
46.65 1.81363
46.66 1.79038
46.67 1.77329
46.68 1.77631
46.69 1.79661
46.7 1.81608
46.71 1.82585
46.72 1.8317
46.73 1.83983
46.74 1.84762
46.75 1.85148
46.76 1.85274
46.77 1.85361
46.78 1.85332
46.79 1.84949
46.8 1.8413
46.81 1.8308
46.82 1.82225
46.83 1.81967
46.84 1.82331
46.85 1.82884
46.86 1.83012
46.87 1.82359
46.88 1.81304
46.89 1.8075
46.9 1.80776
46.91 1.8049
46.92 1.80149
46.93 1.811
46.94 1.8282
46.95 1.84274
46.96 1.85492
46.97 1.86419
46.98 1.87
46.99 1.87362
47 1.87403
47.01 1.86761
47.02 1.85147
47.03 1.83434
47.04 1.83346
47.05 1.84316
47.06 1.85067
47.07 1.8593
47.08 1.86541
47.09 1.85937
47.1 1.85222
47.11 1.85996
47.12 1.87514
47.13 1.88626
47.14 1.89168
47.15 1.89356
47.16 1.89289
47.17 1.88973
47.18 1.88656
47.19 1.88646
47.2 1.88835
47.21 1.89001
47.22 1.89245
47.23 1.89765
47.24 1.90542
47.25 1.91335
47.26 1.91879
47.27 1.9203
47.28 1.91778
47.29 1.91185
47.3 1.90307
47.31 1.89141
47.32 1.87614
47.33 1.85661
47.34 1.83437
47.35 1.81651
47.36 1.81308
47.37 1.82596
47.38 1.8464
47.39 1.86456
47.4 1.87503
47.41 1.87712
47.42 1.87404
47.43 1.87091
47.44 1.87146
47.45 1.87547
47.46 1.87974
47.47 1.88193
47.48 1.8822
47.49 1.88172
47.5 1.8807
47.51 1.87816
47.52 1.8741
47.53 1.8707
47.54 1.86811
47.55 1.86042
47.56 1.84469
47.57 1.83722
47.58 1.85198
47.59 1.87254
47.6 1.88498
47.61 1.8906
47.62 1.89328
47.63 1.89431
47.64 1.89182
47.65 1.88046
47.66 1.85175
47.67 1.80904
47.68 1.7893
47.69 1.8019
47.7 1.81598
47.71 1.82526
47.72 1.83357
47.73 1.84193
47.74 1.85033
47.75 1.85786
47.76 1.8627
47.77 1.86377
47.78 1.86264
47.79 1.86269
47.8 1.86484
47.81 1.8656
47.82 1.86104
47.83 1.85045
47.84 1.83696
47.85 1.82515
47.86 1.81702
47.87 1.8126
47.88 1.81309
47.89 1.81974
47.9 1.83087
47.91 1.84252
47.92 1.85131
47.93 1.8557
47.94 1.85535
47.95 1.85028
47.96 1.8406
47.97 1.82669
47.98 1.8095
47.99 1.79074
48 1.77284
48.01 1.75928
48.02 1.7531
48.03 1.75422
48.04 1.75998
48.05 1.76778
48.06 1.77564
48.07 1.78222
48.08 1.78719
48.09 1.79657
48.1 1.81491
48.11 1.83263
48.12 1.84198
48.13 1.84417
48.14 1.84228
48.15 1.83797
48.16 1.83193
48.17 1.82467
48.18 1.81669
48.19 1.80843
48.2 1.80081
48.21 1.79611
48.22 1.79615
48.23 1.79884
48.24 1.79846
48.25 1.7897
48.26 1.77279
48.27 1.75933
48.28 1.76246
48.29 1.77685
48.3 1.78908
48.31 1.79375
48.32 1.7919
48.33 1.78577
48.34 1.77985
48.35 1.78549
48.36 1.80586
48.37 1.82781
48.38 1.84223
48.39 1.84876
48.4 1.84908
48.41 1.84458
48.42 1.8363
48.43 1.82556
48.44 1.8149
48.45 1.80731
48.46 1.80401
48.47 1.80692
48.48 1.81819
48.49 1.83063
48.5 1.83641
48.51 1.83746
48.52 1.83456
48.53 1.82863
48.54 1.8268
48.55 1.82984
48.56 1.83157
48.57 1.83073
48.58 1.83063
48.59 1.83367
48.6 1.83964
48.61 1.84694
48.62 1.85402
48.63 1.86034
48.64 1.86631
48.65 1.87215
48.66 1.87756
48.67 1.88198
48.68 1.88499
48.69 1.88637
48.7 1.88644
48.71 1.88645
48.72 1.88805
48.73 1.89151
48.74 1.89469
48.75 1.89399
48.76 1.88628
48.77 1.87104
48.78 1.85076
48.79 1.82679
48.8 1.80045
48.81 1.78242
48.82 1.78686
48.83 1.81165
48.84 1.84158
48.85 1.86665
48.86 1.88511
48.87 1.89792
48.88 1.90584
48.89 1.90918
48.9 1.90807
48.91 1.90281
48.92 1.89444
48.93 1.88527
48.94 1.87852
48.95 1.87662
48.96 1.87913
48.97 1.88273
48.98 1.88341
48.99 1.87895
49 1.86999
49.01 1.85859
49.02 1.8468
49.03 1.83827
49.04 1.83686
49.05 1.84267
49.06 1.85262
49.07 1.86234
49.08 1.86632
49.09 1.86078
49.1 1.8514
49.11 1.85367
49.12 1.87105
49.13 1.8897
49.14 1.90087
49.15 1.90479
49.16 1.90332
49.17 1.89734
49.18 1.88772
49.19 1.87736
49.2 1.87165
49.21 1.87444
49.22 1.88343
49.23 1.8927
49.24 1.89826
49.25 1.89986
49.26 1.89958
49.27 1.8993
49.28 1.89892
49.29 1.89738
49.3 1.89466
49.31 1.89195
49.32 1.89061
49.33 1.89113
49.34 1.89294
49.35 1.89511
49.36 1.89726
49.37 1.89997
49.38 1.90433
49.39 1.91098
49.4 1.91948
49.41 1.92827
49.42 1.93562
49.43 1.94082
49.44 1.94426
49.45 1.94642
49.46 1.94689
49.47 1.94466
49.48 1.93916
49.49 1.93126
49.5 1.92246
49.51 1.91303
49.52 1.90203
49.53 1.89013
49.54 1.88108
49.55 1.87767
49.56 1.87789
49.57 1.87967
49.58 1.88551
49.59 1.89641
49.6 1.90843
49.61 1.91868
49.62 1.92452
49.63 1.92168
49.64 1.91183
49.65 1.90583
49.66 1.90785
49.67 1.91172
49.68 1.9163
49.69 1.92414
49.7 1.93364
49.71 1.94105
49.72 1.94482
49.73 1.94536
49.74 1.94347
49.75 1.93949
49.76 1.93331
49.77 1.92451
49.78 1.91277
49.79 1.89831
49.8 1.88216
49.81 1.86612
49.82 1.85251
49.83 1.84399
49.84 1.84238
49.85 1.84656
49.86 1.85241
49.87 1.8557
49.88 1.85511
49.89 1.8524
49.9 1.85092
49.91 1.85392
49.92 1.86224
49.93 1.8733
49.94 1.88345
49.95 1.89048
49.96 1.89406
49.97 1.89525
49.98 1.89526
49.99 1.89344
50 1.88677
50.01 1.86993
50.02 1.83239
50.03 1.76633
50.04 1.72996
50.05 1.7692
50.06 1.81268
50.07 1.83679
50.08 1.85034
50.09 1.85916
50.1 1.86597
50.11 1.87161
50.12 1.87613
50.13 1.879
50.14 1.87855
50.15 1.87205
50.16 1.85694
50.17 1.83525
50.18 1.8212
50.19 1.82828
50.2 1.8452
50.21 1.85581
50.22 1.85731
50.23 1.85401
50.24 1.85155
50.25 1.85358
50.26 1.86005
50.27 1.86837
50.28 1.87585
50.29 1.88094
50.3 1.88314
50.31 1.88278
50.32 1.88028
50.33 1.87546
50.34 1.86828
50.35 1.85654
50.36 1.83508
50.37 1.80956
50.38 1.79914
50.39 1.80618
50.4 1.81662
50.41 1.82654
50.42 1.83777
50.43 1.84977
50.44 1.86113
50.45 1.87092
50.46 1.8777
50.47 1.8795
50.48 1.87769
50.49 1.87404
50.5 1.86266
50.51 1.84225
50.52 1.8332
50.53 1.8463
50.54 1.86463
50.55 1.87959
50.56 1.89172
50.57 1.89917
50.58 1.90109
50.59 1.90036
50.6 1.89859
50.61 1.89221
50.62 1.87578
50.63 1.8511
50.64 1.83532
50.65 1.84485
50.66 1.87063
50.67 1.89335
50.68 1.90576
50.69 1.91075
50.7 1.91246
50.71 1.91193
50.72 1.90768
50.73 1.89856
50.74 1.88623
50.75 1.87435
50.76 1.86705
50.77 1.867
50.78 1.87234
50.79 1.87848
50.8 1.88223
50.81 1.882
50.82 1.88019
50.83 1.88487
50.84 1.89876
50.85 1.91501
50.86 1.92684
50.87 1.93027
50.88 1.92503
50.89 1.9144
50.9 1.90303
50.91 1.89748
50.92 1.89736
50.93 1.88903
50.94 1.86421
50.95 1.85225
50.96 1.87471
50.97 1.89439
50.98 1.89711
50.99 1.895
