x y
0 1.68969
0.01 1.68599
0.02 1.68178
0.03 1.67672
0.04 1.67275
0.05 1.67366
0.06 1.68106
0.07 1.69215
0.08 1.70291
0.09 1.7113
0.1 1.71731
0.11 1.72173
0.12 1.72532
0.13 1.72862
0.14 1.73193
0.15 1.73538
0.16 1.73894
0.17 1.74246
0.18 1.74569
0.19 1.74833
0.2 1.75003
0.21 1.75049
0.22 1.74941
0.23 1.74633
0.24 1.74064
0.25 1.73211
0.26 1.72128
0.27 1.70876
0.28 1.69542
0.29 1.686
0.3 1.68884
0.31 1.70554
0.32 1.7287
0.33 1.75123
0.34 1.76807
0.35 1.77456
0.36 1.76845
0.37 1.75269
0.38 1.73756
0.39 1.73642
0.4 1.75197
0.41 1.77311
0.42 1.78968
0.43 1.79957
0.44 1.80466
0.45 1.80717
0.46 1.80862
0.47 1.80985
0.48 1.81124
0.49 1.81288
0.5 1.81467
0.51 1.81637
0.52 1.81759
0.53 1.81784
0.54 1.81666
0.55 1.81406
0.56 1.81083
0.57 1.80811
0.58 1.80646
0.59 1.80556
0.6 1.80368
0.61 1.79807
0.62 1.7884
0.63 1.7771
0.64 1.76399
0.65 1.74738
0.66 1.73497
0.67 1.73913
0.68 1.75551
0.69 1.77416
0.7 1.79463
0.71 1.81471
0.72 1.82717
0.73 1.83352
0.74 1.84134
0.75 1.84702
0.76 1.84602
0.77 1.84527
0.78 1.84583
0.79 1.8388
0.8 1.82155
0.81 1.80505
0.82 1.80204
0.83 1.80868
0.84 1.81469
0.85 1.81774
0.86 1.81959
0.87 1.82235
0.88 1.82747
0.89 1.83453
0.9 1.84338
0.91 1.85468
0.92 1.86597
0.93 1.87294
0.94 1.87386
0.95 1.86961
0.96 1.86179
0.97 1.85174
0.98 1.84012
0.99 1.82705
1 1.81327
1.01 1.80172
1.02 1.79656
1.03 1.79921
1.04 1.80632
1.05 1.8127
1.06 1.81666
1.07 1.81932
1.08 1.82099
1.09 1.82307
1.1 1.8266
1.11 1.82743
1.12 1.82228
1.13 1.81506
1.14 1.81261
1.15 1.81716
1.16 1.82576
1.17 1.83492
1.18 1.84269
1.19 1.84831
1.2 1.85176
1.21 1.85314
1.22 1.85229
1.23 1.84927
1.24 1.84545
1.25 1.84358
1.26 1.84566
1.27 1.85073
1.28 1.85557
1.29 1.85816
1.3 1.85936
1.31 1.86046
1.32 1.8605
1.33 1.85849
1.34 1.85789
1.35 1.86451
1.36 1.87745
1.37 1.8897
1.38 1.89695
1.39 1.89921
1.4 1.89825
1.41 1.89609
1.42 1.89403
1.43 1.89211
1.44 1.88967
1.45 1.8865
1.46 1.88276
1.47 1.87871
1.48 1.8769
1.49 1.88177
1.5 1.89317
1.51 1.9061
1.52 1.91708
1.53 1.92547
1.54 1.93158
1.55 1.93546
1.56 1.9369
1.57 1.93562
1.58 1.93089
1.59 1.92127
1.6 1.90566
1.61 1.88581
1.62 1.86919
1.63 1.86599
1.64 1.87682
1.65 1.89211
1.66 1.906
1.67 1.91849
1.68 1.92991
1.69 1.93888
1.7 1.944
1.71 1.94505
1.72 1.94209
1.73 1.93448
1.74 1.92258
1.75 1.90938
1.76 1.89794
1.77 1.88815
1.78 1.87712
1.79 1.86239
1.8 1.85021
1.81 1.85308
1.82 1.87283
1.83 1.89928
1.84 1.9211
1.85 1.93157
1.86 1.92859
1.87 1.91533
1.88 1.9019
1.89 1.89686
1.9 1.89951
1.91 1.90746
1.92 1.91863
1.93 1.92936
1.94 1.93735
1.95 1.94235
1.96 1.94439
1.97 1.9429
1.98 1.93736
1.99 1.92887
2 1.92076
2.01 1.91535
2.02 1.91181
2.03 1.9096
2.04 1.91157
2.05 1.92006
2.06 1.9318
2.07 1.94167
2.08 1.94804
2.09 1.9512
2.1 1.94995
2.11 1.94106
2.12 1.92417
2.13 1.91048
2.14 1.91144
2.15 1.91545
2.16 1.90614
2.17 1.89492
2.18 1.90902
2.19 1.93437
2.2 1.94722
2.21 1.94832
2.22 1.94397
2.23 1.93659
2.24 1.92624
2.25 1.91478
2.26 1.90554
2.27 1.89879
2.28 1.89755
2.29 1.91267
2.3 1.93862
2.31 1.95881
2.32 1.96889
2.33 1.97027
2.34 1.96303
2.35 1.94489
2.36 1.91169
2.37 1.86561
2.38 1.83695
2.39 1.8554
2.4 1.89147
2.41 1.91798
2.42 1.93371
2.43 1.94331
2.44 1.95147
2.45 1.95866
2.46 1.96075
2.47 1.9539
2.48 1.93869
2.49 1.92135
2.5 1.91096
2.51 1.91257
2.52 1.92176
2.53 1.9301
2.54 1.93474
2.55 1.93809
2.56 1.9421
2.57 1.9458
2.58 1.9468
2.59 1.94298
2.6 1.93334
2.61 1.91897
2.62 1.90376
2.63 1.89262
2.64 1.88752
2.65 1.8862
2.66 1.88646
2.67 1.88769
2.68 1.88885
2.69 1.88842
2.7 1.88422
2.71 1.87263
2.72 1.85204
2.73 1.83408
2.74 1.84113
2.75 1.86813
2.76 1.8916
2.77 1.90438
2.78 1.90981
2.79 1.91179
2.8 1.91264
2.81 1.91301
2.82 1.91224
2.83 1.90899
2.84 1.90246
2.85 1.89408
2.86 1.8883
2.87 1.88854
2.88 1.89173
2.89 1.89125
2.9 1.88301
2.91 1.86679
2.92 1.84628
2.93 1.83242
2.94 1.83611
2.95 1.84789
2.96 1.85231
2.97 1.84903
2.98 1.84715
2.99 1.85447
3 1.86939
3.01 1.88263
3.02 1.88567
3.03 1.87463
3.04 1.85451
3.05 1.84272
3.06 1.85135
3.07 1.86853
3.08 1.87579
3.09 1.86988
3.1 1.86123
3.11 1.86055
3.12 1.86741
3.13 1.87564
3.14 1.88293
3.15 1.89025
3.16 1.8976
3.17 1.90298
3.18 1.90472
3.19 1.90279
3.2 1.89807
3.21 1.89156
3.22 1.88434
3.23 1.87706
3.24 1.86888
3.25 1.85945
3.26 1.85342
3.27 1.85739
3.28 1.86946
3.29 1.88217
3.3 1.89247
3.31 1.90048
3.32 1.90596
3.33 1.90888
3.34 1.9105
3.35 1.91244
3.36 1.91525
3.37 1.91812
3.38 1.91996
3.39 1.92047
3.4 1.92026
3.41 1.92025
3.42 1.92096
3.43 1.92228
3.44 1.92352
3.45 1.92392
3.46 1.92305
3.47 1.92108
3.48 1.91913
3.49 1.91937
3.5 1.92335
3.51 1.92965
3.52 1.93423
3.53 1.93194
3.54 1.91664
3.55 1.88543
3.56 1.84992
3.57 1.8282
3.58 1.82975
3.59 1.85281
3.6 1.88057
3.61 1.89906
3.62 1.90716
3.63 1.91126
3.64 1.91657
3.65 1.92396
3.66 1.93137
3.67 1.93552
3.68 1.9348
3.69 1.93242
3.7 1.93281
3.71 1.93261
3.72 1.92366
3.73 1.90351
3.74 1.8796
3.75 1.86551
3.76 1.86941
3.77 1.88638
3.78 1.90508
3.79 1.918
3.8 1.92435
3.81 1.92802
3.82 1.9344
3.83 1.94423
3.84 1.95262
3.85 1.95563
3.86 1.95305
3.87 1.94652
3.88 1.93798
3.89 1.92895
3.9 1.92077
3.91 1.91538
3.92 1.91456
3.93 1.91764
3.94 1.92112
3.95 1.92388
3.96 1.933
3.97 1.95195
3.98 1.97017
3.99 1.97775
4 1.97169
4.01 1.95189
4.02 1.92487
4.03 1.90675
4.04 1.90616
4.05 1.91742
4.06 1.9326
4.07 1.94369
4.08 1.94545
4.09 1.94061
4.1 1.93757
4.11 1.94041
4.12 1.94445
4.13 1.94392
4.14 1.93931
4.15 1.93308
4.16 1.92429
4.17 1.91237
4.18 1.90106
4.19 1.89321
4.2 1.88667
4.21 1.88702
4.22 1.90085
4.23 1.91722
4.24 1.92563
4.25 1.92641
4.26 1.92393
4.27 1.92181
4.28 1.92216
4.29 1.92525
4.3 1.92918
4.31 1.93151
4.32 1.93141
4.33 1.93058
4.34 1.9312
4.35 1.9324
4.36 1.93019
4.37 1.9213
4.38 1.90645
4.39 1.89207
4.4 1.88662
4.41 1.89193
4.42 1.90197
4.43 1.9092
4.44 1.90866
4.45 1.89765
4.46 1.87369
4.47 1.84192
4.48 1.82971
4.49 1.84738
4.5 1.86759
4.51 1.87705
4.52 1.87893
4.53 1.87762
4.54 1.87519
4.55 1.87254
4.56 1.87192
4.57 1.87536
4.58 1.88116
4.59 1.88521
4.6 1.88487
4.61 1.88165
4.62 1.87999
4.63 1.87952
4.64 1.87517
4.65 1.86562
4.66 1.85003
4.67 1.83262
4.68 1.83517
4.69 1.85725
4.7 1.8737
4.71 1.8751
4.72 1.86901
4.73 1.86705
4.74 1.86709
4.75 1.8582
4.76 1.84169
4.77 1.83206
4.78 1.83896
4.79 1.85743
4.8 1.87706
4.81 1.89132
4.82 1.8989
4.83 1.90202
4.84 1.90372
4.85 1.90523
4.86 1.90577
4.87 1.90449
4.88 1.90156
4.89 1.89828
4.9 1.89694
4.91 1.89852
4.92 1.89988
4.93 1.89662
4.94 1.88936
4.95 1.88408
4.96 1.88414
4.97 1.88605
4.98 1.8856
4.99 1.88109
5 1.87142
5.01 1.8593
5.02 1.85686
5.03 1.87145
5.04 1.88375
5.05 1.87357
5.06 1.84892
5.07 1.84377
5.08 1.8656
5.09 1.88858
5.1 1.90071
5.11 1.90221
5.12 1.89547
5.13 1.88412
5.14 1.87392
5.15 1.87017
5.16 1.87223
5.17 1.87493
5.18 1.87456
5.19 1.87074
5.2 1.86541
5.21 1.86267
5.22 1.86635
5.23 1.87512
5.24 1.88379
5.25 1.88888
5.26 1.88961
5.27 1.88608
5.28 1.87872
5.29 1.86946
5.3 1.86281
5.31 1.86292
5.32 1.8688
5.33 1.87627
5.34 1.88281
5.35 1.88784
5.36 1.89119
5.37 1.89228
5.38 1.89
5.39 1.88311
5.4 1.87166
5.41 1.85923
5.42 1.85092
5.43 1.84697
5.44 1.84602
5.45 1.85016
5.46 1.85778
5.47 1.86575
5.48 1.87502
5.49 1.88291
5.5 1.88151
5.51 1.86691
5.52 1.85322
5.53 1.86154
5.54 1.88117
5.55 1.89371
5.56 1.8982
5.57 1.89874
5.58 1.89764
5.59 1.8955
5.6 1.89216
5.61 1.88761
5.62 1.88259
5.63 1.8782
5.64 1.8749
5.65 1.87197
5.66 1.86869
5.67 1.8661
5.68 1.86663
5.69 1.87072
5.7 1.87602
5.71 1.88117
5.72 1.88704
5.73 1.89402
5.74 1.90133
5.75 1.90815
5.76 1.91355
5.77 1.91603
5.78 1.91433
5.79 1.90868
5.8 1.90139
5.81 1.89593
5.82 1.89521
5.83 1.9004
5.84 1.90978
5.85 1.91884
5.86 1.92269
5.87 1.91807
5.88 1.90443
5.89 1.88551
5.9 1.86899
5.91 1.86178
5.92 1.86697
5.93 1.88395
5.94 1.90579
5.95 1.92361
5.96 1.93405
5.97 1.93763
5.98 1.93487
5.99 1.92573
6 1.91065
6.01 1.89133
6.02 1.87089
6.03 1.85404
6.04 1.84627
6.05 1.84714
6.06 1.85
6.07 1.85527
6.08 1.8675
6.09 1.88255
6.1 1.89442
6.11 1.90283
6.12 1.9095
6.13 1.9146
6.14 1.91705
6.15 1.91615
6.16 1.91248
6.17 1.90844
6.18 1.90769
6.19 1.91242
6.2 1.92108
6.21 1.92988
6.22 1.93528
6.23 1.93407
6.24 1.92223
6.25 1.89945
6.26 1.88165
6.27 1.88404
6.28 1.89402
6.29 1.9013
6.3 1.9068
6.31 1.90888
6.32 1.90459
6.33 1.89324
6.34 1.87615
6.35 1.85763
6.36 1.85047
6.37 1.86477
6.38 1.88976
6.39 1.90991
6.4 1.92088
6.41 1.92539
6.42 1.92541
6.43 1.92066
6.44 1.91132
6.45 1.89928
6.46 1.88683
6.47 1.87595
6.48 1.87001
6.49 1.87336
6.5 1.88515
6.51 1.8962
6.52 1.89617
6.53 1.88271
6.54 1.86623
6.55 1.86247
6.56 1.87252
6.57 1.88404
6.58 1.88917
6.59 1.88727
6.6 1.87966
6.61 1.86794
6.62 1.85504
6.63 1.8445
6.64 1.84028
6.65 1.84653
6.66 1.86028
6.67 1.87319
6.68 1.88072
6.69 1.88327
6.7 1.88384
6.71 1.88519
6.72 1.88769
6.73 1.88961
6.74 1.88956
6.75 1.88759
6.76 1.88481
6.77 1.88247
6.78 1.88103
6.79 1.87955
6.8 1.87576
6.81 1.86678
6.82 1.85078
6.83 1.83061
6.84 1.81605
6.85 1.81608
6.86 1.82909
6.87 1.84582
6.88 1.85901
6.89 1.86699
6.9 1.8707
6.91 1.87196
6.92 1.87432
6.93 1.88028
6.94 1.88776
6.95 1.89278
6.96 1.89313
6.97 1.88868
6.98 1.88061
6.99 1.87093
7 1.86226
7.01 1.85729
7.02 1.85801
7.03 1.86421
7.04 1.87302
7.05 1.88111
7.06 1.88642
7.07 1.88693
7.08 1.87923
7.09 1.86276
7.1 1.85113
7.11 1.8594
7.12 1.87583
7.13 1.88716
7.14 1.89436
7.15 1.89835
7.16 1.89782
7.17 1.89356
7.18 1.88835
7.19 1.88489
7.2 1.88421
7.21 1.88528
7.22 1.88602
7.23 1.88508
7.24 1.88266
7.25 1.87967
7.26 1.87666
7.27 1.87392
7.28 1.87333
7.29 1.87792
7.3 1.88408
7.31 1.88577
7.32 1.88631
7.33 1.89118
7.34 1.89939
7.35 1.90749
7.36 1.91255
7.37 1.91363
7.38 1.91294
7.39 1.91299
7.4 1.91239
7.41 1.90683
7.42 1.89458
7.43 1.88099
7.44 1.87471
7.45 1.87639
7.46 1.88032
7.47 1.885
7.48 1.89162
7.49 1.89845
7.5 1.90161
7.51 1.89784
7.52 1.88948
7.53 1.8864
7.54 1.89351
7.55 1.90388
7.56 1.91057
7.57 1.91365
7.58 1.91536
7.59 1.91312
7.6 1.90301
7.61 1.88845
7.62 1.87839
7.63 1.87788
7.64 1.88588
7.65 1.89857
7.66 1.91076
7.67 1.91823
7.68 1.92123
7.69 1.92337
7.7 1.92609
7.71 1.92591
7.72 1.91792
7.73 1.90044
7.74 1.87736
7.75 1.85891
7.76 1.85615
7.77 1.8686
7.78 1.88596
7.79 1.9006
7.8 1.91015
7.81 1.91423
7.82 1.91282
7.83 1.90678
7.84 1.89842
7.85 1.89033
7.86 1.88359
7.87 1.87802
7.88 1.87311
7.89 1.86608
7.9 1.85388
7.91 1.84938
7.92 1.86824
7.93 1.89235
7.94 1.9023
7.95 1.89475
7.96 1.87135
7.97 1.85178
7.98 1.85994
7.99 1.87921
8 1.89126
8.01 1.8971
8.02 1.89904
8.03 1.89772
8.04 1.89403
8.05 1.88899
8.06 1.88369
8.07 1.87961
8.08 1.87669
8.09 1.8727
8.1 1.86807
8.11 1.86797
8.12 1.87437
8.13 1.88104
8.14 1.88051
8.15 1.87078
8.16 1.85749
8.17 1.85217
8.18 1.8614
8.19 1.8779
8.2 1.89087
8.21 1.89717
8.22 1.8989
8.23 1.89866
8.24 1.89788
8.25 1.89694
8.26 1.89574
8.27 1.89409
8.28 1.89226
8.29 1.89188
8.3 1.89527
8.31 1.90164
8.32 1.90587
8.33 1.90221
8.34 1.88819
8.35 1.86744
8.36 1.85055
8.37 1.84788
8.38 1.85996
8.39 1.87704
8.4 1.88902
8.41 1.89425
8.42 1.89713
8.43 1.90109
8.44 1.90537
8.45 1.90715
8.46 1.90421
8.47 1.89597
8.48 1.88618
8.49 1.88331
8.5 1.89006
8.51 1.89828
8.52 1.90011
8.53 1.89498
8.54 1.89024
8.55 1.89441
8.56 1.90459
8.57 1.91133
8.58 1.90995
8.59 1.90042
8.6 1.88793
8.61 1.88394
8.62 1.89026
8.63 1.89397
8.64 1.88938
8.65 1.88128
8.66 1.87261
8.67 1.86251
8.68 1.85225
8.69 1.84071
8.7 1.82428
8.71 1.80695
8.72 1.80268
8.73 1.82542
8.74 1.86477
8.75 1.89759
8.76 1.9146
8.77 1.91867
8.78 1.91531
8.79 1.90904
8.8 1.90258
8.81 1.89688
8.82 1.89247
8.83 1.89105
8.84 1.89403
8.85 1.90006
8.86 1.90628
8.87 1.91061
8.88 1.91172
8.89 1.90999
8.9 1.90892
8.91 1.91091
8.92 1.91322
8.93 1.91318
8.94 1.91183
8.95 1.91088
8.96 1.91011
8.97 1.90816
8.98 1.90503
8.99 1.90293
9 1.90402
9.01 1.90791
9.02 1.91282
9.03 1.91711
9.04 1.91881
9.05 1.91677
9.06 1.91259
9.07 1.90856
9.08 1.90484
9.09 1.90271
9.1 1.90563
9.11 1.91228
9.12 1.91818
9.13 1.92237
9.14 1.92611
9.15 1.92977
9.16 1.93261
9.17 1.93361
9.18 1.93186
9.19 1.92614
9.2 1.91469
9.21 1.89743
9.22 1.88208
9.23 1.88112
9.24 1.89297
9.25 1.90529
9.26 1.91289
9.27 1.91772
9.28 1.92338
9.29 1.93173
9.3 1.94144
9.31 1.94919
9.32 1.9513
9.33 1.94358
9.34 1.92321
9.35 1.89585
9.36 1.87324
9.37 1.85932
9.38 1.85243
9.39 1.85349
9.4 1.86611
9.41 1.88595
9.42 1.90362
9.43 1.91511
9.44 1.9204
9.45 1.91847
9.46 1.90873
9.47 1.89784
9.48 1.89804
9.49 1.90964
9.5 1.92064
9.51 1.92455
9.52 1.9229
9.53 1.91948
9.54 1.91847
9.55 1.92224
9.56 1.92904
9.57 1.93513
9.58 1.93807
9.59 1.93765
9.6 1.9348
9.61 1.93034
9.62 1.9242
9.63 1.91537
9.64 1.90452
9.65 1.89817
9.66 1.90063
9.67 1.90259
9.68 1.89801
9.69 1.89824
9.7 1.91112
9.71 1.92776
9.72 1.93968
9.73 1.94477
9.74 1.94408
9.75 1.94174
9.76 1.94141
9.77 1.94394
9.78 1.95107
9.79 1.96062
9.8 1.96502
9.81 1.96021
9.82 1.94764
9.83 1.93226
9.84 1.9214
9.85 1.92098
9.86 1.93045
9.87 1.9436
9.88 1.95402
9.89 1.95843
9.9 1.95624
9.91 1.94708
9.92 1.93071
9.93 1.91462
9.94 1.91341
9.95 1.92399
9.96 1.93009
9.97 1.92668
9.98 1.91818
9.99 1.91043
10 1.90737
10.01 1.911
10.02 1.92096
10.03 1.93298
10.04 1.94155
10.05 1.94504
10.06 1.94727
10.07 1.95239
10.08 1.95931
10.09 1.96371
10.1 1.96335
10.11 1.95902
10.12 1.95235
10.13 1.94478
10.14 1.93886
10.15 1.93596
10.16 1.93266
10.17 1.92658
10.18 1.92213
10.19 1.9248
10.2 1.93398
10.21 1.94454
10.22 1.95306
10.23 1.95976
10.24 1.96521
10.25 1.96917
10.26 1.97248
10.27 1.97735
10.28 1.9851
10.29 1.9937
10.3 1.99871
10.31 1.99654
10.32 1.98686
10.33 1.9728
10.34 1.95771
10.35 1.94232
10.36 1.92782
10.37 1.91546
10.38 1.90293
10.39 1.89305
10.4 1.8975
10.41 1.91882
10.42 1.9445
10.43 1.96324
10.44 1.97188
10.45 1.97184
10.46 1.96529
10.47 1.95351
10.48 1.9375
10.49 1.92005
10.5 1.90647
10.51 1.90064
10.52 1.90053
10.53 1.90139
10.54 1.90233
10.55 1.90528
10.56 1.9099
10.57 1.91435
10.58 1.91885
10.59 1.9252
10.6 1.93362
10.61 1.94215
10.62 1.94854
10.63 1.95163
10.64 1.95124
10.65 1.94739
10.66 1.93943
10.67 1.9254
10.68 1.90333
10.69 1.87776
10.7 1.86462
10.71 1.87437
10.72 1.89604
10.73 1.91544
10.74 1.92799
10.75 1.93338
10.76 1.93156
10.77 1.9226
10.78 1.90804
10.79 1.89243
10.8 1.88287
10.81 1.88346
10.82 1.89167
10.83 1.90229
10.84 1.91144
10.85 1.91632
10.86 1.91444
10.87 1.90402
10.88 1.88656
10.89 1.8706
10.9 1.86731
10.91 1.87672
10.92 1.8892
10.93 1.8991
10.94 1.90681
10.95 1.91385
10.96 1.92039
10.97 1.92539
10.98 1.92702
10.99 1.92255
11 1.90834
11.01 1.88485
11.02 1.86756
11.03 1.8692
11.04 1.87585
11.05 1.87837
11.06 1.88266
11.07 1.89214
11.08 1.90288
11.09 1.91039
11.1 1.91397
11.11 1.91425
11.12 1.91273
11.13 1.91346
11.14 1.91787
11.15 1.92204
11.16 1.92231
11.17 1.91782
11.18 1.91038
11.19 1.9042
11.2 1.90143
11.21 1.90007
11.22 1.89824
11.23 1.89658
11.24 1.89697
11.25 1.89993
11.26 1.90338
11.27 1.90436
11.28 1.90121
11.29 1.89457
11.3 1.8867
11.31 1.87976
11.32 1.87485
11.33 1.87257
11.34 1.87319
11.35 1.87587
11.36 1.87882
11.37 1.88079
11.38 1.88176
11.39 1.88233
11.4 1.88291
11.41 1.88352
11.42 1.88402
11.43 1.88426
11.44 1.88412
11.45 1.88346
11.46 1.88224
11.47 1.88077
11.48 1.87986
11.49 1.88023
11.5 1.88134
11.51 1.88151
11.52 1.87959
11.53 1.87679
11.54 1.87639
11.55 1.88022
11.56 1.88645
11.57 1.89197
11.58 1.8951
11.59 1.89544
11.6 1.89279
11.61 1.88693
11.62 1.87811
11.63 1.86798
11.64 1.85944
11.65 1.85381
11.66 1.84715
11.67 1.83223
11.68 1.81249
11.69 1.81134
11.7 1.83707
11.71 1.86635
11.72 1.88377
11.73 1.89152
11.74 1.89368
11.75 1.89081
11.76 1.88433
11.77 1.87843
11.78 1.87728
11.79 1.88163
11.8 1.88886
11.81 1.89609
11.82 1.90208
11.83 1.9068
11.84 1.91052
11.85 1.9134
11.86 1.91548
11.87 1.91687
11.88 1.91779
11.89 1.91844
11.9 1.91892
11.91 1.91888
11.92 1.91697
11.93 1.9098
11.94 1.89142
11.95 1.85634
11.96 1.81591
11.97 1.805
11.98 1.82439
11.99 1.84579
12 1.86207
12.01 1.87757
12.02 1.89541
12.03 1.91535
12.04 1.93534
12.05 1.9531
12.06 1.96634
12.07 1.97236
12.08 1.96785
12.09 1.9498
12.1 1.91916
12.11 1.88732
12.12 1.87364
12.13 1.88555
12.14 1.91042
12.15 1.93321
12.16 1.94805
12.17 1.95504
12.18 1.9544
12.19 1.9464
12.2 1.93546
12.21 1.9296
12.22 1.93341
12.23 1.94429
12.24 1.95594
12.25 1.96344
12.26 1.96524
12.27 1.96225
12.28 1.95623
12.29 1.94891
12.3 1.94209
12.31 1.93769
12.32 1.93664
12.33 1.93835
12.34 1.94158
12.35 1.94502
12.36 1.94697
12.37 1.94572
12.38 1.94144
12.39 1.93656
12.4 1.93248
12.41 1.92806
12.42 1.92235
12.43 1.9159
12.44 1.90982
12.45 1.90404
12.46 1.89751
12.47 1.89153
12.48 1.89151
12.49 1.90208
12.5 1.92022
12.51 1.93687
12.52 1.94463
12.53 1.93999
12.54 1.92286
12.55 1.9006
12.56 1.88845
12.57 1.89523
12.58 1.91222
12.59 1.92665
12.6 1.93336
12.61 1.93295
12.62 1.93041
12.63 1.93018
12.64 1.92913
12.65 1.9213
12.66 1.90808
12.67 1.89962
12.68 1.90453
12.69 1.92043
12.7 1.93889
12.71 1.9533
12.72 1.96075
12.73 1.96078
12.74 1.95392
12.75 1.94162
12.76 1.92865
12.77 1.92222
12.78 1.92362
12.79 1.92839
12.8 1.93344
12.81 1.93638
12.82 1.93503
12.83 1.92915
12.84 1.92113
12.85 1.91537
12.86 1.91519
12.87 1.91998
12.88 1.92613
12.89 1.93015
12.9 1.93031
12.91 1.92654
12.92 1.92053
12.93 1.91574
12.94 1.91496
12.95 1.91752
12.96 1.92053
12.97 1.92163
12.98 1.91962
12.99 1.914
13 1.90468
13.01 1.8916
13.02 1.87584
13.03 1.86259
13.04 1.85772
13.05 1.86323
13.06 1.87849
13.07 1.89681
13.08 1.91041
13.09 1.91728
13.1 1.91898
13.11 1.91782
13.12 1.91614
13.13 1.91548
13.14 1.91569
13.15 1.91541
13.16 1.91375
13.17 1.91111
13.18 1.90877
13.19 1.90796
13.2 1.90888
13.21 1.91037
13.22 1.91052
13.23 1.90777
13.24 1.90233
13.25 1.89661
13.26 1.89336
13.27 1.89353
13.28 1.89568
13.29 1.89433
13.3 1.88437
13.31 1.87089
13.32 1.86555
13.33 1.86889
13.34 1.87415
13.35 1.87982
13.36 1.88575
13.37 1.89347
13.38 1.90815
13.39 1.92632
13.4 1.93809
13.41 1.94007
13.42 1.93275
13.43 1.91771
13.44 1.90323
13.45 1.89983
13.46 1.90454
13.47 1.90884
13.48 1.91118
13.49 1.91377
13.5 1.91802
13.51 1.92328
13.52 1.92752
13.53 1.9291
13.54 1.92763
13.55 1.92351
13.56 1.91709
13.57 1.90907
13.58 1.90129
13.59 1.89676
13.6 1.89799
13.61 1.90464
13.62 1.913
13.63 1.91861
13.64 1.91916
13.65 1.91532
13.66 1.91
13.67 1.90656
13.68 1.90684
13.69 1.91043
13.7 1.91571
13.71 1.92124
13.72 1.92548
13.73 1.92671
13.74 1.92457
13.75 1.92072
13.76 1.9175
13.77 1.91638
13.78 1.91751
13.79 1.92001
13.8 1.92213
13.81 1.92209
13.82 1.91925
13.83 1.91509
13.84 1.91228
13.85 1.91219
13.86 1.91415
13.87 1.91672
13.88 1.9179
13.89 1.91543
13.9 1.90814
13.91 1.89698
13.92 1.88469
13.93 1.87301
13.94 1.86108
13.95 1.85465
13.96 1.86752
13.97 1.89628
13.98 1.92386
13.99 1.94255
14 1.95257
14.01 1.95517
14.02 1.95135
14.03 1.94212
14.04 1.92953
14.05 1.91762
14.06 1.91162
14.07 1.91303
14.08 1.9162
14.09 1.91521
14.1 1.91083
14.11 1.90815
14.12 1.90911
14.13 1.90719
14.14 1.8952
14.15 1.88048
14.16 1.87807
14.17 1.88923
14.18 1.90299
14.19 1.90995
14.2 1.90806
14.21 1.90357
14.22 1.90382
14.23 1.90688
14.24 1.90648
14.25 1.90212
14.26 1.89696
14.27 1.89184
14.28 1.88814
14.29 1.89177
14.3 1.90298
14.31 1.91207
14.32 1.91931
14.33 1.93324
14.34 1.9464
14.35 1.95019
14.36 1.95046
14.37 1.95354
14.38 1.95601
14.39 1.95337
14.4 1.94675
14.41 1.94029
14.42 1.93698
14.43 1.9361
14.44 1.93414
14.45 1.92849
14.46 1.92032
14.47 1.9132
14.48 1.90851
14.49 1.9057
14.5 1.90555
14.51 1.90858
14.52 1.91402
14.53 1.92227
14.54 1.93435
14.55 1.94867
14.56 1.96075
14.57 1.96682
14.58 1.96589
14.59 1.95916
14.6 1.94967
14.61 1.9415
14.62 1.93784
14.63 1.9395
14.64 1.94537
14.65 1.95335
14.66 1.96045
14.67 1.96346
14.68 1.95997
14.69 1.94913
14.7 1.93224
14.71 1.91309
14.72 1.89695
14.73 1.88804
14.74 1.88181
14.75 1.86946
14.76 1.88492
14.77 1.93393
14.78 1.96189
14.79 1.96369
14.8 1.95483
14.81 1.94511
14.82 1.93864
14.83 1.93577
14.84 1.93534
14.85 1.93586
14.86 1.93577
14.87 1.93417
14.88 1.93186
14.89 1.93061
14.9 1.93168
14.91 1.93534
14.92 1.9402
14.93 1.94295
14.94 1.94077
14.95 1.93417
14.96 1.92768
14.97 1.9265
14.98 1.93082
14.99 1.93555
15 1.93529
15.01 1.92763
15.02 1.91494
15.03 1.90464
15.04 1.90254
15.05 1.9061
15.06 1.91035
15.07 1.91403
15.08 1.91751
15.09 1.92105
15.1 1.92491
15.11 1.92914
15.12 1.93349
15.13 1.93762
15.14 1.94132
15.15 1.94438
15.16 1.94633
15.17 1.94643
15.18 1.94369
15.19 1.93671
15.2 1.92345
15.21 1.90103
15.22 1.86893
15.23 1.84283
15.24 1.84444
15.25 1.85005
15.26 1.82666
15.27 1.79747
15.28 1.81424
15.29 1.85349
15.3 1.87876
15.31 1.88934
15.32 1.89153
15.33 1.88861
15.34 1.88035
15.35 1.87068
15.36 1.87222
15.37 1.88796
15.38 1.90413
15.39 1.91139
15.4 1.91023
15.41 1.90469
15.42 1.89832
15.43 1.89223
15.44 1.8866
15.45 1.88341
15.46 1.88522
15.47 1.89178
15.48 1.90012
15.49 1.90699
15.5 1.90952
15.51 1.90489
15.52 1.89093
15.53 1.86954
15.54 1.85054
15.55 1.84327
15.56 1.84331
15.57 1.8406
15.58 1.83034
15.59 1.81948
15.6 1.82293
15.61 1.84162
15.62 1.86198
15.63 1.87491
15.64 1.87881
15.65 1.87501
15.66 1.86671
15.67 1.85882
15.68 1.85481
15.69 1.85325
15.7 1.85009
15.71 1.84341
15.72 1.83456
15.73 1.82682
15.74 1.82319
15.75 1.82429
15.76 1.82804
15.77 1.83137
15.78 1.83283
15.79 1.83339
15.8 1.83415
15.81 1.83477
15.82 1.83463
15.83 1.83438
15.84 1.83538
15.85 1.83747
15.86 1.83851
15.87 1.83596
15.88 1.82894
15.89 1.81963
15.9 1.81313
15.91 1.81327
15.92 1.81838
15.93 1.82402
15.94 1.82756
15.95 1.82885
15.96 1.82897
15.97 1.82911
15.98 1.82977
15.99 1.83078
16 1.83195
16.01 1.83316
16.02 1.83388
16.03 1.83277
16.04 1.82859
16.05 1.82077
16.06 1.80886
16.07 1.79517
16.08 1.78725
16.09 1.78922
16.1 1.7985
16.11 1.81209
16.12 1.8266
16.13 1.83929
16.14 1.84961
16.15 1.85813
16.16 1.86531
16.17 1.87098
16.18 1.87419
16.19 1.87328
16.2 1.86628
16.21 1.85252
16.22 1.83603
16.23 1.82664
16.24 1.83108
16.25 1.84424
16.26 1.85717
16.27 1.86597
16.28 1.8704
16.29 1.87094
16.3 1.86811
16.31 1.86271
16.32 1.85598
16.33 1.84946
16.34 1.84352
16.35 1.83579
16.36 1.82381
16.37 1.81253
16.38 1.81442
16.39 1.83225
16.4 1.85183
16.41 1.86045
16.42 1.8593
16.43 1.85839
16.44 1.86267
16.45 1.86757
16.46 1.86825
16.47 1.86446
16.48 1.85934
16.49 1.85711
16.5 1.85956
16.51 1.86488
16.52 1.87002
16.53 1.87286
16.54 1.87303
16.55 1.87191
16.56 1.87139
16.57 1.87197
16.58 1.87257
16.59 1.87192
16.6 1.86963
16.61 1.86608
16.62 1.86231
16.63 1.86008
16.64 1.86205
16.65 1.8696
16.66 1.87992
16.67 1.8884
16.68 1.89289
16.69 1.89404
16.7 1.89334
16.71 1.89193
16.72 1.89041
16.73 1.8892
16.74 1.8882
16.75 1.88596
16.76 1.88004
16.77 1.86962
16.78 1.85887
16.79 1.85551
16.8 1.86269
16.81 1.87551
16.82 1.88617
16.83 1.88858
16.84 1.88001
16.85 1.86413
16.86 1.8515
16.87 1.84978
16.88 1.85425
16.89 1.85599
16.9 1.85337
16.91 1.85051
16.92 1.84993
16.93 1.85014
16.94 1.84927
16.95 1.84781
16.96 1.8476
16.97 1.84969
16.98 1.85361
16.99 1.85821
17 1.8629
17.01 1.8678
17.02 1.87262
17.03 1.87617
17.04 1.87688
17.05 1.87352
17.06 1.86544
17.07 1.85315
17.08 1.83929
17.09 1.82893
17.1 1.8271
17.11 1.83452
17.12 1.8473
17.13 1.8609
17.14 1.87259
17.15 1.88127
17.16 1.88658
17.17 1.88866
17.18 1.88799
17.19 1.88554
17.2 1.88269
17.21 1.88083
17.22 1.8801
17.23 1.87832
17.24 1.86998
17.25 1.8461
17.26 1.80648
17.27 1.78963
17.28 1.82113
17.29 1.86112
17.3 1.88416
17.31 1.89338
17.32 1.89581
17.33 1.89558
17.34 1.8939
17.35 1.88917
17.36 1.87699
17.37 1.85483
17.38 1.83728
17.39 1.8461
17.4 1.86703
17.41 1.8779
17.42 1.87916
17.43 1.88122
17.44 1.88904
17.45 1.89789
17.46 1.90296
17.47 1.90382
17.48 1.90185
17.49 1.89844
17.5 1.89494
17.51 1.89304
17.52 1.89413
17.53 1.8979
17.54 1.902
17.55 1.90359
17.56 1.90105
17.57 1.8946
17.58 1.88536
17.59 1.87375
17.6 1.85992
17.61 1.84646
17.62 1.83974
17.63 1.84582
17.64 1.86329
17.65 1.88407
17.66 1.90084
17.67 1.91063
17.68 1.91392
17.69 1.91357
17.7 1.9134
17.71 1.91545
17.72 1.918
17.73 1.91705
17.74 1.90969
17.75 1.89649
17.76 1.88163
17.77 1.86978
17.78 1.8602
17.79 1.84969
17.8 1.84364
17.81 1.83566
17.82 1.81663
17.83 1.81802
17.84 1.8486
17.85 1.87501
17.86 1.88398
17.87 1.88285
17.88 1.88128
17.89 1.88214
17.9 1.88329
17.91 1.88298
17.92 1.8811
17.93 1.87898
17.94 1.88008
17.95 1.8878
17.96 1.89961
17.97 1.90834
17.98 1.90922
17.99 1.90235
18 1.89228
18.01 1.88581
18.02 1.88605
18.03 1.88979
18.04 1.89256
18.05 1.89271
18.06 1.89044
18.07 1.88633
18.08 1.88154
18.09 1.87838
18.1 1.88006
18.11 1.88859
18.12 1.90107
18.13 1.91122
18.14 1.9149
18.15 1.91186
18.16 1.90403
18.17 1.89398
18.18 1.88428
18.19 1.8772
18.2 1.87343
18.21 1.87128
18.22 1.86889
18.23 1.86738
18.24 1.8697
18.25 1.87574
18.26 1.8813
18.27 1.88254
18.28 1.87931
18.29 1.87493
18.3 1.87258
18.31 1.8712
18.32 1.86845
18.33 1.86517
18.34 1.86382
18.35 1.86524
18.36 1.86755
18.37 1.86708
18.38 1.86063
18.39 1.84693
18.4 1.82832
18.41 1.81899
18.42 1.83401
18.43 1.86141
18.44 1.88146
18.45 1.88937
18.46 1.88845
18.47 1.88247
18.48 1.87416
18.49 1.86518
18.5 1.85612
18.51 1.8475
18.52 1.84101
18.53 1.83959
18.54 1.84498
18.55 1.85559
18.56 1.86834
18.57 1.88095
18.58 1.89178
18.59 1.8999
18.6 1.90527
18.61 1.90829
18.62 1.90924
18.63 1.90833
18.64 1.90608
18.65 1.90337
18.66 1.90107
18.67 1.89936
18.68 1.8976
18.69 1.89499
18.7 1.89134
18.71 1.8874
18.72 1.8845
18.73 1.8839
18.74 1.88607
18.75 1.8904
18.76 1.89558
18.77 1.9
18.78 1.90257
18.79 1.9035
18.8 1.90436
18.81 1.9069
18.82 1.91193
18.83 1.91896
18.84 1.92631
18.85 1.93204
18.86 1.93535
18.87 1.93696
18.88 1.93814
18.89 1.93911
18.9 1.93859
18.91 1.93484
18.92 1.92696
18.93 1.91595
18.94 1.90567
18.95 1.90227
18.96 1.90916
18.97 1.92197
18.98 1.93281
18.99 1.93727
19 1.93496
19.01 1.9274
19.02 1.91757
19.03 1.90981
19.04 1.90701
19.05 1.90816
19.06 1.91127
19.07 1.91641
19.08 1.92289
19.09 1.92675
19.1 1.92372
19.11 1.91279
19.12 1.89745
19.13 1.88857
19.14 1.89779
19.15 1.91768
19.16 1.93214
19.17 1.93539
19.18 1.92849
19.19 1.91511
19.2 1.90243
19.21 1.89797
19.22 1.90109
19.23 1.90451
19.24 1.90412
19.25 1.90094
19.26 1.89718
19.27 1.89384
19.28 1.89147
19.29 1.89199
19.3 1.89577
19.31 1.89689
19.32 1.88834
19.33 1.87145
19.34 1.85758
19.35 1.85556
19.36 1.86146
19.37 1.86841
19.38 1.87385
19.39 1.87634
19.4 1.87468
19.41 1.86947
19.42 1.86252
19.43 1.85526
19.44 1.8462
19.45 1.83426
19.46 1.83652
19.47 1.86039
19.48 1.88317
19.49 1.89555
19.5 1.90032
19.51 1.89809
19.52 1.88872
19.53 1.87632
19.54 1.86984
19.55 1.87338
19.56 1.88002
19.57 1.88252
19.58 1.88241
19.59 1.88495
19.6 1.89012
19.61 1.89484
19.62 1.89827
19.63 1.90017
19.64 1.89931
19.65 1.89523
19.66 1.89021
19.67 1.88752
19.68 1.88754
19.69 1.88791
19.7 1.88735
19.71 1.88624
19.72 1.88447
19.73 1.88231
19.74 1.88261
19.75 1.88895
19.76 1.90057
19.77 1.91291
19.78 1.92274
19.79 1.92934
19.8 1.93297
19.81 1.934
19.82 1.93274
19.83 1.92958
19.84 1.92528
19.85 1.92072
19.86 1.91609
19.87 1.91089
19.88 1.9064
19.89 1.90637
19.9 1.91205
19.91 1.91939
19.92 1.92391
19.93 1.92478
19.94 1.92408
19.95 1.9244
19.96 1.92693
19.97 1.9308
19.98 1.93402
19.99 1.93503
20 1.93334
20.01 1.92943
20.02 1.92424
20.03 1.91869
20.04 1.91259
20.05 1.90341
20.06 1.88754
20.07 1.86979
20.08 1.86884
20.09 1.88709
20.1 1.90494
20.11 1.9117
20.12 1.90605
20.13 1.89523
20.14 1.89113
20.15 1.88767
20.16 1.87428
20.17 1.85574
20.18 1.8407
20.19 1.83441
20.2 1.83621
20.21 1.84303
20.22 1.85336
20.23 1.86581
20.24 1.87874
20.25 1.89036
20.26 1.89836
20.27 1.90193
20.28 1.90317
20.29 1.90427
20.3 1.9046
20.31 1.90172
20.32 1.89284
20.33 1.87509
20.34 1.84756
20.35 1.81612
20.36 1.79749
20.37 1.80739
20.38 1.84174
20.39 1.8796
20.4 1.90253
20.41 1.90757
20.42 1.89997
20.43 1.88539
20.44 1.86926
20.45 1.85727
20.46 1.85414
20.47 1.86137
20.48 1.87571
20.49 1.89153
20.5 1.90491
20.51 1.91457
20.52 1.92043
20.53 1.92259
20.54 1.92123
20.55 1.91689
20.56 1.91077
20.57 1.90454
20.58 1.89932
20.59 1.89475
20.6 1.8899
20.61 1.88531
20.62 1.88373
20.63 1.88812
20.64 1.89796
20.65 1.90832
20.66 1.91335
20.67 1.91029
20.68 1.90075
20.69 1.8874
20.7 1.87018
20.71 1.85238
20.72 1.84778
20.73 1.86334
20.74 1.88532
20.75 1.89996
20.76 1.90565
20.77 1.90656
20.78 1.90664
20.79 1.90765
20.8 1.90888
20.81 1.9084
20.82 1.90552
20.83 1.90121
20.84 1.89582
20.85 1.88748
20.86 1.87429
20.87 1.85845
20.88 1.84751
20.89 1.85385
20.9 1.87749
20.91 1.9001
20.92 1.9121
20.93 1.91457
20.94 1.90849
20.95 1.89605
20.96 1.88594
20.97 1.88344
20.98 1.8812
20.99 1.8743
21 1.86694
21.01 1.86297
21.02 1.86356
21.03 1.87135
21.04 1.88549
21.05 1.89959
21.06 1.90865
21.07 1.91093
21.08 1.90618
21.09 1.89479
21.1 1.87807
21.11 1.86203
21.12 1.85814
21.13 1.86913
21.14 1.88341
21.15 1.89169
21.16 1.89426
21.17 1.8948
21.18 1.89572
21.19 1.898
21.2 1.9012
21.21 1.90239
21.22 1.8961
21.23 1.87561
21.24 1.84111
21.25 1.8157
21.26 1.82378
21.27 1.84895
21.28 1.86471
21.29 1.864
21.3 1.84974
21.31 1.82818
21.32 1.81486
21.33 1.82812
21.34 1.85739
21.35 1.87453
21.36 1.8756
21.37 1.87896
21.38 1.89049
21.39 1.90044
21.4 1.90644
21.41 1.91117
21.42 1.91413
21.43 1.91255
21.44 1.90437
21.45 1.89072
21.46 1.879
21.47 1.87819
21.48 1.88722
21.49 1.89828
21.5 1.90658
21.51 1.91083
21.52 1.91143
21.53 1.90973
21.54 1.9073
21.55 1.90535
21.56 1.9044
21.57 1.90413
21.58 1.90355
21.59 1.90089
21.6 1.89307
21.61 1.8762
21.62 1.85406
21.63 1.84702
21.64 1.86155
21.65 1.8778
21.66 1.88449
21.67 1.8808
21.68 1.86911
21.69 1.85703
21.7 1.8531
21.71 1.85863
21.72 1.8698
21.73 1.8805
21.74 1.88542
21.75 1.88426
21.76 1.8815
21.77 1.88107
21.78 1.88179
21.79 1.88083
21.8 1.87814
21.81 1.87525
21.82 1.87282
21.83 1.87095
21.84 1.86991
21.85 1.86957
21.86 1.86927
21.87 1.86918
21.88 1.87067
21.89 1.8747
21.9 1.88045
21.91 1.88596
21.92 1.88882
21.93 1.88592
21.94 1.8758
21.95 1.86482
21.96 1.86141
21.97 1.85807
21.98 1.84433
21.99 1.83034
22 1.83381
22.01 1.85184
22.02 1.87023
22.03 1.88247
22.04 1.88877
22.05 1.89084
22.06 1.89004
22.07 1.88721
22.08 1.88269
22.09 1.87629
22.1 1.86779
22.11 1.85891
22.12 1.85386
22.13 1.85553
22.14 1.86243
22.15 1.8707
22.16 1.87705
22.17 1.88068
22.18 1.88306
22.19 1.88577
22.2 1.88873
22.21 1.89045
22.22 1.88936
22.23 1.8855
22.24 1.88173
22.25 1.88117
22.26 1.88235
22.27 1.8802
22.28 1.87129
22.29 1.85791
22.3 1.84845
22.31 1.85008
22.32 1.86553
22.33 1.88847
22.34 1.90646
22.35 1.91439
22.36 1.91336
22.37 1.90535
22.38 1.89329
22.39 1.88358
22.4 1.87877
22.41 1.8725
22.42 1.86307
22.43 1.85606
22.44 1.85518
22.45 1.85996
22.46 1.86659
22.47 1.86966
22.48 1.8645
22.49 1.85011
22.5 1.83183
22.51 1.81896
22.52 1.81775
22.53 1.82961
22.54 1.85157
22.55 1.87409
22.56 1.89015
22.57 1.90068
22.58 1.90788
22.59 1.91201
22.6 1.91331
22.61 1.91313
22.62 1.91323
22.63 1.91442
22.64 1.91616
22.65 1.91698
22.66 1.91543
22.67 1.91146
22.68 1.9076
22.69 1.90721
22.7 1.90926
22.71 1.90761
22.72 1.89643
22.73 1.87652
22.74 1.85682
22.75 1.84124
22.76 1.83219
22.77 1.84199
22.78 1.86333
22.79 1.8778
22.8 1.88106
22.81 1.88292
22.82 1.892
22.83 1.9042
22.84 1.91251
22.85 1.91535
22.86 1.91474
22.87 1.91325
22.88 1.9123
22.89 1.91161
22.9 1.90992
22.91 1.90627
22.92 1.90034
22.93 1.89214
22.94 1.88195
22.95 1.87196
22.96 1.86595
22.97 1.86477
22.98 1.8654
22.99 1.86492
23 1.86234
23.01 1.85948
23.02 1.86069
23.03 1.86819
23.04 1.87896
23.05 1.88813
23.06 1.8929
23.07 1.8929
23.08 1.88932
23.09 1.88349
23.1 1.8749
23.11 1.86212
23.12 1.84934
23.13 1.84539
23.14 1.84899
23.15 1.85229
23.16 1.85481
23.17 1.86012
23.18 1.86868
23.19 1.87767
23.2 1.88432
23.21 1.88767
23.22 1.88809
23.23 1.88571
23.24 1.87874
23.25 1.86391
23.26 1.84372
23.27 1.83155
23.28 1.82994
23.29 1.82229
23.3 1.8062
23.31 1.80812
23.32 1.83092
23.33 1.84572
23.34 1.8469
23.35 1.84412
23.36 1.84499
23.37 1.85182
23.38 1.86163
23.39 1.86966
23.4 1.87348
23.41 1.87345
23.42 1.87113
23.43 1.86842
23.44 1.86709
23.45 1.86809
23.46 1.87102
23.47 1.87454
23.48 1.87722
23.49 1.87807
23.5 1.87644
23.51 1.87157
23.52 1.8627
23.53 1.85096
23.54 1.84132
23.55 1.8384
23.56 1.84081
23.57 1.84565
23.58 1.85396
23.59 1.86618
23.6 1.87758
23.61 1.88289
23.62 1.88273
23.63 1.88276
23.64 1.88594
23.65 1.88853
23.66 1.8838
23.67 1.86963
23.68 1.86093
23.69 1.87212
23.7 1.88419
23.71 1.87669
23.72 1.85116
23.73 1.82554
23.74 1.81854
23.75 1.82913
23.76 1.8479
23.77 1.86811
23.78 1.88431
23.79 1.89434
23.8 1.89821
23.81 1.89673
23.82 1.89164
23.83 1.88455
23.84 1.87575
23.85 1.86602
23.86 1.85914
23.87 1.85911
23.88 1.86338
23.89 1.86594
23.9 1.86531
23.91 1.86316
23.92 1.86133
23.93 1.86214
23.94 1.86725
23.95 1.87535
23.96 1.88299
23.97 1.8873
23.98 1.88746
23.99 1.88441
24 1.88
24.01 1.87614
24.02 1.87394
24.03 1.8729
24.04 1.87072
24.05 1.86449
24.06 1.8535
24.07 1.84325
24.08 1.84343
24.09 1.85556
24.1 1.86959
24.11 1.87663
24.12 1.87511
24.13 1.86792
24.14 1.86052
24.15 1.85927
24.16 1.86729
24.17 1.88115
24.18 1.89333
24.19 1.89639
24.2 1.88716
24.21 1.8765
24.22 1.88234
24.23 1.89783
24.24 1.9064
24.25 1.90497
24.26 1.89495
24.27 1.87705
24.28 1.85693
24.29 1.84839
24.3 1.85676
24.31 1.87114
24.32 1.88083
24.33 1.88218
24.34 1.87781
24.35 1.87779
24.36 1.88959
24.37 1.90591
24.38 1.91649
24.39 1.91959
24.4 1.91835
24.41 1.91557
24.42 1.912
24.43 1.90748
24.44 1.90241
24.45 1.89773
24.46 1.89416
24.47 1.89225
24.48 1.89265
24.49 1.89568
24.5 1.9005
24.51 1.90547
24.52 1.90906
24.53 1.90979
24.54 1.90561
24.55 1.89462
24.56 1.87816
24.57 1.86585
24.58 1.8698
24.59 1.88656
24.6 1.90353
24.61 1.91474
24.62 1.91873
24.63 1.91544
24.64 1.90819
24.65 1.90335
24.66 1.90271
24.67 1.89859
24.68 1.88164
24.69 1.85306
24.7 1.83077
24.71 1.83552
24.72 1.86382
24.73 1.89446
24.74 1.91518
24.75 1.9257
24.76 1.9292
24.77 1.9282
24.78 1.92398
24.79 1.91715
24.8 1.90849
24.81 1.89975
24.82 1.89326
24.83 1.89025
24.84 1.88974
24.85 1.88938
24.86 1.88735
24.87 1.88364
24.88 1.88045
24.89 1.88123
24.9 1.88732
24.91 1.8954
24.92 1.90156
24.93 1.90687
24.94 1.91487
24.95 1.92473
24.96 1.93246
24.97 1.93613
24.98 1.93645
24.99 1.9348
25 1.93158
25.01 1.9253
25.02 1.91286
25.03 1.89175
25.04 1.86449
25.05 1.84149
25.06 1.83386
25.07 1.84311
25.08 1.86163
25.09 1.87899
25.1 1.88919
25.11 1.89297
25.12 1.89464
25.13 1.89808
25.14 1.90413
25.15 1.91021
25.16 1.91166
25.17 1.90264
25.18 1.87755
25.19 1.84258
25.2 1.83182
25.21 1.85567
25.22 1.87939
25.23 1.88941
25.24 1.89186
25.25 1.89185
25.26 1.8896
25.27 1.88473
25.28 1.87817
25.29 1.87013
25.3 1.86063
25.31 1.85104
25.32 1.84401
25.33 1.84372
25.34 1.85352
25.35 1.87078
25.36 1.88863
25.37 1.90209
25.38 1.90955
25.39 1.91148
25.4 1.90933
25.41 1.90484
25.42 1.89974
25.43 1.89556
25.44 1.89344
25.45 1.89382
25.46 1.89631
25.47 1.89984
25.48 1.90314
25.49 1.90512
25.5 1.90489
25.51 1.90147
25.52 1.89327
25.53 1.87829
25.54 1.85796
25.55 1.8446
25.56 1.85106
25.57 1.86917
25.58 1.88476
25.59 1.89362
25.6 1.89679
25.61 1.89598
25.62 1.89169
25.63 1.88263
25.64 1.86792
25.65 1.85178
25.66 1.84175
25.67 1.83838
25.68 1.836
25.69 1.83688
25.7 1.85322
25.71 1.88245
25.72 1.90642
25.73 1.9168
25.74 1.91595
25.75 1.90853
25.76 1.89769
25.77 1.88309
25.78 1.86117
25.79 1.83203
25.8 1.81028
25.81 1.8164
25.82 1.84491
25.83 1.87136
25.84 1.88422
25.85 1.88446
25.86 1.87784
25.87 1.8725
25.88 1.87365
25.89 1.87962
25.9 1.88569
25.91 1.88899
25.92 1.88884
25.93 1.88533
25.94 1.87839
25.95 1.86821
25.96 1.85706
25.97 1.84998
25.98 1.84881
25.99 1.8491
26 1.84928
26.01 1.85406
26.02 1.86544
26.03 1.87849
26.04 1.88705
26.05 1.88782
26.06 1.88125
26.07 1.87392
26.08 1.87404
26.09 1.87827
26.1 1.87584
26.11 1.86351
26.12 1.84906
26.13 1.84015
26.14 1.8326
26.15 1.82736
26.16 1.8332
26.17 1.8428
26.18 1.85038
26.19 1.86115
26.2 1.8759
26.21 1.8899
26.22 1.89952
26.23 1.90387
26.24 1.9035
26.25 1.90003
26.26 1.89608
26.27 1.89352
26.28 1.89151
26.29 1.88786
26.3 1.88134
26.31 1.872
26.32 1.86114
26.33 1.85215
26.34 1.84924
26.35 1.8544
26.36 1.8661
26.37 1.87992
26.38 1.89153
26.39 1.89939
26.4 1.90384
26.41 1.90412
26.42 1.89696
26.43 1.88138
26.44 1.86969
26.45 1.87636
26.46 1.89175
26.47 1.90019
26.48 1.90103
26.49 1.90053
26.5 1.90024
26.51 1.89861
26.52 1.8968
26.53 1.8969
26.54 1.89947
26.55 1.90489
26.56 1.91302
26.57 1.92148
26.58 1.92681
26.59 1.92695
26.6 1.92185
26.61 1.91221
26.62 1.89838
26.63 1.88229
26.64 1.87101
26.65 1.87091
26.66 1.87754
26.67 1.88199
26.68 1.88081
26.69 1.87739
26.7 1.87641
26.71 1.87557
26.72 1.86929
26.73 1.85831
26.74 1.8495
26.75 1.85019
26.76 1.86396
26.77 1.88661
26.78 1.90789
26.79 1.92015
26.8 1.92211
26.81 1.91669
26.82 1.90799
26.83 1.90034
26.84 1.89849
26.85 1.90452
26.86 1.91332
26.87 1.91661
26.88 1.90999
26.89 1.89458
26.9 1.87617
26.91 1.86286
26.92 1.85981
26.93 1.86531
26.94 1.87243
26.95 1.87434
26.96 1.86895
26.97 1.86061
26.98 1.85848
26.99 1.86726
27 1.88162
27.01 1.89496
27.02 1.90404
27.03 1.90681
27.04 1.90204
27.05 1.89192
27.06 1.88426
27.07 1.88653
27.08 1.89618
27.09 1.9054
27.1 1.90975
27.11 1.9084
27.12 1.90249
27.13 1.89531
27.14 1.89095
27.15 1.88927
27.16 1.8836
27.17 1.86686
27.18 1.84552
27.19 1.84251
27.2 1.86009
27.21 1.87878
27.22 1.89026
27.23 1.89512
27.24 1.89489
27.25 1.88998
27.26 1.87911
27.27 1.85989
27.28 1.83182
27.29 1.80366
27.3 1.79549
27.31 1.8152
27.32 1.84537
27.33 1.86948
27.34 1.88433
27.35 1.89231
27.36 1.89601
27.37 1.89724
27.38 1.89722
27.39 1.89678
27.4 1.89633
27.41 1.89588
27.42 1.89495
27.43 1.89288
27.44 1.88965
27.45 1.88654
27.46 1.88542
27.47 1.88686
27.48 1.88968
27.49 1.8924
27.5 1.89403
27.51 1.89401
27.52 1.89224
27.53 1.88909
27.54 1.88553
27.55 1.88362
27.56 1.88607
27.57 1.89337
27.58 1.90214
27.59 1.90734
27.6 1.9057
27.61 1.89841
27.62 1.89026
27.63 1.88243
27.64 1.87354
27.65 1.8694
27.66 1.87508
27.67 1.88708
27.68 1.90133
27.69 1.9161
27.7 1.92954
27.71 1.93867
27.72 1.94047
27.73 1.93401
27.74 1.92179
27.75 1.90888
27.76 1.89847
27.77 1.88764
27.78 1.87422
27.79 1.86688
27.8 1.8737
27.81 1.88967
27.82 1.90619
27.83 1.91962
27.84 1.93112
27.85 1.94276
27.86 1.954
27.87 1.96251
27.88 1.96664
27.89 1.96605
27.9 1.96113
27.91 1.95276
27.92 1.94274
27.93 1.93436
27.94 1.93171
27.95 1.93648
27.96 1.94538
27.97 1.95268
27.98 1.95455
27.99 1.95112
28 1.94642
28.01 1.94415
28.02 1.94236
28.03 1.93619
28.04 1.92537
28.05 1.91704
28.06 1.91866
28.07 1.92687
28.08 1.93309
28.09 1.93471
28.1 1.93406
28.11 1.9335
28.12 1.9334
28.13 1.93225
28.14 1.92803
28.15 1.9206
28.16 1.9139
28.17 1.91377
28.18 1.92041
28.19 1.92726
28.2 1.92837
28.21 1.92289
28.22 1.91531
28.23 1.91282
28.24 1.91832
28.25 1.92816
28.26 1.93779
28.27 1.94471
28.28 1.94854
28.29 1.9503
28.3 1.95114
28.31 1.95151
28.32 1.95108
28.33 1.94881
28.34 1.94361
28.35 1.935
28.36 1.92355
28.37 1.91069
28.38 1.89839
28.39 1.88929
28.4 1.88595
28.41 1.88811
28.42 1.89161
28.43 1.89171
28.44 1.88693
28.45 1.88031
28.46 1.87723
28.47 1.88031
28.48 1.8871
28.49 1.89487
28.5 1.90293
28.51 1.90951
28.52 1.91235
28.53 1.91063
28.54 1.90401
28.55 1.89244
28.56 1.88024
28.57 1.87744
28.58 1.88623
28.59 1.89725
28.6 1.90469
28.61 1.90929
28.62 1.91263
28.63 1.91465
28.64 1.9143
28.65 1.91125
28.66 1.90736
28.67 1.90596
28.68 1.9084
28.69 1.91256
28.7 1.9153
28.71 1.91483
28.72 1.91106
28.73 1.90498
28.74 1.89746
28.75 1.88856
28.76 1.87971
28.77 1.87603
28.78 1.8818
28.79 1.8945
28.8 1.90792
28.81 1.91807
28.82 1.92421
28.83 1.92731
28.84 1.92887
28.85 1.9304
28.86 1.9327
28.87 1.93509
28.88 1.93522
28.89 1.92944
28.9 1.91536
28.91 1.90067
28.92 1.90196
28.93 1.91636
28.94 1.92719
28.95 1.9294
28.96 1.92508
28.97 1.91558
28.98 1.90105
28.99 1.88328
29 1.86895
29.01 1.8658
29.02 1.87331
29.03 1.88378
29.04 1.89111
29.05 1.89369
29.06 1.89197
29.07 1.88637
29.08 1.87595
29.09 1.85832
29.1 1.83842
29.11 1.84171
29.12 1.87833
29.13 1.91456
29.14 1.93301
29.15 1.94029
29.16 1.94329
29.17 1.94366
29.18 1.93757
29.19 1.91477
29.2 1.8662
29.21 1.82672
29.22 1.84654
29.23 1.88567
29.24 1.90522
29.25 1.90718
29.26 1.8997
29.27 1.88886
29.28 1.87879
29.29 1.87063
29.3 1.86551
29.31 1.8692
29.32 1.88524
29.33 1.90597
29.34 1.92376
29.35 1.93708
29.36 1.9462
29.37 1.95132
29.38 1.95268
29.39 1.95067
29.4 1.94565
29.41 1.93786
29.42 1.9276
29.43 1.91598
29.44 1.90537
29.45 1.89792
29.46 1.89347
29.47 1.88856
29.48 1.87944
29.49 1.86791
29.5 1.86148
29.51 1.86188
29.52 1.86299
29.53 1.86469
29.54 1.87235
29.55 1.88748
29.56 1.90479
29.57 1.91653
29.58 1.91863
29.59 1.91276
29.6 1.90476
29.61 1.90068
29.62 1.90214
29.63 1.90607
29.64 1.90908
29.65 1.9107
29.66 1.91279
29.67 1.91709
29.68 1.92298
29.69 1.92733
29.7 1.9264
29.71 1.91829
29.72 1.90462
29.73 1.88885
29.74 1.87373
29.75 1.86351
29.76 1.86083
29.77 1.85984
29.78 1.8544
29.79 1.85242
29.8 1.86545
29.81 1.8893
29.82 1.91415
29.83 1.93259
29.84 1.94006
29.85 1.93545
29.86 1.92104
29.87 1.90363
29.88 1.89147
29.89 1.88677
29.9 1.8849
29.91 1.88256
29.92 1.88499
29.93 1.89609
29.94 1.90657
29.95 1.90902
29.96 1.90924
29.97 1.91702
29.98 1.93258
29.99 1.94726
30 1.95432
30.01 1.95238
30.02 1.94434
30.03 1.9369
30.04 1.93695
30.05 1.94514
30.06 1.95447
30.07 1.95708
30.08 1.95064
30.09 1.9385
30.1 1.92669
30.11 1.91832
30.12 1.91066
30.13 1.90575
30.14 1.91692
30.15 1.94521
30.16 1.97468
30.17 1.99564
30.18 2.00788
30.19 2.01357
30.2 2.01427
30.21 2.0109
30.22 2.00427
30.23 1.99558
30.24 1.98673
30.25 1.9799
30.26 1.97592
30.27 1.97348
30.28 1.97072
30.29 1.96708
30.3 1.96304
30.31 1.95875
30.32 1.9535
30.33 1.94678
30.34 1.93951
30.35 1.93387
30.36 1.93198
30.37 1.93445
30.38 1.93998
30.39 1.94627
30.4 1.95193
30.41 1.95716
30.42 1.96171
30.43 1.96389
30.44 1.96238
30.45 1.95707
30.46 1.94838
30.47 1.93666
30.48 1.92365
30.49 1.91642
30.5 1.92266
30.51 1.93735
30.52 1.94986
30.53 1.95677
30.54 1.95936
30.55 1.95883
30.56 1.95525
30.57 1.94833
30.58 1.93862
30.59 1.92833
30.6 1.92118
30.61 1.92023
30.62 1.92467
30.63 1.93015
30.64 1.93295
30.65 1.93225
30.66 1.92815
30.67 1.91995
30.68 1.90833
30.69 1.8989
30.7 1.89871
30.71 1.9066
30.72 1.91547
30.73 1.92301
30.74 1.93035
30.75 1.93535
30.76 1.93459
30.77 1.92823
30.78 1.92047
30.79 1.9163
30.8 1.91693
30.81 1.91894
30.82 1.91656
30.83 1.90419
30.84 1.88175
30.85 1.86034
30.86 1.85269
30.87 1.85706
30.88 1.86302
30.89 1.86747
30.9 1.87358
30.91 1.88211
30.92 1.88921
30.93 1.89058
30.94 1.88413
30.95 1.87071
30.96 1.85647
30.97 1.85215
30.98 1.86227
30.99 1.87857
31 1.89144
31.01 1.90006
31.02 1.90861
31.03 1.91873
31.04 1.92863
31.05 1.93625
31.06 1.94029
31.07 1.93972
31.08 1.93382
31.09 1.92317
31.1 1.91079
31.11 1.90168
31.12 1.90003
31.13 1.90639
31.14 1.918
31.15 1.93144
31.16 1.94402
31.17 1.95321
31.18 1.95605
31.19 1.94923
31.2 1.93181
31.21 1.91171
31.22 1.90412
31.23 1.91151
31.24 1.92049
31.25 1.92306
31.26 1.92177
31.27 1.92085
31.28 1.92123
31.29 1.9218
31.3 1.92251
31.31 1.92522
31.32 1.93155
31.33 1.94018
31.34 1.94763
31.35 1.95133
31.36 1.95122
31.37 1.94947
31.38 1.94874
31.39 1.9494
31.4 1.94831
31.41 1.94037
31.42 1.92307
31.43 1.90377
31.44 1.89732
31.45 1.90466
31.46 1.91282
31.47 1.91642
31.48 1.91601
31.49 1.9114
31.5 1.90713
31.51 1.91332
31.52 1.93132
31.53 1.95094
31.54 1.96493
31.55 1.97235
31.56 1.97421
31.57 1.97223
31.58 1.96989
31.59 1.97035
31.6 1.97195
31.61 1.96993
31.62 1.96104
31.63 1.94305
31.64 1.91535
31.65 1.8828
31.66 1.85433
31.67 1.84198
31.68 1.85423
31.69 1.88355
31.7 1.91316
31.71 1.93517
31.72 1.951
31.73 1.96098
31.74 1.96381
31.75 1.9589
31.76 1.94688
31.77 1.93111
31.78 1.91907
31.79 1.91822
31.8 1.92859
31.81 1.94312
31.82 1.95515
31.83 1.96139
31.84 1.96125
31.85 1.95626
31.86 1.9494
31.87 1.94394
31.88 1.94175
31.89 1.94251
31.9 1.94444
31.91 1.94575
31.92 1.94539
31.93 1.94294
31.94 1.93945
31.95 1.93755
31.96 1.93648
31.97 1.92962
31.98 1.91517
31.99 1.90527
32 1.90865
32.01 1.91776
32.02 1.92339
32.03 1.91944
32.04 1.90309
32.05 1.88403
32.06 1.88135
32.07 1.89846
32.08 1.92176
32.09 1.93909
32.1 1.94602
32.11 1.94406
32.12 1.93722
32.13 1.92954
32.14 1.92399
32.15 1.92182
32.16 1.92204
32.17 1.92255
32.18 1.92167
32.19 1.91843
32.2 1.91263
32.21 1.90585
32.22 1.90122
32.23 1.90123
32.24 1.90662
32.25 1.91619
32.26 1.92662
32.27 1.9345
32.28 1.93787
32.29 1.93635
32.3 1.93136
32.31 1.92592
32.32 1.92274
32.33 1.9219
32.34 1.92106
32.35 1.91798
32.36 1.9122
32.37 1.90531
32.38 1.90059
32.39 1.90092
32.4 1.90577
32.41 1.91151
32.42 1.9145
32.43 1.91292
32.44 1.90769
32.45 1.90384
32.46 1.90679
32.47 1.91529
32.48 1.92288
32.49 1.9248
32.5 1.92045
32.51 1.91267
32.52 1.906
32.53 1.90375
32.54 1.9059
32.55 1.91108
32.56 1.91826
32.57 1.92386
32.58 1.92115
32.59 1.90458
32.6 1.87139
32.61 1.82709
32.62 1.80521
32.63 1.82812
32.64 1.86454
32.65 1.89317
32.66 1.91226
32.67 1.9232
32.68 1.92603
32.69 1.91935
32.7 1.90495
32.71 1.89291
32.72 1.89291
32.73 1.90007
32.74 1.90497
32.75 1.90444
32.76 1.89906
32.77 1.89101
32.78 1.88365
32.79 1.8801
32.8 1.88133
32.81 1.88558
32.82 1.88977
32.83 1.89157
32.84 1.89064
32.85 1.88872
32.86 1.88783
32.87 1.88737
32.88 1.88399
32.89 1.87452
32.9 1.85904
32.91 1.84294
32.92 1.83451
32.93 1.83685
32.94 1.84568
32.95 1.85471
32.96 1.85993
32.97 1.86144
32.98 1.86293
32.99 1.86724
33 1.87273
33.01 1.87584
33.02 1.87487
33.03 1.86997
33.04 1.86216
33.05 1.85319
33.06 1.84546
33.07 1.8407
33.08 1.83805
33.09 1.8344
33.1 1.82804
33.11 1.8213
33.12 1.8169
33.13 1.81496
33.14 1.82008
33.15 1.83468
33.16 1.84709
33.17 1.84717
33.18 1.8355
33.19 1.81892
33.2 1.80642
33.21 1.80469
33.22 1.81469
33.23 1.83095
33.24 1.84656
33.25 1.8581
33.26 1.86473
33.27 1.86637
33.28 1.86334
33.29 1.85666
33.3 1.84815
33.31 1.83964
33.32 1.83162
33.33 1.82568
33.34 1.82994
33.35 1.84743
33.36 1.86664
33.37 1.87832
33.38 1.8814
33.39 1.87717
33.4 1.86752
33.41 1.85581
33.42 1.84652
33.43 1.84369
33.44 1.84902
33.45 1.8599
33.46 1.87115
33.47 1.87884
33.48 1.88136
33.49 1.87876
33.5 1.87284
33.51 1.86711
33.52 1.86469
33.53 1.86567
33.54 1.86816
33.55 1.87091
33.56 1.87325
33.57 1.87425
33.58 1.87409
33.59 1.87693
33.6 1.88661
33.61 1.898
33.62 1.90207
33.63 1.89535
33.64 1.88159
33.65 1.86692
33.66 1.85212
33.67 1.83588
33.68 1.82141
33.69 1.81321
33.7 1.81482
33.71 1.82828
33.72 1.85138
33.73 1.87918
33.74 1.90721
33.75 1.92983
33.76 1.94108
33.77 1.93609
33.78 1.91228
33.79 1.88497
33.8 1.88314
33.81 1.89955
33.82 1.91104
33.83 1.9113
33.84 1.90287
33.85 1.89144
33.86 1.88423
33.87 1.88645
33.88 1.89708
33.89 1.91128
33.9 1.92382
33.91 1.92999
33.92 1.93034
33.93 1.93216
33.94 1.93719
33.95 1.94294
33.96 1.95369
33.97 1.96968
33.98 1.98463
33.99 1.99507
34 2.00037
34.01 2.00012
34.02 1.99411
34.03 1.98286
34.04 1.96806
34.05 1.95354
34.06 1.94553
34.07 1.94683
34.08 1.95147
34.09 1.95263
34.1 1.95405
34.11 1.96492
34.12 1.98234
34.13 1.99388
34.14 1.98981
34.15 1.96536
34.16 1.92915
34.17 1.90793
34.18 1.91372
34.19 1.93673
34.2 1.96502
34.21 1.9862
34.22 1.99714
34.23 2.00053
34.24 1.99834
34.25 1.99182
34.26 1.98329
34.27 1.97631
34.28 1.97352
34.29 1.97435
34.3 1.97551
34.31 1.97285
34.32 1.96362
34.33 1.94964
34.34 1.93875
34.35 1.93861
34.36 1.94793
34.37 1.95592
34.38 1.9543
34.39 1.94442
34.4 1.93214
34.41 1.92115
34.42 1.91138
34.43 1.90154
34.44 1.88963
34.45 1.87971
34.46 1.88727
34.47 1.90929
34.48 1.92541
34.49 1.93091
34.5 1.9301
34.51 1.92586
34.52 1.91957
34.53 1.91233
34.54 1.90479
34.55 1.89728
34.56 1.891
34.57 1.88867
34.58 1.89126
34.59 1.89302
34.6 1.89015
34.61 1.89302
34.62 1.9051
34.63 1.91246
34.64 1.90958
34.65 1.90226
34.66 1.89622
34.67 1.89202
34.68 1.88628
34.69 1.87695
34.7 1.86831
34.71 1.86571
34.72 1.86507
34.73 1.85675
34.74 1.84221
34.75 1.8407
34.76 1.85701
34.77 1.87339
34.78 1.87959
34.79 1.87274
34.8 1.85063
34.81 1.82679
34.82 1.83298
34.83 1.85997
34.84 1.88133
34.85 1.89438
34.86 1.90089
34.87 1.90207
34.88 1.90024
34.89 1.89691
34.9 1.89202
34.91 1.8865
34.92 1.8841
34.93 1.88725
34.94 1.8932
34.95 1.89752
34.96 1.8986
34.97 1.89769
34.98 1.89632
34.99 1.89435
35 1.89111
35.01 1.88691
35.02 1.88262
35.03 1.87856
35.04 1.87449
35.05 1.87031
35.06 1.86661
35.07 1.86488
35.08 1.86694
35.09 1.87369
35.1 1.88429
35.11 1.89636
35.12 1.90701
35.13 1.9139
35.14 1.9157
35.15 1.91228
35.16 1.90508
35.17 1.89735
35.18 1.89273
35.19 1.89317
35.2 1.89915
35.21 1.90914
35.22 1.91776
35.23 1.91956
35.24 1.91383
35.25 1.90469
35.26 1.89733
35.27 1.89197
35.28 1.88863
35.29 1.89607
35.3 1.90897
35.31 1.91162
35.32 1.90627
35.33 1.89898
35.34 1.89005
35.35 1.88441
35.36 1.89309
35.37 1.9108
35.38 1.91717
35.39 1.91905
35.4 1.93998
35.41 1.96772
35.42 1.97986
35.43 1.97243
35.44 1.95031
35.45 1.92158
35.46 1.89622
35.47 1.88082
35.48 1.87512
35.49 1.87561
35.5 1.88064
35.51 1.88939
35.52 1.8983
35.53 1.9045
35.54 1.91054
35.55 1.9206
35.56 1.93389
35.57 1.94641
35.58 1.95569
35.59 1.96112
35.6 1.96264
35.61 1.96004
35.62 1.9524
35.63 1.9385
35.64 1.92032
35.65 1.90629
35.66 1.90388
35.67 1.91178
35.68 1.92384
35.69 1.93348
35.7 1.93646
35.71 1.93168
35.72 1.92176
35.73 1.91373
35.74 1.91392
35.75 1.92033
35.76 1.92424
35.77 1.91716
35.78 1.89923
35.79 1.88803
35.8 1.9004
35.81 1.92425
35.82 1.9426
35.83 1.95193
35.84 1.95295
35.85 1.94661
35.86 1.93691
35.87 1.93103
35.88 1.93276
35.89 1.93905
35.9 1.94485
35.91 1.94712
35.92 1.94568
35.93 1.9424
35.94 1.93842
35.95 1.93141
35.96 1.91763
35.97 1.89692
35.98 1.88032
35.99 1.88722
36 1.90988
36.01 1.9257
36.02 1.93166
36.03 1.93251
36.04 1.93067
36.05 1.92839
36.06 1.92802
36.07 1.92927
36.08 1.9298
36.09 1.92786
36.1 1.92349
36.11 1.91767
36.12 1.91101
36.13 1.90308
36.14 1.89376
36.15 1.88604
36.16 1.88601
36.17 1.89618
36.18 1.91074
36.19 1.92119
36.2 1.92253
36.21 1.91387
36.22 1.89873
36.23 1.88539
36.24 1.8808
36.25 1.884
36.26 1.8905
36.27 1.89759
36.28 1.90388
36.29 1.90844
36.3 1.91083
36.31 1.91108
36.32 1.90919
36.33 1.90502
36.34 1.89873
36.35 1.89127
36.36 1.88487
36.37 1.88191
36.38 1.88232
36.39 1.88374
36.4 1.88401
36.41 1.88165
36.42 1.87317
36.43 1.84868
36.44 1.80856
36.45 1.80535
36.46 1.84405
36.47 1.87177
36.48 1.88459
36.49 1.89191
36.5 1.89745
36.51 1.90191
36.52 1.90448
36.53 1.90321
36.54 1.89491
36.55 1.8764
36.56 1.85245
36.57 1.83973
36.58 1.84118
36.59 1.84802
36.6 1.86202
36.61 1.88002
36.62 1.89202
36.63 1.89417
36.64 1.88992
36.65 1.88294
36.66 1.87289
36.67 1.86219
36.68 1.86222
36.69 1.87729
36.7 1.89577
36.71 1.9077
36.72 1.91248
36.73 1.91434
36.74 1.91571
36.75 1.91276
36.76 1.8987
36.77 1.87161
36.78 1.84914
36.79 1.86109
36.8 1.89194
36.81 1.91104
36.82 1.91559
36.83 1.90931
36.84 1.89441
36.85 1.87645
36.86 1.86611
36.87 1.86897
36.88 1.87727
36.89 1.88303
36.9 1.8888
36.91 1.9008
36.92 1.91674
36.93 1.92803
36.94 1.93234
36.95 1.93463
36.96 1.9388
36.97 1.94368
36.98 1.94667
36.99 1.94685
37 1.94497
37.01 1.94274
37.02 1.94205
37.03 1.94372
37.04 1.9467
37.05 1.94857
37.06 1.94698
37.07 1.94069
37.08 1.9306
37.09 1.92115
37.1 1.91772
37.11 1.91855
37.12 1.91738
37.13 1.91328
37.14 1.90856
37.15 1.90299
37.16 1.89666
37.17 1.89127
37.18 1.88694
37.19 1.88703
37.2 1.89773
37.21 1.91687
37.22 1.9354
37.23 1.94802
37.24 1.95508
37.25 1.95889
37.26 1.96086
37.27 1.96105
37.28 1.95932
37.29 1.95603
37.3 1.95169
37.31 1.94625
37.32 1.93861
37.33 1.92672
37.34 1.91055
37.35 1.8968
37.36 1.89391
37.37 1.90374
37.38 1.92253
37.39 1.94134
37.4 1.95368
37.41 1.95937
37.42 1.96033
37.43 1.95786
37.44 1.95226
37.45 1.9435
37.46 1.93286
37.47 1.92411
37.48 1.92141
37.49 1.92484
37.5 1.93058
37.51 1.93569
37.52 1.93983
37.53 1.94266
37.54 1.94251
37.55 1.93842
37.56 1.93206
37.57 1.92749
37.58 1.92784
37.59 1.93192
37.6 1.93714
37.61 1.94365
37.62 1.9513
37.63 1.95687
37.64 1.95734
37.65 1.95411
37.66 1.95317
37.67 1.95851
37.68 1.96706
37.69 1.97363
37.7 1.97547
37.71 1.97142
37.72 1.96022
37.73 1.9396
37.74 1.90894
37.75 1.88576
37.76 1.89712
37.77 1.92545
37.78 1.94429
37.79 1.95323
37.8 1.95794
37.81 1.96048
37.82 1.95967
37.83 1.95369
37.84 1.94401
37.85 1.93789
37.86 1.94169
37.87 1.94923
37.88 1.94584
37.89 1.92491
37.9 1.90119
37.91 1.90085
37.92 1.92373
37.93 1.944
37.94 1.9459
37.95 1.93284
37.96 1.92075
37.97 1.91915
37.98 1.9223
37.99 1.9265
38 1.93284
38.01 1.9403
38.02 1.94662
38.03 1.95139
38.04 1.95564
38.05 1.9591
38.06 1.96009
38.07 1.95765
38.08 1.9521
38.09 1.94406
38.1 1.9336
38.11 1.92022
38.12 1.90385
38.13 1.88792
38.14 1.8824
38.15 1.89381
38.16 1.91395
38.17 1.93161
38.18 1.94305
38.19 1.94791
38.2 1.94576
38.21 1.93733
38.22 1.92618
38.23 1.9178
38.24 1.91577
38.25 1.91906
38.26 1.92397
38.27 1.92858
38.28 1.93406
38.29 1.94187
38.3 1.95098
38.31 1.95862
38.32 1.96271
38.33 1.96277
38.34 1.95889
38.35 1.95085
38.36 1.93936
38.37 1.92866
38.38 1.92461
38.39 1.92758
38.4 1.93136
38.41 1.93017
38.42 1.92397
38.43 1.91658
38.44 1.90915
38.45 1.89817
38.46 1.8844
38.47 1.88287
38.48 1.90053
38.49 1.92008
38.5 1.93026
38.51 1.93311
38.52 1.93266
38.53 1.93038
38.54 1.92517
38.55 1.91569
38.56 1.90397
38.57 1.89684
38.58 1.89955
38.59 1.90807
38.6 1.91436
38.61 1.91411
38.62 1.90737
38.63 1.89788
38.64 1.89089
38.65 1.88753
38.66 1.8847
38.67 1.88153
38.68 1.87961
38.69 1.87786
38.7 1.87377
38.71 1.87199
38.72 1.88045
38.73 1.89497
38.74 1.90551
38.75 1.90766
38.76 1.90128
38.77 1.89054
38.78 1.88495
38.79 1.88951
38.8 1.89668
38.81 1.8977
38.82 1.89134
38.83 1.88236
38.84 1.87782
38.85 1.87992
38.86 1.88284
38.87 1.88223
38.88 1.88203
38.89 1.88613
38.9 1.89013
38.91 1.889
38.92 1.88457
38.93 1.88265
38.94 1.88643
38.95 1.89279
38.96 1.89498
38.97 1.88775
38.98 1.87215
38.99 1.85953
39 1.86344
39.01 1.88301
39.02 1.90599
39.03 1.92239
39.04 1.92816
39.05 1.92233
39.06 1.90758
39.07 1.89623
39.08 1.90023
39.09 1.90985
39.1 1.90772
39.11 1.89079
39.12 1.87937
39.13 1.891
39.14 1.90863
39.15 1.91811
39.16 1.92349
39.17 1.93071
39.18 1.93978
39.19 1.94733
39.2 1.95107
39.21 1.95045
39.22 1.94671
39.23 1.94349
39.24 1.9431
39.25 1.943
39.26 1.94102
39.27 1.93967
39.28 1.94118
39.29 1.94366
39.3 1.94436
39.31 1.94254
39.32 1.93959
39.33 1.94
39.34 1.94843
39.35 1.96136
39.36 1.96996
39.37 1.97133
39.38 1.96998
39.39 1.96906
39.4 1.96583
39.41 1.95728
39.42 1.94446
39.43 1.93222
39.44 1.92685
39.45 1.92964
39.46 1.9346
39.47 1.93513
39.48 1.92856
39.49 1.91538
39.5 1.89757
39.51 1.87931
39.52 1.86977
39.53 1.87927
39.54 1.90582
39.55 1.93438
39.56 1.95344
39.57 1.96143
39.58 1.96199
39.59 1.9602
39.6 1.95986
39.61 1.96149
39.62 1.96333
39.63 1.96399
39.64 1.96323
39.65 1.96132
39.66 1.95807
39.67 1.95246
39.68 1.94269
39.69 1.92731
39.7 1.90917
39.71 1.89931
39.72 1.90737
39.73 1.92584
39.74 1.93926
39.75 1.94233
39.76 1.94097
39.77 1.94105
39.78 1.9417
39.79 1.9411
39.8 1.94002
39.81 1.93931
39.82 1.93892
39.83 1.93904
39.84 1.94065
39.85 1.94441
39.86 1.94981
39.87 1.95571
39.88 1.9609
39.89 1.96463
39.9 1.96757
39.91 1.97122
39.92 1.97586
39.93 1.9802
39.94 1.98312
39.95 1.98445
39.96 1.98449
39.97 1.98349
39.98 1.98151
39.99 1.97842
40 1.97405
40.01 1.96843
40.02 1.96203
40.03 1.95595
40.04 1.9516
40.05 1.94952
40.06 1.94903
40.07 1.95046
40.08 1.95584
40.09 1.96468
40.1 1.97276
40.11 1.97693
40.12 1.9774
40.13 1.97631
40.14 1.97547
40.15 1.97462
40.16 1.97164
40.17 1.96371
40.18 1.94948
40.19 1.93485
40.2 1.93301
40.21 1.94803
40.22 1.96782
40.23 1.98189
40.24 1.98997
40.25 1.99442
40.26 1.99507
40.27 1.99073
40.28 1.98083
40.29 1.96684
40.3 1.95522
40.31 1.95375
40.32 1.96345
40.33 1.97656
40.34 1.98325
40.35 1.98334
40.36 1.98383
40.37 1.98764
40.38 1.99213
40.39 1.99524
40.4 1.99647
40.41 1.99493
40.42 1.98919
40.43 1.97895
40.44 1.96693
40.45 1.95873
40.46 1.9577
40.47 1.96155
40.48 1.96707
40.49 1.97279
40.5 1.97736
40.51 1.97939
40.52 1.97835
40.53 1.97467
40.54 1.96903
40.55 1.96169
40.56 1.95241
40.57 1.941
40.58 1.92848
40.59 1.91834
40.6 1.91529
40.61 1.92047
40.62 1.92946
40.63 1.93677
40.64 1.93981
40.65 1.93765
40.66 1.92883
40.67 1.91398
40.68 1.9
40.69 1.89473
40.7 1.89812
40.71 1.90527
40.72 1.91276
40.73 1.9185
40.74 1.92044
40.75 1.91757
40.76 1.91144
40.77 1.9055
40.78 1.90208
40.79 1.90078
40.8 1.90055
40.81 1.90169
40.82 1.9049
40.83 1.90959
40.84 1.91362
40.85 1.91426
40.86 1.90979
40.87 1.90233
40.88 1.89846
40.89 1.90077
40.9 1.90319
40.91 1.90139
40.92 1.89831
40.93 1.89753
40.94 1.8969
40.95 1.89171
40.96 1.88195
40.97 1.87198
40.98 1.8607
40.99 1.84752
41 1.84993
41.01 1.8706
41.02 1.88841
41.03 1.89623
41.04 1.89769
41.05 1.89613
41.06 1.89302
41.07 1.88778
41.08 1.87865
41.09 1.86573
41.1 1.8531
41.11 1.84691
41.12 1.85061
41.13 1.86249
41.14 1.8776
41.15 1.89115
41.16 1.90063
41.17 1.90564
41.18 1.9067
41.19 1.90451
41.2 1.89964
41.21 1.89323
41.22 1.88769
41.23 1.88567
41.24 1.88718
41.25 1.88841
41.26 1.88539
41.27 1.88072
41.28 1.88204
41.29 1.88812
41.3 1.88934
41.31 1.8814
41.32 1.86774
41.33 1.8557
41.34 1.85184
41.35 1.85776
41.36 1.87012
41.37 1.88373
41.38 1.89475
41.39 1.90146
41.4 1.90295
41.41 1.89902
41.42 1.89262
41.43 1.89006
41.44 1.894
41.45 1.90051
41.46 1.90481
41.47 1.90361
41.48 1.89407
41.49 1.87525
41.5 1.85046
41.51 1.82861
41.52 1.82087
41.53 1.83041
41.54 1.84906
41.55 1.86731
41.56 1.88187
41.57 1.89129
41.58 1.8888
41.59 1.87137
41.6 1.85656
41.61 1.86151
41.62 1.87444
41.63 1.88024
41.64 1.87642
41.65 1.86811
41.66 1.86175
41.67 1.85903
41.68 1.856
41.69 1.84966
41.7 1.8448
41.71 1.84946
41.72 1.86296
41.73 1.87703
41.74 1.885
41.75 1.88739
41.76 1.89132
41.77 1.90016
41.78 1.90891
41.79 1.91265
41.8 1.91066
41.81 1.90423
41.82 1.89526
41.83 1.88609
41.84 1.87826
41.85 1.87224
41.86 1.86867
41.87 1.86562
41.88 1.85805
41.89 1.84732
41.9 1.84279
41.91 1.84624
41.92 1.85173
41.93 1.85966
41.94 1.8722
41.95 1.88588
41.96 1.89544
41.97 1.89888
41.98 1.89743
41.99 1.89333
42 1.88797
42.01 1.88072
42.02 1.86913
42.03 1.85325
42.04 1.84318
42.05 1.85124
42.06 1.87155
42.07 1.889
42.08 1.8968
42.09 1.8954
42.1 1.88785
42.11 1.87822
42.12 1.87119
42.13 1.87089
42.14 1.87682
42.15 1.88247
42.16 1.88193
42.17 1.87559
42.18 1.86904
42.19 1.86548
42.2 1.85996
42.21 1.84657
42.22 1.82985
42.23 1.82071
42.24 1.82357
42.25 1.83589
42.26 1.85034
42.27 1.86156
42.28 1.8689
42.29 1.87303
42.3 1.87465
42.31 1.87445
42.32 1.87307
42.33 1.87111
42.34 1.86872
42.35 1.86532
42.36 1.85971
42.37 1.85097
42.38 1.84018
42.39 1.83206
42.4 1.83073
42.41 1.83179
42.42 1.82796
42.43 1.81922
42.44 1.81175
42.45 1.81126
42.46 1.81825
42.47 1.82938
42.48 1.84091
42.49 1.84996
42.5 1.85537
42.51 1.85802
42.52 1.85925
42.53 1.85888
42.54 1.85582
42.55 1.851
42.56 1.84863
42.57 1.85134
42.58 1.85598
42.59 1.85819
42.6 1.85707
42.61 1.85466
42.62 1.85368
42.63 1.85577
42.64 1.86067
42.65 1.86674
42.66 1.87223
42.67 1.87619
42.68 1.87846
42.69 1.87913
42.7 1.87807
42.71 1.87488
42.72 1.86896
42.73 1.8595
42.74 1.84682
42.75 1.83576
42.76 1.83474
42.77 1.84682
42.78 1.86606
42.79 1.88378
42.8 1.89488
42.81 1.89893
42.82 1.89783
42.83 1.8939
42.84 1.88927
42.85 1.8856
42.86 1.88331
42.87 1.88133
42.88 1.87817
42.89 1.87524
42.9 1.87887
42.91 1.89214
42.92 1.9074
42.93 1.91601
42.94 1.91565
42.95 1.90743
42.96 1.89423
42.97 1.88124
42.98 1.8747
42.99 1.87769
43 1.88691
43.01 1.89638
43.02 1.90251
43.03 1.90353
43.04 1.89832
43.05 1.8882
43.06 1.87757
43.07 1.86959
43.08 1.86337
43.09 1.85924
43.1 1.85995
43.11 1.86476
43.12 1.86965
43.13 1.87299
43.14 1.87633
43.15 1.88066
43.16 1.88432
43.17 1.88505
43.18 1.8822
43.19 1.87747
43.2 1.87438
43.21 1.87551
43.22 1.88002
43.23 1.88544
43.24 1.89049
43.25 1.8946
43.26 1.89616
43.27 1.89304
43.28 1.88535
43.29 1.87755
43.3 1.87692
43.31 1.88755
43.32 1.90381
43.33 1.91442
43.34 1.91316
43.35 1.90265
43.36 1.89214
43.37 1.88845
43.38 1.88753
43.39 1.88255
43.4 1.87411
43.41 1.87148
43.42 1.88258
43.43 1.89874
43.44 1.90471
43.45 1.89814
43.46 1.88741
43.47 1.87862
43.48 1.87198
43.49 1.87099
43.5 1.8834
43.51 1.90644
43.52 1.92871
43.53 1.9451
43.54 1.95596
43.55 1.96119
43.56 1.95941
43.57 1.94944
43.58 1.93352
43.59 1.92003
43.6 1.91716
43.61 1.92306
43.62 1.93027
43.63 1.93421
43.64 1.93386
43.65 1.92995
43.66 1.92484
43.67 1.92217
43.68 1.92379
43.69 1.92789
43.7 1.93145
43.71 1.93258
43.72 1.9312
43.73 1.92952
43.74 1.93146
43.75 1.93897
43.76 1.94937
43.77 1.95777
43.78 1.96061
43.79 1.95677
43.8 1.94635
43.81 1.92986
43.82 1.91092
43.83 1.89447
43.84 1.8839
43.85 1.88195
43.86 1.89821
43.87 1.93464
43.88 1.96732
43.89 1.98184
43.9 1.98054
43.91 1.96802
43.92 1.94882
43.93 1.9312
43.94 1.92554
43.95 1.93482
43.96 1.94989
43.97 1.9617
43.98 1.96714
43.99 1.96639
44 1.96143
44.01 1.95423
44.02 1.94538
44.03 1.93519
44.04 1.92599
44.05 1.92154
44.06 1.92299
44.07 1.92776
44.08 1.93295
44.09 1.93688
44.1 1.93806
44.11 1.93485
44.12 1.92616
44.13 1.91297
44.14 1.89981
44.15 1.89321
44.16 1.89594
44.17 1.90413
44.18 1.911
44.19 1.91171
44.2 1.90645
44.21 1.89978
44.22 1.89445
44.23 1.89049
44.24 1.88965
44.25 1.89248
44.26 1.89624
44.27 1.89808
44.28 1.89551
44.29 1.88745
44.3 1.87841
44.31 1.87501
44.32 1.87592
44.33 1.87532
44.34 1.87303
44.35 1.87379
44.36 1.87998
44.37 1.88934
44.38 1.8988
44.39 1.9053
44.4 1.90682
44.41 1.90461
44.42 1.90212
44.43 1.90092
44.44 1.8977
44.45 1.88656
44.46 1.87018
44.47 1.86639
44.48 1.87873
44.49 1.89
44.5 1.89538
44.51 1.90128
44.52 1.90858
44.53 1.9082
44.54 1.88922
44.55 1.85358
44.56 1.8248
44.57 1.821
44.58 1.83977
44.59 1.8687
44.6 1.89519
44.61 1.91457
44.62 1.92627
44.63 1.92953
44.64 1.92346
44.65 1.90845
44.66 1.88818
44.67 1.87085
44.68 1.86486
44.69 1.87127
44.7 1.88433
44.71 1.89825
44.72 1.91015
44.73 1.91913
44.74 1.92491
44.75 1.92724
44.76 1.92564
44.77 1.91955
44.78 1.9089
44.79 1.89554
44.8 1.8839
44.81 1.87822
44.82 1.87769
44.83 1.87702
44.84 1.87428
44.85 1.87501
44.86 1.88214
44.87 1.8896
44.88 1.89218
44.89 1.88996
44.9 1.88621
44.91 1.88589
44.92 1.89005
44.93 1.8931
44.94 1.88998
44.95 1.88194
44.96 1.87596
44.97 1.87683
44.98 1.87813
44.99 1.86873
45 1.84761
45.01 1.83104
45.02 1.83394
45.03 1.84912
45.04 1.86464
45.05 1.87792
45.06 1.89043
45.07 1.90157
45.08 1.90758
45.09 1.9045
45.1 1.89158
45.11 1.87522
45.12 1.86694
45.13 1.8696
45.14 1.87719
45.15 1.88613
45.16 1.89469
45.17 1.9005
45.18 1.90165
45.19 1.89769
45.2 1.89113
45.21 1.88804
45.22 1.89282
45.23 1.90345
45.24 1.91489
45.25 1.92195
45.26 1.92005
45.27 1.90772
45.28 1.89335
45.29 1.89197
45.3 1.90095
45.31 1.90603
45.32 1.90386
45.33 1.89912
45.34 1.89714
45.35 1.90041
45.36 1.907
45.37 1.91329
45.38 1.91737
45.39 1.91917
45.4 1.91902
45.41 1.91697
45.42 1.91319
45.43 1.90898
45.44 1.90709
45.45 1.90902
45.46 1.91216
45.47 1.91208
45.48 1.90605
45.49 1.89388
45.5 1.87817
45.51 1.86508
45.52 1.8624
45.53 1.87239
45.54 1.88841
45.55 1.90263
45.56 1.91196
45.57 1.9166
45.58 1.91727
45.59 1.91425
45.6 1.90786
45.61 1.89942
45.62 1.89139
45.63 1.88633
45.64 1.88597
45.65 1.8907
45.66 1.89883
45.67 1.90702
45.68 1.91196
45.69 1.91158
45.7 1.90641
45.71 1.90105
45.72 1.90153
45.73 1.90809
45.74 1.91575
45.75 1.92101
45.76 1.92321
45.77 1.92268
45.78 1.92008
45.79 1.91674
45.8 1.91454
45.81 1.91482
45.82 1.91658
45.83 1.91773
45.84 1.91807
45.85 1.91811
45.86 1.9167
45.87 1.9131
45.88 1.91121
45.89 1.91633
45.9 1.92672
45.91 1.93551
45.92 1.93825
45.93 1.93771
45.94 1.94212
45.95 1.95197
45.96 1.95872
45.97 1.95775
45.98 1.9507
45.99 1.94126
46 1.93292
46.01 1.92804
46.02 1.9274
46.03 1.93099
46.04 1.93643
46.05 1.93887
46.06 1.9388
46.07 1.946
46.08 1.96382
46.09 1.98178
46.1 1.992
46.11 1.99408
46.12 1.98932
46.13 1.9777
46.14 1.95869
46.15 1.93786
46.16 1.92893
46.17 1.93333
46.18 1.9383
46.19 1.94041
46.2 1.94452
46.21 1.95188
46.22 1.95889
46.23 1.96157
46.24 1.95881
46.25 1.9532
46.26 1.94933
46.27 1.95041
46.28 1.95622
46.29 1.96412
46.3 1.97143
46.31 1.97662
46.32 1.97922
46.33 1.9795
46.34 1.97793
46.35 1.97466
46.36 1.9692
46.37 1.96102
46.38 1.95043
46.39 1.93982
46.4 1.93438
46.41 1.93864
46.42 1.94967
46.43 1.95889
46.44 1.96108
46.45 1.95685
46.46 1.94835
46.47 1.93637
46.48 1.92279
46.49 1.91258
46.5 1.91068
46.51 1.91841
46.52 1.93232
46.53 1.94667
46.54 1.95814
46.55 1.96613
46.56 1.9708
46.57 1.97273
46.58 1.97268
46.59 1.97098
46.6 1.96753
46.61 1.96231
46.62 1.95559
46.63 1.9481
46.64 1.94099
46.65 1.93549
46.66 1.93206
46.67 1.92995
46.68 1.92773
46.69 1.92446
46.7 1.92042
46.71 1.91681
46.72 1.91309
46.73 1.90523
46.74 1.89243
46.75 1.8836
46.76 1.88517
46.77 1.88926
46.78 1.8905
46.79 1.89567
46.8 1.90702
46.81 1.91866
46.82 1.92751
46.83 1.93402
46.84 1.93898
46.85 1.94321
46.86 1.94759
46.87 1.95232
46.88 1.95614
46.89 1.95697
46.9 1.9532
46.91 1.94493
46.92 1.9348
46.93 1.92755
46.94 1.92731
46.95 1.93477
46.96 1.94633
46.97 1.95493
46.98 1.95285
46.99 1.93662
47 1.9142
47.01 1.90382
47.02 1.91313
47.03 1.93033
47.04 1.94147
47.05 1.93926
47.06 1.92333
47.07 1.9111
47.08 1.91966
47.09 1.93363
47.1 1.94035
47.11 1.9403
47.12 1.93456
47.13 1.92616
47.14 1.92122
47.15 1.92465
47.16 1.93451
47.17 1.94281
47.18 1.94405
47.19 1.93989
47.2 1.93567
47.21 1.93349
47.22 1.92907
47.23 1.91723
47.24 1.90109
47.25 1.88946
47.26 1.88409
47.27 1.88598
47.28 1.8921
47.29 1.894
47.3 1.89323
47.31 1.89305
47.32 1.89103
47.33 1.88728
47.34 1.88789
47.35 1.89598
47.36 1.90579
47.37 1.91168
47.38 1.91352
47.39 1.91264
47.4 1.90893
47.41 1.90215
47.42 1.89414
47.43 1.8884
47.44 1.88648
47.45 1.88548
47.46 1.88045
47.47 1.86891
47.48 1.85931
47.49 1.86905
47.5 1.89458
47.51 1.91841
47.52 1.93323
47.53 1.93801
47.54 1.93311
47.55 1.91959
47.56 1.9008
47.57 1.88493
47.58 1.88081
47.59 1.88837
47.6 1.90079
47.61 1.91182
47.62 1.91656
47.63 1.9125
47.64 1.90328
47.65 1.89846
47.66 1.90346
47.67 1.91331
47.68 1.92101
47.69 1.92368
47.7 1.9208
47.71 1.91267
47.72 1.90077
47.73 1.88842
47.74 1.8795
47.75 1.87564
47.76 1.8756
47.77 1.87763
47.78 1.8814
47.79 1.88755
47.8 1.89618
47.81 1.906
47.82 1.91464
47.83 1.91965
47.84 1.91942
47.85 1.91434
47.86 1.90754
47.87 1.90279
47.88 1.89966
47.89 1.8929
47.9 1.88008
47.91 1.86923
47.92 1.8681
47.93 1.87336
47.94 1.88161
47.95 1.88974
47.96 1.8926
47.97 1.8911
47.98 1.89412
47.99 1.90476
48 1.91555
48.01 1.92095
48.02 1.92073
48.03 1.91595
48.04 1.90766
48.05 1.89853
48.06 1.89286
48.07 1.89187
48.08 1.89203
48.09 1.89104
48.1 1.89078
48.11 1.8921
48.12 1.89376
48.13 1.89618
48.14 1.89876
48.15 1.89851
48.16 1.89584
48.17 1.89606
48.18 1.90224
48.19 1.91101
48.2 1.91781
48.21 1.92209
48.22 1.92672
48.23 1.93457
48.24 1.94556
48.25 1.95521
48.26 1.95633
48.27 1.94429
48.28 1.92678
48.29 1.92022
48.3 1.92455
48.31 1.92985
48.32 1.9331
48.33 1.93455
48.34 1.93502
48.35 1.93534
48.36 1.93594
48.37 1.93666
48.38 1.93672
48.39 1.93473
48.4 1.92936
48.41 1.92102
48.42 1.91296
48.43 1.90896
48.44 1.90952
48.45 1.91321
48.46 1.9205
48.47 1.9324
48.48 1.94653
48.49 1.95807
48.5 1.96376
48.51 1.96369
48.52 1.96022
48.53 1.95456
48.54 1.94589
48.55 1.93678
48.56 1.93404
48.57 1.93885
48.58 1.94543
48.59 1.94812
48.6 1.94259
48.61 1.92446
48.62 1.89598
48.63 1.87695
48.64 1.87525
48.65 1.8755
48.66 1.87481
48.67 1.87174
48.68 1.86986
48.69 1.88103
48.7 1.90222
48.71 1.9208
48.72 1.93155
48.73 1.93557
48.74 1.93498
48.75 1.93136
48.76 1.92603
48.77 1.92064
48.78 1.91708
48.79 1.91639
48.8 1.91797
48.81 1.9198
48.82 1.91889
48.83 1.91242
48.84 1.90124
48.85 1.89309
48.86 1.89394
48.87 1.88927
48.88 1.84013
48.89 1.78819
48.9 1.84454
48.91 1.88722
48.92 1.89259
48.93 1.89209
48.94 1.89776
48.95 1.91003
48.96 1.925
48.97 1.93952
48.98 1.95188
48.99 1.96108
49 1.96627
49.01 1.96624
49.02 1.95896
49.03 1.94258
49.04 1.91872
49.05 1.89508
49.06 1.87938
49.07 1.8713
49.08 1.86683
49.09 1.86541
49.1 1.86788
49.11 1.87235
49.12 1.87668
49.13 1.88247
49.14 1.88996
49.15 1.89559
49.16 1.89839
49.17 1.89994
49.18 1.90078
49.19 1.90108
49.2 1.90244
49.21 1.90603
49.22 1.91008
49.23 1.91204
49.24 1.91146
49.25 1.90996
49.26 1.90946
49.27 1.91032
49.28 1.91091
49.29 1.9089
49.3 1.90331
49.31 1.89603
49.32 1.89145
49.33 1.89266
49.34 1.89796
49.35 1.90333
49.36 1.90619
49.37 1.90581
49.38 1.9031
49.39 1.90099
49.4 1.90237
49.41 1.90717
49.42 1.91284
49.43 1.91713
49.44 1.91953
49.45 1.92106
49.46 1.92317
49.47 1.92635
49.48 1.92975
49.49 1.93204
49.5 1.93214
49.51 1.92951
49.52 1.92416
49.53 1.91667
49.54 1.90808
49.55 1.89927
49.56 1.89041
49.57 1.88163
49.58 1.87439
49.59 1.87146
49.6 1.8753
49.61 1.88597
49.62 1.90053
49.63 1.91451
49.64 1.92422
49.65 1.92808
49.66 1.92675
49.67 1.92243
49.68 1.91801
49.69 1.91607
49.7 1.91764
49.71 1.92191
49.72 1.92701
49.73 1.93089
49.74 1.93232
49.75 1.93141
49.76 1.92861
49.77 1.92499
49.78 1.92408
49.79 1.92871
49.8 1.93611
49.81 1.94221
49.82 1.9461
49.83 1.94806
49.84 1.94757
49.85 1.94408
49.86 1.93836
49.87 1.93239
49.88 1.92808
49.89 1.92622
49.9 1.92605
49.91 1.92613
49.92 1.92562
49.93 1.92434
49.94 1.92237
49.95 1.92096
49.96 1.92248
49.97 1.92861
49.98 1.93827
49.99 1.94813
50 1.95637
50.01 1.96341
50.02 1.96966
50.03 1.97461
50.04 1.97728
50.05 1.97647
50.06 1.96991
50.07 1.95377
50.08 1.92679
50.09 1.90287
50.1 1.90268
50.11 1.91767
50.12 1.92937
50.13 1.93584
50.14 1.94044
50.15 1.94297
50.16 1.94191
50.17 1.93709
50.18 1.92941
50.19 1.92244
50.2 1.92059
50.21 1.9225
50.22 1.9223
50.23 1.92056
50.24 1.92758
50.25 1.94696
50.26 1.96903
50.27 1.98606
50.28 1.99702
50.29 2.0029
50.3 2.00449
50.31 2.00236
50.32 1.9972
50.33 1.98985
50.34 1.98069
50.35 1.96925
50.36 1.95475
50.37 1.93811
50.38 1.92437
50.39 1.9213
50.4 1.93003
50.41 1.94113
50.42 1.94581
50.43 1.94555
50.44 1.94767
50.45 1.95274
50.46 1.95655
50.47 1.95971
50.48 1.96518
50.49 1.97298
50.5 1.98048
50.51 1.98643
50.52 1.99266
50.53 1.99971
50.54 2.00424
50.55 2.0031
50.56 1.99583
50.57 1.98404
50.58 1.97097
50.59 1.96076
50.6 1.95559
50.61 1.95337
50.62 1.94973
50.63 1.94263
50.64 1.93474
50.65 1.93053
50.66 1.93149
50.67 1.93489
50.68 1.93559
50.69 1.92965
50.7 1.92088
50.71 1.92228
50.72 1.93795
50.73 1.955
50.74 1.96386
50.75 1.96479
50.76 1.96072
50.77 1.95343
50.78 1.94312
50.79 1.92959
50.8 1.91492
50.81 1.90418
50.82 1.9015
50.83 1.90651
50.84 1.91532
50.85 1.9236
50.86 1.92909
50.87 1.93139
50.88 1.93035
50.89 1.92485
50.9 1.91415
50.91 1.90263
50.92 1.89925
50.93 1.90552
50.94 1.91394
50.95 1.91799
50.96 1.91533
50.97 1.907
50.98 1.89757
50.99 1.8933
51 1.89675
51.01 1.90416
51.02 1.9102
51.03 1.91237
51.04 1.91109
51.05 1.90848
51.06 1.90713
51.07 1.90773
51.08 1.90775
51.09 1.9038
51.1 1.89526
51.11 1.8858
51.12 1.88005
51.13 1.8781
51.14 1.8776
51.15 1.87873
51.16 1.8826
51.17 1.88853
51.18 1.89519
51.19 1.90166
51.2 1.90679
51.21 1.90881
51.22 1.90597
51.23 1.89806
51.24 1.88901
51.25 1.88582
51.26 1.8904
51.27 1.89783
51.28 1.90453
51.29 1.91042
51.3 1.91534
51.31 1.9177
51.32 1.91568
51.33 1.90823
51.34 1.89642
51.35 1.88566
51.36 1.88306
51.37 1.88933
51.38 1.89726
51.39 1.89927
51.4 1.89243
51.41 1.87944
51.42 1.86778
51.43 1.86441
51.44 1.86944
51.45 1.87905
51.46 1.89031
51.47 1.89665
51.48 1.88981
51.49 1.8742
51.5 1.86769
51.51 1.87699
51.52 1.89118
51.53 1.90057
51.54 1.90405
51.55 1.90507
51.56 1.90738
51.57 1.91244
51.58 1.91925
51.59 1.92612
51.6 1.93206
51.61 1.93681
51.62 1.9404
51.63 1.94246
51.64 1.94192
51.65 1.9369
51.66 1.92576
51.67 1.91027
51.68 1.89677
51.69 1.88735
51.7 1.87792
51.71 1.86982
51.72 1.8655
51.73 1.86215
51.74 1.85915
51.75 1.85863
51.76 1.85964
51.77 1.85946
51.78 1.86353
51.79 1.88131
51.8 1.90741
51.81 1.92839
51.82 1.93774
51.83 1.93661
51.84 1.92971
51.85 1.92219
51.86 1.91575
51.87 1.90755
51.88 1.89533
51.89 1.88235
51.9 1.87573
51.91 1.88036
51.92 1.89546
51.93 1.91457
51.94 1.92957
51.95 1.93626
51.96 1.93428
51.97 1.92471
51.98 1.91015
51.99 1.89601
52 1.88842
52.01 1.8886
52.02 1.89194
52.03 1.89398
52.04 1.89447
52.05 1.89467
52.06 1.89394
52.07 1.89112
52.08 1.88681
52.09 1.88287
52.1 1.88083
52.11 1.88104
52.12 1.88291
52.13 1.88571
52.14 1.88885
52.15 1.89181
52.16 1.89405
52.17 1.8952
52.18 1.89532
52.19 1.89494
52.2 1.89466
52.21 1.89451
52.22 1.89354
52.23 1.88998
52.24 1.8821
52.25 1.86969
52.26 1.85544
52.27 1.84454
52.28 1.84206
52.29 1.84879
52.3 1.86005
52.31 1.87084
52.32 1.879
52.33 1.88418
52.34 1.88692
52.35 1.88823
52.36 1.88927
52.37 1.89063
52.38 1.89182
52.39 1.89143
52.4 1.88781
52.41 1.87959
52.42 1.86637
52.43 1.85126
52.44 1.84243
52.45 1.84473
52.46 1.85235
52.47 1.85764
52.48 1.86062
52.49 1.86682
52.5 1.87633
52.51 1.88292
52.52 1.88299
52.53 1.87726
52.54 1.86822
52.55 1.85902
52.56 1.85297
52.57 1.85239
52.58 1.85744
52.59 1.86601
52.6 1.87508
52.61 1.88223
52.62 1.88635
52.63 1.88703
52.64 1.88373
52.65 1.87529
52.66 1.86149
52.67 1.84763
52.68 1.84527
52.69 1.85723
52.7 1.87219
52.71 1.88165
52.72 1.88518
52.73 1.88533
52.74 1.88478
52.75 1.8854
52.76 1.88755
52.77 1.89002
52.78 1.89073
52.79 1.88818
52.8 1.88249
52.81 1.87523
52.82 1.86766
52.83 1.86057
52.84 1.85711
52.85 1.86116
52.86 1.87
52.87 1.87721
52.88 1.88128
52.89 1.88524
52.9 1.89114
52.91 1.89897
52.92 1.90753
52.93 1.9137
52.94 1.91371
52.95 1.90636
52.96 1.89531
52.97 1.88777
52.98 1.88809
52.99 1.8935
53 1.89876
53.01 1.90184
53.02 1.90442
53.03 1.90895
53.04 1.91605
53.05 1.92426
53.06 1.93167
53.07 1.9372
53.08 1.94073
53.09 1.9425
53.1 1.94287
53.11 1.94214
53.12 1.9406
53.13 1.9387
53.14 1.93722
53.15 1.93702
53.16 1.93817
53.17 1.93939
53.18 1.93885
53.19 1.93541
53.2 1.9292
53.21 1.9211
53.22 1.91192
53.23 1.90225
53.24 1.89304
53.25 1.88565
53.26 1.88227
53.27 1.88548
53.28 1.89431
53.29 1.90323
53.3 1.90846
53.31 1.91172
53.32 1.91656
53.33 1.92313
53.34 1.92772
53.35 1.92673
53.36 1.9204
53.37 1.91336
53.38 1.91
53.39 1.90848
53.4 1.9031
53.41 1.89147
53.42 1.87726
53.43 1.86779
53.44 1.86729
53.45 1.87235
53.46 1.87645
53.47 1.87616
53.48 1.87309
53.49 1.87362
53.5 1.87983
53.51 1.88355
53.52 1.87832
53.53 1.86845
53.54 1.86429
53.55 1.86963
53.56 1.87785
53.57 1.88173
53.58 1.87937
53.59 1.87253
53.6 1.86392
53.61 1.85546
53.62 1.84744
53.63 1.83895
53.64 1.83095
53.65 1.82873
53.66 1.8363
53.67 1.84935
53.68 1.85981
53.69 1.86375
53.7 1.86253
53.71 1.86116
53.72 1.86517
53.73 1.87554
53.74 1.88781
53.75 1.89756
53.76 1.90376
53.77 1.90738
53.78 1.90936
53.79 1.91004
53.8 1.90932
53.81 1.90655
53.82 1.90002
53.83 1.88692
53.84 1.8667
53.85 1.84842
53.86 1.84721
53.87 1.8646
53.88 1.8892
53.89 1.91194
53.9 1.92916
53.91 1.94041
53.92 1.94645
53.93 1.94786
53.94 1.94457
53.95 1.93585
53.96 1.92068
53.97 1.89881
53.98 1.87311
53.99 1.85187
54 1.84587
54.01 1.85766
54.02 1.87787
54.03 1.89641
54.04 1.90957
54.05 1.91708
54.06 1.91965
54.07 1.91913
54.08 1.9178
54.09 1.91613
54.1 1.91186
54.11 1.9018
54.12 1.8853
54.13 1.86695
54.14 1.85524
54.15 1.85574
54.16 1.86585
54.17 1.87816
54.18 1.88669
54.19 1.88929
54.2 1.88738
54.21 1.88479
54.22 1.88463
54.23 1.88546
54.24 1.88237
54.25 1.87363
54.26 1.8654
54.27 1.86478
54.28 1.87164
54.29 1.88289
54.3 1.8942
54.31 1.90125
54.32 1.90294
54.33 1.90103
54.34 1.89837
54.35 1.89755
54.36 1.89955
54.37 1.90327
54.38 1.90597
54.39 1.90363
54.4 1.89143
54.41 1.86817
54.42 1.84933
54.43 1.85874
54.44 1.88456
54.45 1.90063
54.46 1.90322
54.47 1.89924
54.48 1.89586
54.49 1.89741
54.5 1.90367
54.51 1.91177
54.52 1.91907
54.53 1.92387
54.54 1.92543
54.55 1.92441
54.56 1.92234
54.57 1.91956
54.58 1.91461
54.59 1.90666
54.6 1.89829
54.61 1.89369
54.62 1.89318
54.63 1.89443
54.64 1.89761
54.65 1.90262
54.66 1.90674
54.67 1.90846
54.68 1.90838
54.69 1.90677
54.7 1.90257
54.71 1.89481
54.72 1.88471
54.73 1.87738
54.74 1.87978
54.75 1.89337
54.76 1.9111
54.77 1.92493
54.78 1.9317
54.79 1.93212
54.8 1.92855
54.81 1.92362
54.82 1.91913
54.83 1.91562
54.84 1.91282
54.85 1.90937
54.86 1.90324
54.87 1.89344
54.88 1.8806
54.89 1.86835
54.9 1.86499
54.91 1.87727
54.92 1.90071
54.93 1.92432
54.94 1.9418
54.95 1.95286
54.96 1.95891
54.97 1.96066
54.98 1.95819
54.99 1.95245
55 1.94654
55.01 1.94429
55.02 1.94645
55.03 1.95044
55.04 1.95383
55.05 1.95567
55.06 1.9554
55.07 1.95192
55.08 1.94387
55.09 1.931
55.1 1.91759
55.11 1.91198
55.12 1.91591
55.13 1.92195
55.14 1.92512
55.15 1.92644
55.16 1.92866
55.17 1.93258
55.18 1.93599
55.19 1.93595
55.2 1.93328
55.21 1.93471
55.22 1.94483
55.23 1.95706
55.24 1.96215
55.25 1.95847
55.26 1.95121
55.27 1.94616
55.28 1.9442
55.29 1.94176
55.3 1.93531
55.31 1.92475
55.32 1.91433
55.33 1.90975
55.34 1.91245
55.35 1.91864
55.36 1.92403
55.37 1.92621
55.38 1.92446
55.39 1.92131
55.4 1.92314
55.41 1.93315
55.42 1.94632
55.43 1.95664
55.44 1.96231
55.45 1.96362
55.46 1.96019
55.47 1.94959
55.48 1.92692
55.49 1.88822
55.5 1.84378
55.51 1.82655
55.52 1.84615
55.53 1.86923
55.54 1.87494
55.55 1.86591
55.56 1.85206
55.57 1.8436
55.58 1.85107
55.59 1.87388
55.6 1.90004
55.61 1.92213
55.62 1.9378
55.63 1.94603
55.64 1.94704
55.65 1.94261
55.66 1.93572
55.67 1.92926
55.68 1.92385
55.69 1.91703
55.7 1.90524
55.71 1.88808
55.72 1.87237
55.73 1.86857
55.74 1.87814
55.75 1.8903
55.76 1.89374
55.77 1.88608
55.78 1.87459
55.79 1.8674
55.8 1.8637
55.81 1.86262
55.82 1.86971
55.83 1.88289
55.84 1.89415
55.85 1.90045
55.86 1.90224
55.87 1.90064
55.88 1.89765
55.89 1.89545
55.9 1.89377
55.91 1.89036
55.92 1.88568
55.93 1.88352
55.94 1.88346
55.95 1.87879
55.96 1.8678
55.97 1.85891
55.98 1.85779
55.99 1.86247
56 1.87283
56.01 1.88896
56.02 1.90651
56.03 1.92095
56.04 1.93113
56.05 1.93744
56.06 1.93982
56.07 1.93754
56.08 1.92987
56.09 1.91769
56.1 1.90489
56.11 1.89584
56.12 1.889
56.13 1.87565
56.14 1.84984
56.15 1.82868
56.16 1.84574
56.17 1.8925
56.18 1.93277
56.19 1.95523
56.2 1.96494
56.21 1.96729
56.22 1.96513
56.23 1.96001
56.24 1.95351
56.25 1.94718
56.26 1.94133
56.27 1.93436
56.28 1.92425
56.29 1.91214
56.3 1.90493
56.31 1.9073
56.32 1.91316
56.33 1.91533
56.34 1.91341
56.35 1.91085
56.36 1.91144
56.37 1.91724
56.38 1.92671
56.39 1.93638
56.4 1.94433
56.41 1.95008
56.42 1.95314
56.43 1.9531
56.44 1.95042
56.45 1.94626
56.46 1.94161
56.47 1.93707
56.48 1.93397
56.49 1.93463
56.5 1.94008
56.51 1.94813
56.52 1.95487
56.53 1.95762
56.54 1.95586
56.55 1.95057
56.56 1.94312
56.57 1.93482
56.58 1.92749
56.59 1.92334
56.6 1.92167
56.61 1.91869
56.62 1.91441
56.63 1.91424
56.64 1.92084
56.65 1.93095
56.66 1.93998
56.67 1.94513
56.68 1.94539
56.69 1.94138
56.7 1.93606
56.71 1.93348
56.72 1.93507
56.73 1.93908
56.74 1.94338
56.75 1.94622
56.76 1.94528
56.77 1.93801
56.78 1.92529
56.79 1.91469
56.8 1.91397
56.81 1.92158
56.82 1.93196
56.83 1.9434
56.84 1.95381
56.85 1.95994
56.86 1.96264
56.87 1.96577
56.88 1.97029
56.89 1.97342
56.9 1.97304
56.91 1.96993
56.92 1.96609
56.93 1.96258
56.94 1.95876
56.95 1.95372
56.96 1.94887
56.97 1.94739
56.98 1.94966
56.99 1.95106
57 1.94576
57.01 1.93307
57.02 1.92355
57.03 1.93082
57.04 1.95492
57.05 1.98232
57.06 1.99767
57.07 1.99432
57.08 1.97482
57.09 1.95493
57.1 1.9515
57.11 1.95792
57.12 1.96332
57.13 1.96323
57.14 1.95665
57.15 1.95995
57.16 1.98515
57.17 2.01008
57.18 2.01619
57.19 2.00108
57.2 1.96806
57.21 1.93401
57.22 1.9258
57.23 1.93985
57.24 1.95099
57.25 1.94903
57.26 1.94031
57.27 1.94097
57.28 1.95665
57.29 1.97514
57.3 1.98792
57.31 1.99545
57.32 1.99968
57.33 2.00143
57.34 2.00104
57.35 1.99864
57.36 1.99329
57.37 1.98197
57.38 1.9622
57.39 1.9395
57.4 1.92017
57.41 1.90314
57.42 1.89713
57.43 1.90535
57.44 1.91418
57.45 1.91761
57.46 1.91737
57.47 1.91215
57.48 1.90376
57.49 1.89925
57.5 1.90212
57.51 1.90745
57.52 1.90898
57.53 1.90694
57.54 1.90918
57.55 1.9222
57.56 1.94187
57.57 1.9596
57.58 1.97138
57.59 1.97745
57.6 1.97909
57.61 1.97734
57.62 1.97287
57.63 1.96609
57.64 1.95708
57.65 1.94594
57.66 1.93396
57.67 1.9247
57.68 1.92226
57.69 1.92681
57.7 1.93399
57.71 1.93947
57.72 1.94169
57.73 1.94059
57.74 1.93644
57.75 1.93021
57.76 1.92395
57.77 1.91991
57.78 1.91941
57.79 1.92307
57.8 1.93067
57.81 1.9398
57.82 1.94689
57.83 1.9498
57.84 1.94832
57.85 1.94287
57.86 1.93408
57.87 1.92367
57.88 1.91503
57.89 1.91189
57.9 1.91458
57.91 1.91796
57.92 1.91725
57.93 1.91524
57.94 1.919
57.95 1.92923
57.96 1.93882
57.97 1.94151
57.98 1.93753
57.99 1.93322
58 1.93559
58.01 1.94406
58.02 1.94993
58.03 1.94375
58.04 1.92235
58.05 1.89768
58.06 1.88723
58.07 1.88577
58.08 1.8813
58.09 1.87426
58.1 1.86596
58.11 1.85581
58.12 1.85466
58.13 1.87298
58.14 1.89962
58.15 1.92139
58.16 1.93747
58.17 1.95171
58.18 1.96521
58.19 1.97514
58.2 1.97718
58.21 1.96834
58.22 1.95318
58.23 1.94697
58.24 1.95437
58.25 1.96225
58.26 1.96342
58.27 1.96013
58.28 1.9562
58.29 1.95339
58.3 1.95054
58.31 1.94521
58.32 1.93666
58.33 1.92742
58.34 1.92209
58.35 1.92379
58.36 1.93118
58.37 1.94093
58.38 1.95077
58.39 1.95927
58.4 1.96581
58.41 1.96988
58.42 1.97028
58.43 1.96528
58.44 1.95459
58.45 1.94281
58.46 1.93795
58.47 1.94227
58.48 1.94939
58.49 1.95259
58.5 1.95058
58.51 1.94563
58.52 1.9398
58.53 1.93418
58.54 1.93021
58.55 1.92978
58.56 1.93354
58.57 1.94003
58.58 1.94689
58.59 1.95211
58.6 1.95429
58.61 1.95232
58.62 1.94502
58.63 1.93249
58.64 1.92106
58.65 1.92228
58.66 1.93526
58.67 1.9468
58.68 1.95059
58.69 1.94873
58.7 1.94524
58.71 1.94206
58.72 1.93835
58.73 1.93289
58.74 1.92613
58.75 1.91981
58.76 1.91603
58.77 1.91655
58.78 1.92175
58.79 1.9297
58.8 1.93713
58.81 1.94219
58.82 1.94579
58.83 1.94903
58.84 1.95055
58.85 1.94798
58.86 1.94183
58.87 1.93611
58.88 1.93412
58.89 1.93569
58.9 1.93942
58.91 1.94437
58.92 1.94869
58.93 1.94887
58.94 1.94174
58.95 1.92783
58.96 1.91311
58.97 1.90606
58.98 1.9103
58.99 1.92088
59 1.9316
59.01 1.94251
59.02 1.95622
59.03 1.9702
59.04 1.97771
59.05 1.97553
59.06 1.96928
59.07 1.96891
59.08 1.97359
59.09 1.9731
59.1 1.96306
59.11 1.9499
59.12 1.94533
59.13 1.95231
59.14 1.96274
59.15 1.97035
59.16 1.97506
59.17 1.97938
59.18 1.98443
59.19 1.98894
59.2 1.99064
59.21 1.98661
59.22 1.97449
59.23 1.95824
59.24 1.94898
59.25 1.94953
59.26 1.9494
59.27 1.94275
59.28 1.9366
59.29 1.93797
59.3 1.94338
59.31 1.94859
59.32 1.95327
59.33 1.95628
59.34 1.95695
59.35 1.95825
59.36 1.96271
59.37 1.9672
59.38 1.96581
59.39 1.95571
59.4 1.93987
59.41 1.92482
59.42 1.91296
59.43 1.90442
59.44 1.90556
59.45 1.91927
59.46 1.93433
59.47 1.93786
59.48 1.92729
59.49 1.91155
59.5 1.90541
59.51 1.91036
59.52 1.91579
59.53 1.9172
59.54 1.91647
59.55 1.91589
59.56 1.91597
59.57 1.91548
59.58 1.91233
59.59 1.90578
59.6 1.89934
59.61 1.89825
59.62 1.90234
59.63 1.90791
59.64 1.91367
59.65 1.9192
59.66 1.92252
59.67 1.92103
59.68 1.91361
59.69 1.9033
59.7 1.89771
59.71 1.90048
59.72 1.90595
59.73 1.91
59.74 1.91471
59.75 1.92075
59.76 1.92471
59.77 1.92338
59.78 1.91615
59.79 1.90534
59.8 1.89693
59.81 1.89647
59.82 1.90258
59.83 1.91084
59.84 1.91907
59.85 1.92601
59.86 1.93068
59.87 1.93217
59.88 1.92945
59.89 1.92276
59.9 1.91483
59.91 1.90802
59.92 1.90236
59.93 1.8996
59.94 1.90102
59.95 1.90237
59.96 1.89889
59.97 1.89006
59.98 1.88089
59.99 1.87978
60 1.88835
60.01 1.89943
60.02 1.90752
60.03 1.91221
60.04 1.91511
60.05 1.91746
60.06 1.91953
60.07 1.92102
60.08 1.92149
60.09 1.92041
60.1 1.91723
60.11 1.91172
60.12 1.90454
60.13 1.89746
60.14 1.89248
60.15 1.89045
60.16 1.8909
60.17 1.89273
60.18 1.8946
60.19 1.89531
60.2 1.89443
60.21 1.89274
60.22 1.89177
60.23 1.8926
60.24 1.89517
60.25 1.89851
60.26 1.90134
60.27 1.90284
60.28 1.90351
60.29 1.90511
60.3 1.90891
60.31 1.9141
60.32 1.91831
60.33 1.91912
60.34 1.9146
60.35 1.90358
60.36 1.88694
60.37 1.87041
60.38 1.86391
60.39 1.87111
60.4 1.88502
60.41 1.89904
60.42 1.91077
60.43 1.91851
60.44 1.92098
60.45 1.91878
60.46 1.91369
60.47 1.9056
60.48 1.891
60.49 1.87019
60.5 1.86578
60.51 1.89179
60.52 1.91786
60.53 1.92673
60.54 1.92362
60.55 1.91589
60.56 1.91056
60.57 1.91321
60.58 1.92256
60.59 1.93242
60.6 1.93858
60.61 1.93989
60.62 1.93656
60.63 1.92982
60.64 1.92209
60.65 1.91554
60.66 1.90926
60.67 1.90013
60.68 1.89125
60.69 1.89103
60.7 1.89675
60.71 1.90024
60.72 1.90078
60.73 1.90082
60.74 1.90354
60.75 1.91242
60.76 1.92601
60.77 1.93815
60.78 1.94483
60.79 1.94641
60.8 1.94534
60.81 1.94417
60.82 1.94451
60.83 1.94652
60.84 1.94858
60.85 1.94749
60.86 1.93915
60.87 1.92206
60.88 1.90479
60.89 1.90096
60.9 1.90683
60.91 1.90937
60.92 1.906
60.93 1.90169
60.94 1.90148
60.95 1.90642
60.96 1.91385
60.97 1.92115
60.98 1.92799
60.99 1.93457
