x y
0 1.52757
0.01 1.5269
0.02 1.52565
0.03 1.52399
0.04 1.52226
0.05 1.52104
0.06 1.52093
0.07 1.5223
0.08 1.525
0.09 1.52849
0.1 1.53221
0.11 1.53574
0.12 1.53891
0.13 1.5417
0.14 1.54417
0.15 1.54639
0.16 1.54839
0.17 1.55018
0.18 1.55169
0.19 1.5529
0.2 1.55392
0.21 1.55511
0.22 1.55704
0.23 1.56026
0.24 1.56485
0.25 1.57038
0.26 1.57615
0.27 1.5814
0.28 1.5856
0.29 1.58861
0.3 1.59079
0.31 1.59217
0.32 1.59135
0.33 1.5862
0.34 1.57677
0.35 1.56626
0.36 1.5582
0.37 1.55481
0.38 1.55865
0.39 1.57112
0.4 1.58927
0.41 1.60696
0.42 1.61861
0.43 1.62119
0.44 1.61459
0.45 1.60351
0.46 1.59877
0.47 1.60834
0.48 1.62643
0.49 1.64263
0.5 1.65314
0.51 1.65872
0.52 1.66043
0.53 1.65843
0.54 1.65209
0.55 1.64112
0.56 1.62821
0.57 1.62007
0.58 1.62053
0.59 1.62596
0.6 1.63111
0.61 1.63421
0.62 1.63683
0.63 1.64092
0.64 1.64508
0.65 1.64548
0.66 1.64338
0.67 1.64682
0.68 1.65806
0.69 1.66882
0.7 1.67087
0.71 1.65864
0.72 1.63186
0.73 1.61084
0.74 1.6224
0.75 1.65651
0.76 1.68722
0.77 1.7057
0.78 1.71326
0.79 1.71332
0.8 1.70983
0.81 1.70521
0.82 1.69929
0.83 1.6922
0.84 1.68567
0.85 1.68122
0.86 1.67931
0.87 1.67962
0.88 1.68123
0.89 1.68357
0.9 1.68696
0.91 1.692
0.92 1.69844
0.93 1.70506
0.94 1.71061
0.95 1.71443
0.96 1.71638
0.97 1.71655
0.98 1.7152
0.99 1.71278
1 1.71025
1.01 1.70906
1.02 1.71014
1.03 1.71286
1.04 1.71559
1.05 1.71694
1.06 1.71612
1.07 1.71274
1.08 1.70694
1.09 1.6996
1.1 1.69227
1.11 1.68655
1.12 1.6835
1.13 1.68332
1.14 1.68535
1.15 1.68816
1.16 1.68995
1.17 1.68904
1.18 1.68413
1.19 1.67488
1.2 1.66367
1.21 1.65686
1.22 1.66038
1.23 1.67267
1.24 1.68676
1.25 1.69771
1.26 1.70465
1.27 1.70862
1.28 1.71078
1.29 1.71146
1.3 1.71013
1.31 1.70656
1.32 1.70204
1.33 1.69904
1.34 1.69906
1.35 1.70086
1.36 1.70088
1.37 1.6957
1.38 1.68509
1.39 1.67341
1.4 1.66753
1.41 1.67191
1.42 1.68547
1.43 1.70281
1.44 1.71818
1.45 1.72825
1.46 1.7323
1.47 1.73142
1.48 1.72837
1.49 1.72652
1.5 1.72663
1.51 1.72438
1.52 1.71317
1.53 1.69058
1.54 1.66589
1.55 1.65979
1.56 1.67641
1.57 1.69029
1.58 1.68623
1.59 1.67815
1.6 1.68472
1.61 1.7049
1.62 1.72614
1.63 1.74146
1.64 1.75105
1.65 1.75672
1.66 1.75874
1.67 1.75622
1.68 1.74836
1.69 1.7355
1.7 1.71981
1.71 1.70515
1.72 1.69523
1.73 1.69189
1.74 1.69604
1.75 1.70769
1.76 1.72389
1.77 1.7397
1.78 1.75131
1.79 1.75725
1.8 1.75794
1.81 1.75564
1.82 1.75452
1.83 1.75777
1.84 1.7646
1.85 1.77244
1.86 1.77988
1.87 1.78619
1.88 1.79044
1.89 1.79164
1.9 1.78849
1.91 1.77879
1.92 1.75992
1.93 1.73186
1.94 1.70164
1.95 1.68228
1.96 1.6825
1.97 1.70014
1.98 1.72598
1.99 1.75121
2 1.77149
2.01 1.78603
2.02 1.79533
2.03 1.79957
2.04 1.79803
2.05 1.78953
2.06 1.77525
2.07 1.76283
2.08 1.76124
2.09 1.76966
2.1 1.78021
2.11 1.78702
2.12 1.78836
2.13 1.78597
2.14 1.78513
2.15 1.78984
2.16 1.79767
2.17 1.80386
2.18 1.80632
2.19 1.80548
2.2 1.80254
2.21 1.79846
2.22 1.79349
2.23 1.78735
2.24 1.77968
2.25 1.77044
2.26 1.76011
2.27 1.74973
2.28 1.74329
2.29 1.74771
2.3 1.76195
2.31 1.77622
2.32 1.78438
2.33 1.78556
2.34 1.78083
2.35 1.77313
2.36 1.7668
2.37 1.76352
2.38 1.75988
2.39 1.74892
2.4 1.72303
2.41 1.69252
2.42 1.69822
2.43 1.73823
2.44 1.76894
2.45 1.78091
2.46 1.78242
2.47 1.77701
2.48 1.76459
2.49 1.74959
2.5 1.74369
2.51 1.75178
2.52 1.76618
2.53 1.7799
2.54 1.7905
2.55 1.79719
2.56 1.80004
2.57 1.79975
2.58 1.7975
2.59 1.79466
2.6 1.79234
2.61 1.79095
2.62 1.78989
2.63 1.78716
2.64 1.77771
2.65 1.75405
2.66 1.71816
2.67 1.69228
2.68 1.692
2.69 1.71578
2.7 1.74716
2.71 1.76394
2.72 1.76527
2.73 1.75954
2.74 1.75252
2.75 1.74686
2.76 1.73952
2.77 1.72627
2.78 1.72534
2.79 1.75222
2.8 1.77993
2.81 1.7909
2.82 1.78866
2.83 1.77902
2.84 1.76689
2.85 1.75748
2.86 1.75482
2.87 1.75814
2.88 1.76217
2.89 1.76222
2.9 1.75572
2.91 1.74181
2.92 1.72508
2.93 1.71661
2.94 1.72114
2.95 1.73024
2.96 1.73495
2.97 1.73384
2.98 1.73091
2.99 1.73072
3 1.73404
3.01 1.73777
3.02 1.73868
3.03 1.73624
3.04 1.73265
3.05 1.73086
3.06 1.73191
3.07 1.73382
3.08 1.73337
3.09 1.72857
3.1 1.72006
3.11 1.71032
3.12 1.70129
3.13 1.69633
3.14 1.70117
3.15 1.71303
3.16 1.72207
3.17 1.72441
3.18 1.72244
3.19 1.72006
3.2 1.72001
3.21 1.72254
3.22 1.72597
3.23 1.72854
3.24 1.72959
3.25 1.72956
3.26 1.72938
3.27 1.72984
3.28 1.73118
3.29 1.7331
3.3 1.73495
3.31 1.7361
3.32 1.73601
3.33 1.7343
3.34 1.73083
3.35 1.72627
3.36 1.72243
3.37 1.72144
3.38 1.72401
3.39 1.72901
3.4 1.73462
3.41 1.73943
3.42 1.74265
3.43 1.74398
3.44 1.74349
3.45 1.74099
3.46 1.73533
3.47 1.72682
3.48 1.72211
3.49 1.7291
3.5 1.7436
3.51 1.75551
3.52 1.76164
3.53 1.76415
3.54 1.7651
3.55 1.76451
3.56 1.76187
3.57 1.75857
3.58 1.75763
3.59 1.76059
3.6 1.76659
3.61 1.77436
3.62 1.78291
3.63 1.79114
3.64 1.798
3.65 1.8027
3.66 1.80456
3.67 1.80272
3.68 1.79615
3.69 1.78485
3.7 1.77297
3.71 1.76789
3.72 1.76905
3.73 1.7638
3.74 1.74262
3.75 1.72184
3.76 1.7242
3.77 1.73889
3.78 1.7558
3.79 1.77508
3.8 1.79334
3.81 1.80634
3.82 1.81304
3.83 1.81488
3.84 1.81375
3.85 1.81095
3.86 1.80694
3.87 1.80135
3.88 1.79342
3.89 1.78274
3.9 1.7702
3.91 1.75853
3.92 1.75136
3.93 1.75087
3.94 1.75525
3.95 1.75602
3.96 1.74174
3.97 1.72031
3.98 1.72516
3.99 1.75042
4 1.76874
4.01 1.77808
4.02 1.78256
4.03 1.78365
4.04 1.78226
4.05 1.77976
4.06 1.77723
4.07 1.77411
4.08 1.76833
4.09 1.75949
4.1 1.75215
4.11 1.75154
4.12 1.75558
4.13 1.75821
4.14 1.75732
4.15 1.75479
4.16 1.75251
4.17 1.75064
4.18 1.74845
4.19 1.74533
4.2 1.7417
4.21 1.73932
4.22 1.73971
4.23 1.7423
4.24 1.74527
4.25 1.74738
4.26 1.74811
4.27 1.74734
4.28 1.7456
4.29 1.74437
4.3 1.74518
4.31 1.74811
4.32 1.75144
4.33 1.75316
4.34 1.75262
4.35 1.75077
4.36 1.74912
4.37 1.74905
4.38 1.7519
4.39 1.75839
4.4 1.76736
4.41 1.77602
4.42 1.78203
4.43 1.7846
4.44 1.78412
4.45 1.78123
4.46 1.77628
4.47 1.76926
4.48 1.76029
4.49 1.75068
4.5 1.74375
4.51 1.74252
4.52 1.74538
4.53 1.74772
4.54 1.74824
4.55 1.74973
4.56 1.75394
4.57 1.75931
4.58 1.76382
4.59 1.76671
4.6 1.76804
4.61 1.76811
4.62 1.7673
4.63 1.76577
4.64 1.76319
4.65 1.75913
4.66 1.75391
4.67 1.74887
4.68 1.74574
4.69 1.74561
4.7 1.74782
4.71 1.74958
4.72 1.74707
4.73 1.73747
4.74 1.72088
4.75 1.70211
4.76 1.68993
4.77 1.6896
4.78 1.69706
4.79 1.70552
4.8 1.71249
4.81 1.71907
4.82 1.72637
4.83 1.73392
4.84 1.74056
4.85 1.7457
4.86 1.74933
4.87 1.75161
4.88 1.75285
4.89 1.75366
4.9 1.75479
4.91 1.75674
4.92 1.75936
4.93 1.76188
4.94 1.7633
4.95 1.76276
4.96 1.75999
4.97 1.75583
4.98 1.75224
4.99 1.7506
5 1.74949
5.01 1.74594
5.02 1.73937
5.03 1.73408
5.04 1.73667
5.05 1.74911
5.06 1.76607
5.07 1.78077
5.08 1.79035
5.09 1.79562
5.1 1.79809
5.11 1.79764
5.12 1.79233
5.13 1.78073
5.14 1.76637
5.15 1.75898
5.16 1.76595
5.17 1.78396
5.18 1.80387
5.19 1.81958
5.2 1.82999
5.21 1.83583
5.22 1.83667
5.23 1.83022
5.24 1.81467
5.25 1.79392
5.26 1.77851
5.27 1.77491
5.28 1.77912
5.29 1.78671
5.3 1.79547
5.31 1.80226
5.32 1.80907
5.33 1.81825
5.34 1.82258
5.35 1.81491
5.36 1.80052
5.37 1.79338
5.38 1.79901
5.39 1.80883
5.4 1.81457
5.41 1.81646
5.42 1.8184
5.43 1.82201
5.44 1.82623
5.45 1.82954
5.46 1.83106
5.47 1.83144
5.48 1.83312
5.49 1.83788
5.5 1.84448
5.51 1.84985
5.52 1.85157
5.53 1.8496
5.54 1.84594
5.55 1.84266
5.56 1.84007
5.57 1.83706
5.58 1.83264
5.59 1.82695
5.6 1.82139
5.61 1.8178
5.62 1.81717
5.63 1.81899
5.64 1.82195
5.65 1.82517
5.66 1.82842
5.67 1.83107
5.68 1.83141
5.69 1.82805
5.7 1.82138
5.71 1.81317
5.72 1.80544
5.73 1.79989
5.74 1.79802
5.75 1.80125
5.76 1.80953
5.77 1.81971
5.78 1.82694
5.79 1.82767
5.8 1.82014
5.81 1.80488
5.82 1.78855
5.83 1.78289
5.84 1.79015
5.85 1.8014
5.86 1.81018
5.87 1.81509
5.88 1.81645
5.89 1.815
5.9 1.81149
5.91 1.80638
5.92 1.79977
5.93 1.79157
5.94 1.78188
5.95 1.77128
5.96 1.76162
5.97 1.75762
5.98 1.76393
5.99 1.77812
6 1.79289
6.01 1.80397
6.02 1.81098
6.03 1.81478
6.04 1.81597
6.05 1.81473
6.06 1.81111
6.07 1.80546
6.08 1.79871
6.09 1.79241
6.1 1.78791
6.11 1.78489
6.12 1.78165
6.13 1.77734
6.14 1.77318
6.15 1.77097
6.16 1.77041
6.17 1.76963
6.18 1.76822
6.19 1.76807
6.2 1.77023
6.21 1.77246
6.22 1.77246
6.23 1.77237
6.24 1.77596
6.25 1.78264
6.26 1.79141
6.27 1.80316
6.28 1.81447
6.29 1.81994
6.3 1.81807
6.31 1.81018
6.32 1.79738
6.33 1.78018
6.34 1.76192
6.35 1.75052
6.36 1.75128
6.37 1.76264
6.38 1.77883
6.39 1.79335
6.4 1.80324
6.41 1.80863
6.42 1.81018
6.43 1.80811
6.44 1.80264
6.45 1.79508
6.46 1.78786
6.47 1.78269
6.48 1.78007
6.49 1.78016
6.5 1.78207
6.51 1.78372
6.52 1.78394
6.53 1.78324
6.54 1.7827
6.55 1.78301
6.56 1.78464
6.57 1.78822
6.58 1.79391
6.59 1.80027
6.6 1.80406
6.61 1.80216
6.62 1.79472
6.63 1.7859
6.64 1.77885
6.65 1.77385
6.66 1.77312
6.67 1.77766
6.68 1.78347
6.69 1.78563
6.7 1.78121
6.71 1.77239
6.72 1.76814
6.73 1.7728
6.74 1.77681
6.75 1.76784
6.76 1.74564
6.77 1.72457
6.78 1.71741
6.79 1.72345
6.8 1.73571
6.81 1.74877
6.82 1.75996
6.83 1.76757
6.84 1.77209
6.85 1.77605
6.86 1.78009
6.87 1.78174
6.88 1.77887
6.89 1.77181
6.9 1.7631
6.91 1.7557
6.92 1.75012
6.93 1.74464
6.94 1.73907
6.95 1.73593
6.96 1.73776
6.97 1.74418
6.98 1.75214
6.99 1.75882
7 1.76331
7.01 1.76572
7.02 1.76569
7.03 1.76257
7.04 1.75694
7.05 1.75125
7.06 1.74776
7.07 1.74621
7.08 1.74495
7.09 1.74332
7.1 1.74176
7.11 1.74108
7.12 1.74258
7.13 1.74722
7.14 1.75397
7.15 1.7603
7.16 1.76427
7.17 1.76535
7.18 1.76443
7.19 1.76378
7.2 1.76534
7.21 1.76838
7.22 1.77058
7.23 1.77079
7.24 1.76964
7.25 1.76859
7.26 1.76886
7.27 1.77087
7.28 1.77421
7.29 1.77805
7.3 1.78194
7.31 1.78583
7.32 1.7891
7.33 1.78921
7.34 1.78239
7.35 1.76819
7.36 1.75513
7.37 1.75335
7.38 1.75914
7.39 1.76142
7.4 1.75553
7.41 1.74747
7.42 1.75035
7.43 1.76711
7.44 1.78539
7.45 1.79466
7.46 1.79676
7.47 1.80083
7.48 1.80989
7.49 1.81768
7.5 1.81783
7.51 1.80863
7.52 1.79268
7.53 1.77766
7.54 1.77377
7.55 1.78193
7.56 1.79162
7.57 1.79486
7.58 1.7919
7.59 1.78783
7.6 1.78855
7.61 1.79642
7.62 1.80794
7.63 1.81735
7.64 1.82146
7.65 1.82001
7.66 1.81488
7.67 1.80946
7.68 1.80676
7.69 1.80695
7.7 1.80785
7.71 1.80774
7.72 1.80637
7.73 1.80345
7.74 1.79772
7.75 1.78946
7.76 1.7831
7.77 1.78123
7.78 1.78072
7.79 1.78002
7.8 1.78014
7.81 1.78231
7.82 1.78875
7.83 1.79906
7.84 1.8081
7.85 1.81029
7.86 1.80241
7.87 1.78462
7.88 1.76509
7.89 1.75569
7.9 1.75434
7.91 1.75063
7.92 1.74224
7.93 1.73377
7.94 1.72986
7.95 1.73146
7.96 1.73709
7.97 1.74495
7.98 1.75253
7.99 1.7574
8 1.75903
8.01 1.75883
8.02 1.75799
8.03 1.7563
8.04 1.75329
8.05 1.74893
8.06 1.74371
8.07 1.73938
8.08 1.73846
8.09 1.74163
8.1 1.74683
8.11 1.75162
8.12 1.755
8.13 1.75707
8.14 1.75809
8.15 1.75797
8.16 1.75614
8.17 1.7516
8.18 1.74331
8.19 1.73112
8.2 1.71695
8.21 1.70446
8.22 1.69611
8.23 1.69165
8.24 1.6906
8.25 1.69309
8.26 1.69671
8.27 1.70102
8.28 1.71183
8.29 1.72752
8.3 1.73815
8.31 1.7392
8.32 1.73322
8.33 1.7272
8.34 1.72737
8.35 1.73237
8.36 1.73649
8.37 1.73687
8.38 1.73401
8.39 1.72968
8.4 1.72538
8.41 1.72086
8.42 1.71323
8.43 1.69829
8.44 1.67627
8.45 1.65911
8.46 1.66182
8.47 1.68072
8.48 1.70037
8.49 1.71276
8.5 1.71712
8.51 1.71488
8.52 1.71067
8.53 1.71317
8.54 1.72443
8.55 1.7351
8.56 1.73787
8.57 1.73434
8.58 1.73041
8.59 1.72743
8.6 1.71912
8.61 1.70401
8.62 1.69743
8.63 1.71191
8.64 1.73451
8.65 1.74965
8.66 1.75542
8.67 1.75558
8.68 1.75349
8.69 1.75107
8.7 1.74913
8.71 1.74791
8.72 1.74748
8.73 1.74763
8.74 1.7477
8.75 1.74699
8.76 1.74586
8.77 1.74625
8.78 1.74971
8.79 1.75462
8.8 1.7569
8.81 1.75398
8.82 1.74725
8.83 1.73872
8.84 1.72923
8.85 1.72723
8.86 1.73721
8.87 1.74518
8.88 1.7434
8.89 1.73972
8.9 1.74155
8.91 1.74675
8.92 1.75077
8.93 1.75243
8.94 1.75288
8.95 1.75389
8.96 1.75672
8.97 1.76125
8.98 1.76617
8.99 1.77001
9 1.77191
9.01 1.77164
9.02 1.76945
9.03 1.76511
9.04 1.75714
9.05 1.74585
9.06 1.73984
9.07 1.74811
9.08 1.76108
9.09 1.76352
9.1 1.75106
9.11 1.72725
9.12 1.70203
9.13 1.68836
9.14 1.68903
9.15 1.69513
9.16 1.70119
9.17 1.70776
9.18 1.71299
9.19 1.7134
9.2 1.70795
9.21 1.69721
9.22 1.68728
9.23 1.69232
9.24 1.71221
9.25 1.73141
9.26 1.74098
9.27 1.73918
9.28 1.73276
9.29 1.7356
9.3 1.7488
9.31 1.76079
9.32 1.76656
9.33 1.76776
9.34 1.76669
9.35 1.76457
9.36 1.76164
9.37 1.75715
9.38 1.74932
9.39 1.73608
9.4 1.71821
9.41 1.70296
9.42 1.69827
9.43 1.70338
9.44 1.71458
9.45 1.7301
9.46 1.74636
9.47 1.75882
9.48 1.76502
9.49 1.76493
9.5 1.76096
9.51 1.7594
9.52 1.7659
9.53 1.77744
9.54 1.78697
9.55 1.79154
9.56 1.79164
9.57 1.7882
9.58 1.78213
9.59 1.77565
9.6 1.7729
9.61 1.77669
9.62 1.78501
9.63 1.79334
9.64 1.79856
9.65 1.79957
9.66 1.79654
9.67 1.79097
9.68 1.78573
9.69 1.78364
9.7 1.78439
9.71 1.78296
9.72 1.77434
9.73 1.76558
9.74 1.76987
9.75 1.78092
9.76 1.78691
9.77 1.78814
9.78 1.78816
9.79 1.78733
9.8 1.78384
9.81 1.77666
9.82 1.76778
9.83 1.76282
9.84 1.76645
9.85 1.77591
9.86 1.78439
9.87 1.78769
9.88 1.78456
9.89 1.77529
9.9 1.76327
9.91 1.75849
9.92 1.76882
9.93 1.78552
9.94 1.79531
9.95 1.79465
9.96 1.78734
9.97 1.7804
9.98 1.77974
9.99 1.78459
10 1.7864
10.01 1.7758
10.02 1.75928
10.03 1.75787
10.04 1.7656
10.05 1.76171
10.06 1.74777
10.07 1.74303
10.08 1.75644
10.09 1.77294
10.1 1.78135
10.11 1.78505
10.12 1.79022
10.13 1.79761
10.14 1.80403
10.15 1.80797
10.16 1.81112
10.17 1.81469
10.18 1.81698
10.19 1.81594
10.2 1.81176
10.21 1.80666
10.22 1.80349
10.23 1.80399
10.24 1.80767
10.25 1.81236
10.26 1.81591
10.27 1.81747
10.28 1.81772
10.29 1.81795
10.3 1.81836
10.31 1.81695
10.32 1.81121
10.33 1.80271
10.34 1.79823
10.35 1.80089
10.36 1.80652
10.37 1.81286
10.38 1.81988
10.39 1.8243
10.4 1.82244
10.41 1.81448
10.42 1.80501
10.43 1.79919
10.44 1.79865
10.45 1.80267
10.46 1.80917
10.47 1.81567
10.48 1.82162
10.49 1.82795
10.5 1.83466
10.51 1.84041
10.52 1.84398
10.53 1.84522
10.54 1.84464
10.55 1.84251
10.56 1.83878
10.57 1.83336
10.58 1.82578
10.59 1.81444
10.6 1.79746
10.61 1.77526
10.62 1.75253
10.63 1.73764
10.64 1.73863
10.65 1.75468
10.66 1.77452
10.67 1.78885
10.68 1.79676
10.69 1.80121
10.7 1.80424
10.71 1.80602
10.72 1.80612
10.73 1.80463
10.74 1.80209
10.75 1.79879
10.76 1.7942
10.77 1.78747
10.78 1.77911
10.79 1.77303
10.8 1.77422
10.81 1.78214
10.82 1.79126
10.83 1.79771
10.84 1.80073
10.85 1.80056
10.86 1.79708
10.87 1.78977
10.88 1.77869
10.89 1.76601
10.9 1.7555
10.91 1.7482
10.92 1.74041
10.93 1.72847
10.94 1.71747
10.95 1.71869
10.96 1.72913
10.97 1.73624
10.98 1.73705
10.99 1.73568
11 1.7359
11.01 1.73886
11.02 1.74272
11.03 1.74347
11.04 1.73987
11.05 1.73861
11.06 1.74654
11.07 1.75876
11.08 1.76687
11.09 1.76883
11.1 1.76646
11.11 1.76168
11.12 1.7562
11.13 1.75191
11.14 1.74987
11.15 1.74925
11.16 1.74852
11.17 1.74685
11.18 1.74426
11.19 1.74143
11.2 1.73972
11.21 1.74044
11.22 1.74379
11.23 1.74852
11.24 1.75296
11.25 1.75614
11.26 1.75813
11.27 1.75937
11.28 1.76013
11.29 1.76033
11.3 1.75953
11.31 1.75672
11.32 1.75006
11.33 1.73882
11.34 1.72848
11.35 1.72754
11.36 1.7318
11.37 1.72973
11.38 1.72183
11.39 1.72021
11.4 1.72935
11.41 1.74091
11.42 1.74926
11.43 1.75442
11.44 1.75559
11.45 1.74884
11.46 1.73465
11.47 1.72314
11.48 1.71585
11.49 1.70957
11.5 1.70272
11.51 1.69789
11.52 1.71525
11.53 1.74794
11.54 1.77062
11.55 1.77973
11.56 1.78169
11.57 1.78086
11.58 1.77897
11.59 1.77751
11.6 1.77818
11.61 1.78097
11.62 1.784
11.63 1.78552
11.64 1.78494
11.65 1.78257
11.66 1.77974
11.67 1.77774
11.68 1.77509
11.69 1.76804
11.7 1.75412
11.71 1.73727
11.72 1.73075
11.73 1.74174
11.74 1.75752
11.75 1.76432
11.76 1.76273
11.77 1.76219
11.78 1.76909
11.79 1.78073
11.8 1.79118
11.81 1.79791
11.82 1.80163
11.83 1.80373
11.84 1.80471
11.85 1.80347
11.86 1.79787
11.87 1.78674
11.88 1.77307
11.89 1.7646
11.9 1.76592
11.91 1.77272
11.92 1.77837
11.93 1.77988
11.94 1.77767
11.95 1.77438
11.96 1.77331
11.97 1.7759
11.98 1.78088
11.99 1.78593
12 1.78909
12.01 1.789
12.02 1.78481
12.03 1.77562
12.04 1.76125
12.05 1.74624
12.06 1.74086
12.07 1.74998
12.08 1.76553
12.09 1.77754
12.1 1.78257
12.11 1.78116
12.12 1.77456
12.13 1.7644
12.14 1.75447
12.15 1.75165
12.16 1.75822
12.17 1.76665
12.18 1.77006
12.19 1.76884
12.2 1.76669
12.21 1.76565
12.22 1.76503
12.23 1.76383
12.24 1.76218
12.25 1.76045
12.26 1.75858
12.27 1.75688
12.28 1.75612
12.29 1.75613
12.3 1.75517
12.31 1.75136
12.32 1.74351
12.33 1.73246
12.34 1.72625
12.35 1.73349
12.36 1.74661
12.37 1.75462
12.38 1.75673
12.39 1.75532
12.4 1.75052
12.41 1.74252
12.42 1.73535
12.43 1.73489
12.44 1.74141
12.45 1.74905
12.46 1.75336
12.47 1.75436
12.48 1.75392
12.49 1.75323
12.5 1.7526
12.51 1.75215
12.52 1.75158
12.53 1.74995
12.54 1.74661
12.55 1.74219
12.56 1.73873
12.57 1.73885
12.58 1.74376
12.59 1.75122
12.6 1.75661
12.61 1.75598
12.62 1.74849
12.63 1.73761
12.64 1.72751
12.65 1.71566
12.66 1.70172
12.67 1.70467
12.68 1.72734
12.69 1.74603
12.7 1.75064
12.71 1.74296
12.72 1.72772
12.73 1.71078
12.74 1.69636
12.75 1.68672
12.76 1.68201
12.77 1.67973
12.78 1.68197
12.79 1.69475
12.8 1.71402
12.81 1.73106
12.82 1.74391
12.83 1.75377
12.84 1.76044
12.85 1.76258
12.86 1.75894
12.87 1.74979
12.88 1.73855
12.89 1.72954
12.9 1.72194
12.91 1.71229
12.92 1.7046
12.93 1.70877
12.94 1.72447
12.95 1.74007
12.96 1.74784
12.97 1.74769
12.98 1.74242
12.99 1.73542
13 1.73066
13.01 1.7303
13.02 1.73178
13.03 1.73183
13.04 1.73181
13.05 1.73494
13.06 1.74091
13.07 1.74678
13.08 1.75071
13.09 1.75167
13.1 1.74832
13.11 1.74061
13.12 1.73164
13.13 1.7263
13.14 1.72708
13.15 1.73214
13.16 1.73838
13.17 1.74516
13.18 1.75378
13.19 1.76346
13.2 1.77015
13.21 1.76986
13.22 1.76133
13.23 1.74717
13.24 1.73549
13.25 1.73481
13.26 1.74422
13.27 1.75637
13.28 1.76593
13.29 1.77028
13.3 1.76828
13.31 1.76085
13.32 1.75172
13.33 1.74549
13.34 1.74376
13.35 1.74485
13.36 1.74718
13.37 1.7514
13.38 1.7584
13.39 1.76633
13.4 1.77137
13.41 1.77125
13.42 1.76711
13.43 1.76276
13.44 1.76134
13.45 1.76261
13.46 1.76365
13.47 1.76117
13.48 1.75488
13.49 1.7502
13.5 1.75259
13.51 1.76019
13.52 1.76732
13.53 1.76959
13.54 1.76506
13.55 1.75509
13.56 1.74409
13.57 1.73685
13.58 1.73537
13.59 1.73793
13.6 1.74167
13.61 1.74615
13.62 1.75192
13.63 1.75709
13.64 1.759
13.65 1.75834
13.66 1.75999
13.67 1.7679
13.68 1.77886
13.69 1.78605
13.7 1.78542
13.71 1.77645
13.72 1.7629
13.73 1.75367
13.74 1.7539
13.75 1.75987
13.76 1.76929
13.77 1.78181
13.78 1.79345
13.79 1.80003
13.8 1.80002
13.81 1.79357
13.82 1.7816
13.83 1.76672
13.84 1.75403
13.85 1.74817
13.86 1.74785
13.87 1.74733
13.88 1.74431
13.89 1.74288
13.9 1.74728
13.91 1.75695
13.92 1.7686
13.93 1.77834
13.94 1.78404
13.95 1.78616
13.96 1.7861
13.97 1.78444
13.98 1.78086
13.99 1.77547
14 1.76949
14.01 1.76435
14.02 1.76174
14.03 1.76492
14.04 1.77504
14.05 1.78677
14.06 1.79227
14.07 1.78678
14.08 1.77028
14.09 1.74754
14.1 1.72621
14.11 1.71342
14.12 1.71506
14.13 1.73281
14.14 1.75871
14.15 1.78018
14.16 1.7899
14.17 1.78813
14.18 1.77989
14.19 1.77195
14.2 1.76902
14.21 1.76894
14.22 1.76589
14.23 1.75871
14.24 1.75165
14.25 1.75045
14.26 1.75808
14.27 1.771
14.28 1.78169
14.29 1.78556
14.3 1.78374
14.31 1.78004
14.32 1.77618
14.33 1.77053
14.34 1.76129
14.35 1.7496
14.36 1.73942
14.37 1.73502
14.38 1.73882
14.39 1.75013
14.4 1.76491
14.41 1.77872
14.42 1.78847
14.43 1.79252
14.44 1.79146
14.45 1.78793
14.46 1.78421
14.47 1.78012
14.48 1.77443
14.49 1.76718
14.5 1.76
14.51 1.75481
14.52 1.75263
14.53 1.75373
14.54 1.75761
14.55 1.7626
14.56 1.76632
14.57 1.76724
14.58 1.76523
14.59 1.76035
14.6 1.75171
14.61 1.73863
14.62 1.72394
14.63 1.71474
14.64 1.71666
14.65 1.72693
14.66 1.73745
14.67 1.74329
14.68 1.74465
14.69 1.74401
14.7 1.74376
14.71 1.74481
14.72 1.74625
14.73 1.74611
14.74 1.74257
14.75 1.73508
14.76 1.72562
14.77 1.71869
14.78 1.71751
14.79 1.71934
14.8 1.7179
14.81 1.71014
14.82 1.69872
14.83 1.69012
14.84 1.68863
14.85 1.6922
14.86 1.69668
14.87 1.70116
14.88 1.70725
14.89 1.71556
14.9 1.72445
14.91 1.73128
14.92 1.73387
14.93 1.73107
14.94 1.72311
14.95 1.71165
14.96 1.69898
14.97 1.68714
14.98 1.67862
14.99 1.67675
15 1.68309
15.01 1.69466
15.02 1.70565
15.03 1.71164
15.04 1.71079
15.05 1.70278
15.06 1.69004
15.07 1.68062
15.08 1.68203
15.09 1.69
15.1 1.69418
15.11 1.68829
15.12 1.67384
15.13 1.66596
15.14 1.67638
15.15 1.69241
15.16 1.70033
15.17 1.69844
15.18 1.69053
15.19 1.68379
15.2 1.68466
15.21 1.69182
15.22 1.69801
15.23 1.69664
15.24 1.6852
15.25 1.6704
15.26 1.66765
15.27 1.68093
15.28 1.69839
15.29 1.71104
15.3 1.71751
15.31 1.71939
15.32 1.71842
15.33 1.71603
15.34 1.71344
15.35 1.71157
15.36 1.71065
15.37 1.70973
15.38 1.70678
15.39 1.69931
15.4 1.68617
15.41 1.67164
15.42 1.66507
15.43 1.66848
15.44 1.67455
15.45 1.67941
15.46 1.68422
15.47 1.69027
15.48 1.69727
15.49 1.70397
15.5 1.70917
15.51 1.71246
15.52 1.71424
15.53 1.7154
15.54 1.71654
15.55 1.71757
15.56 1.71787
15.57 1.71694
15.58 1.71477
15.59 1.7116
15.6 1.70717
15.61 1.70002
15.62 1.68811
15.63 1.67238
15.64 1.6613
15.65 1.66468
15.66 1.6798
15.67 1.69591
15.68 1.70716
15.69 1.71338
15.7 1.71624
15.71 1.71744
15.72 1.71832
15.73 1.71929
15.74 1.7197
15.75 1.71868
15.76 1.71639
15.77 1.71459
15.78 1.71512
15.79 1.71761
15.8 1.71905
15.81 1.7158
15.82 1.70613
15.83 1.69282
15.84 1.68388
15.85 1.68685
15.86 1.70191
15.87 1.72272
15.88 1.74231
15.89 1.75692
15.9 1.76552
15.91 1.76789
15.92 1.76429
15.93 1.757
15.94 1.75085
15.95 1.74837
15.96 1.74606
15.97 1.74072
15.98 1.73642
15.99 1.73977
16 1.74874
16.01 1.75619
16.02 1.76042
16.03 1.7653
16.04 1.77454
16.05 1.78665
16.06 1.79619
16.07 1.79942
16.08 1.79692
16.09 1.79205
16.1 1.78682
16.11 1.77961
16.12 1.77101
16.13 1.77171
16.14 1.78779
16.15 1.80658
16.16 1.81696
16.17 1.81807
16.18 1.81197
16.19 1.79994
16.2 1.78303
16.21 1.76506
16.22 1.75352
16.23 1.7542
16.24 1.76749
16.25 1.78845
16.26 1.80694
16.27 1.81653
16.28 1.82
16.29 1.82326
16.3 1.82752
16.31 1.82933
16.32 1.82624
16.33 1.8188
16.34 1.80899
16.35 1.79933
16.36 1.79351
16.37 1.79451
16.38 1.80013
16.39 1.80493
16.4 1.80628
16.41 1.80531
16.42 1.80451
16.43 1.80567
16.44 1.80877
16.45 1.81259
16.46 1.81613
16.47 1.81905
16.48 1.82094
16.49 1.82087
16.5 1.81781
16.51 1.81154
16.52 1.80352
16.53 1.79718
16.54 1.7964
16.55 1.80239
16.56 1.81271
16.57 1.82349
16.58 1.83183
16.59 1.83602
16.6 1.83465
16.61 1.82587
16.62 1.80759
16.63 1.77996
16.64 1.74889
16.65 1.7222
16.66 1.70443
16.67 1.70498
16.68 1.728
16.69 1.75763
16.7 1.7793
16.71 1.79125
16.72 1.7963
16.73 1.7972
16.74 1.79705
16.75 1.79935
16.76 1.80537
16.77 1.81292
16.78 1.81903
16.79 1.82171
16.8 1.81869
16.81 1.80631
16.82 1.78469
16.83 1.76805
16.84 1.77103
16.85 1.78296
16.86 1.78968
16.87 1.79019
16.88 1.78709
16.89 1.78117
16.9 1.77399
16.91 1.77329
16.92 1.78593
16.93 1.8042
16.94 1.81708
16.95 1.82294
16.96 1.82519
16.97 1.82643
16.98 1.82678
16.99 1.82455
17 1.81758
17.01 1.80483
17.02 1.78858
17.03 1.77486
17.04 1.76831
17.05 1.7671
17.06 1.76594
17.07 1.76268
17.08 1.76069
17.09 1.76401
17.1 1.77183
17.11 1.78016
17.12 1.78533
17.13 1.78474
17.14 1.77702
17.15 1.76364
17.16 1.75173
17.17 1.75016
17.18 1.75836
17.19 1.76842
17.2 1.77496
17.21 1.7759
17.22 1.77062
17.23 1.7609
17.24 1.75077
17.25 1.74185
17.26 1.73498
17.27 1.73469
17.28 1.73969
17.29 1.74256
17.3 1.73912
17.31 1.73104
17.32 1.72757
17.33 1.73526
17.34 1.74618
17.35 1.74989
17.36 1.7452
17.37 1.73774
17.38 1.73309
17.39 1.73196
17.4 1.73195
17.41 1.73177
17.42 1.7316
17.43 1.73153
17.44 1.73141
17.45 1.73172
17.46 1.73362
17.47 1.73798
17.48 1.74451
17.49 1.75201
17.5 1.75917
17.51 1.76512
17.52 1.76933
17.53 1.77128
17.54 1.77029
17.55 1.76522
17.56 1.75475
17.57 1.74007
17.58 1.72918
17.59 1.72878
17.6 1.73139
17.61 1.72767
17.62 1.71812
17.63 1.70864
17.64 1.70625
17.65 1.71484
17.66 1.73058
17.67 1.74641
17.68 1.75922
17.69 1.769
17.7 1.77538
17.71 1.77726
17.72 1.77398
17.73 1.76605
17.74 1.7554
17.75 1.74496
17.76 1.73756
17.77 1.73569
17.78 1.73996
17.79 1.74639
17.8 1.7493
17.81 1.74653
17.82 1.74063
17.83 1.73674
17.84 1.73883
17.85 1.74668
17.86 1.75675
17.87 1.76548
17.88 1.7709
17.89 1.7726
17.9 1.77108
17.91 1.76755
17.92 1.76363
17.93 1.76049
17.94 1.75803
17.95 1.7546
17.96 1.7477
17.97 1.73523
17.98 1.71827
17.99 1.7046
18 1.70445
18.01 1.71629
18.02 1.72905
18.03 1.73678
18.04 1.73984
18.05 1.7397
18.06 1.73669
18.07 1.73041
18.08 1.7215
18.09 1.71268
18.1 1.70615
18.11 1.70099
18.12 1.69467
18.13 1.68484
18.14 1.67818
18.15 1.69068
18.16 1.71496
18.17 1.73063
18.18 1.73188
18.19 1.72154
18.2 1.708
18.21 1.70393
18.22 1.713
18.23 1.72607
18.24 1.73519
18.25 1.73861
18.26 1.73709
18.27 1.73161
18.28 1.72307
18.29 1.71277
18.3 1.70304
18.31 1.69677
18.32 1.69573
18.33 1.69971
18.34 1.70732
18.35 1.7167
18.36 1.72579
18.37 1.7332
18.38 1.73841
18.39 1.74128
18.4 1.74156
18.41 1.73864
18.42 1.73143
18.43 1.71866
18.44 1.70087
18.45 1.6842
18.46 1.67862
18.47 1.68518
18.48 1.69494
18.49 1.70266
18.5 1.70898
18.51 1.71494
18.52 1.72007
18.53 1.72301
18.54 1.72234
18.55 1.71726
18.56 1.70819
18.57 1.69717
18.58 1.68698
18.59 1.67973
18.6 1.67663
18.61 1.6779
18.62 1.68233
18.63 1.6876
18.64 1.69157
18.65 1.69312
18.66 1.69186
18.67 1.68742
18.68 1.67891
18.69 1.66542
18.7 1.64823
18.71 1.63342
18.72 1.62897
18.73 1.6362
18.74 1.64903
18.75 1.66164
18.76 1.67198
18.77 1.68025
18.78 1.68697
18.79 1.69224
18.8 1.69572
18.81 1.6968
18.82 1.69436
18.83 1.68658
18.84 1.67206
18.85 1.65564
18.86 1.65206
18.87 1.66661
18.88 1.68609
18.89 1.70095
18.9 1.71069
18.91 1.71675
18.92 1.71967
18.93 1.71873
18.94 1.71224
18.95 1.69945
18.96 1.68513
18.97 1.67688
18.98 1.67395
18.99 1.6709
19 1.66645
19.01 1.66501
19.02 1.67089
19.03 1.67912
19.04 1.68302
19.05 1.68229
19.06 1.68053
19.07 1.68153
19.08 1.68651
19.09 1.69361
19.1 1.6997
19.11 1.70247
19.12 1.70131
19.13 1.69814
19.14 1.69714
19.15 1.70129
19.16 1.70881
19.17 1.71574
19.18 1.72014
19.19 1.72258
19.2 1.72434
19.21 1.72616
19.22 1.72777
19.23 1.72819
19.24 1.72631
19.25 1.72146
19.26 1.7134
19.27 1.70211
19.28 1.68875
19.29 1.67792
19.3 1.67619
19.31 1.68517
19.32 1.6984
19.33 1.70679
19.34 1.70491
19.35 1.69422
19.36 1.68448
19.37 1.68602
19.38 1.69624
19.39 1.70556
19.4 1.71086
19.41 1.71438
19.42 1.71806
19.43 1.72128
19.44 1.72187
19.45 1.7183
19.46 1.71105
19.47 1.70234
19.48 1.69436
19.49 1.68918
19.5 1.68969
19.51 1.69651
19.52 1.70574
19.53 1.71345
19.54 1.71949
19.55 1.72547
19.56 1.73144
19.57 1.73598
19.58 1.7379
19.59 1.73662
19.6 1.73169
19.61 1.72303
19.62 1.71254
19.63 1.70511
19.64 1.70463
19.65 1.70989
19.66 1.71778
19.67 1.72638
19.68 1.73413
19.69 1.73936
19.7 1.74102
19.71 1.73963
19.72 1.73757
19.73 1.73761
19.74 1.7401
19.75 1.74265
19.76 1.74301
19.77 1.74118
19.78 1.73872
19.79 1.73571
19.8 1.72913
19.81 1.71553
19.82 1.69554
19.83 1.67762
19.84 1.67423
19.85 1.68749
19.86 1.70676
19.87 1.72285
19.88 1.73346
19.89 1.73943
19.9 1.74201
19.91 1.74241
19.92 1.74176
19.93 1.74082
19.94 1.73986
19.95 1.73871
19.96 1.73737
19.97 1.73656
19.98 1.73722
19.99 1.73962
20 1.74275
20.01 1.74474
20.02 1.7437
20.03 1.73809
20.04 1.72667
20.05 1.70859
20.06 1.68371
20.07 1.65194
20.08 1.62039
20.09 1.62104
20.1 1.66137
20.11 1.70259
20.12 1.72773
20.13 1.7389
20.14 1.73981
20.15 1.73455
20.16 1.72862
20.17 1.72703
20.18 1.73022
20.19 1.73471
20.2 1.73773
20.21 1.73875
20.22 1.73845
20.23 1.73784
20.24 1.73768
20.25 1.73799
20.26 1.73821
20.27 1.73787
20.28 1.73716
20.29 1.73659
20.3 1.73609
20.31 1.73451
20.32 1.73019
20.33 1.72254
20.34 1.71405
20.35 1.71002
20.36 1.71394
20.37 1.72329
20.38 1.73213
20.39 1.73656
20.4 1.73643
20.41 1.73225
20.42 1.72264
20.43 1.70712
20.44 1.69365
20.45 1.69658
20.46 1.71526
20.47 1.73849
20.48 1.76215
20.49 1.78192
20.5 1.79221
20.51 1.79129
20.52 1.78028
20.53 1.76102
20.54 1.73568
20.55 1.70899
20.56 1.69474
20.57 1.70864
20.58 1.74115
20.59 1.77094
20.6 1.79073
20.61 1.80233
20.62 1.80874
20.63 1.81187
20.64 1.81235
20.65 1.8099
20.66 1.80394
20.67 1.79408
20.68 1.78055
20.69 1.76507
20.7 1.75186
20.71 1.74578
20.72 1.74668
20.73 1.75049
20.74 1.75538
20.75 1.76064
20.76 1.76563
20.77 1.7706
20.78 1.77464
20.79 1.77607
20.8 1.77585
20.81 1.77786
20.82 1.78329
20.83 1.78786
20.84 1.78801
20.85 1.78521
20.86 1.78171
20.87 1.77706
20.88 1.77238
20.89 1.77178
20.9 1.77648
20.91 1.78316
20.92 1.78792
20.93 1.78812
20.94 1.7824
20.95 1.77067
20.96 1.75425
20.97 1.73714
20.98 1.72679
20.99 1.72924
21 1.74257
21.01 1.76009
21.02 1.77672
21.03 1.78977
21.04 1.79846
21.05 1.80348
21.06 1.80582
21.07 1.80601
21.08 1.80418
21.09 1.8006
21.1 1.79618
21.11 1.79255
21.12 1.79112
21.13 1.79205
21.14 1.79438
21.15 1.79708
21.16 1.79965
21.17 1.80191
21.18 1.80349
21.19 1.80361
21.2 1.80163
21.21 1.79859
21.22 1.79804
21.23 1.80204
21.24 1.80665
21.25 1.80606
21.26 1.79951
21.27 1.79202
21.28 1.78768
21.29 1.78489
21.3 1.78281
21.31 1.78549
21.32 1.79443
21.33 1.80469
21.34 1.81056
21.35 1.8095
21.36 1.80233
21.37 1.79252
21.38 1.78474
21.39 1.78274
21.4 1.78754
21.41 1.79725
21.42 1.80866
21.43 1.81766
21.44 1.81984
21.45 1.81311
21.46 1.79946
21.47 1.78463
21.48 1.77607
21.49 1.77906
21.5 1.79244
21.51 1.80871
21.52 1.82057
21.53 1.82539
21.54 1.82375
21.55 1.81688
21.56 1.80556
21.57 1.79113
21.58 1.77714
21.59 1.76818
21.6 1.76588
21.61 1.76838
21.62 1.77355
21.63 1.7794
21.64 1.78292
21.65 1.78121
21.66 1.77367
21.67 1.76417
21.68 1.75634
21.69 1.74633
21.7 1.73203
21.71 1.72194
21.72 1.7254
21.73 1.73965
21.74 1.75219
21.75 1.75676
21.76 1.7611
21.77 1.76892
21.78 1.77141
21.79 1.76355
21.8 1.75247
21.81 1.75406
21.82 1.77033
21.83 1.78553
21.84 1.79118
21.85 1.78937
21.86 1.78386
21.87 1.77699
21.88 1.77079
21.89 1.76777
21.9 1.76924
21.91 1.77292
21.92 1.77413
21.93 1.77029
21.94 1.76388
21.95 1.75984
21.96 1.75879
21.97 1.75698
21.98 1.75352
21.99 1.75271
22 1.76163
22.01 1.77977
22.02 1.79452
22.03 1.79821
22.04 1.79485
22.05 1.79107
22.06 1.78883
22.07 1.78635
22.08 1.78152
22.09 1.77364
22.1 1.76687
22.11 1.76815
22.12 1.77526
22.13 1.77921
22.14 1.77542
22.15 1.76389
22.16 1.74776
22.17 1.73372
22.18 1.72892
22.19 1.7358
22.2 1.75045
22.21 1.7662
22.22 1.77848
22.23 1.78646
22.24 1.79115
22.25 1.79306
22.26 1.79129
22.27 1.78435
22.28 1.77268
22.29 1.76051
22.3 1.7526
22.31 1.75009
22.32 1.75252
22.33 1.75972
22.34 1.77016
22.35 1.78042
22.36 1.78682
22.37 1.78757
22.38 1.78343
22.39 1.7771
22.4 1.77176
22.41 1.76925
22.42 1.76933
22.43 1.77119
22.44 1.77501
22.45 1.78079
22.46 1.78682
22.47 1.79028
22.48 1.78876
22.49 1.78105
22.5 1.76765
22.51 1.75112
22.52 1.736
22.53 1.72819
22.54 1.73218
22.55 1.74639
22.56 1.76208
22.57 1.77146
22.58 1.77506
22.59 1.77842
22.6 1.78383
22.61 1.7891
22.62 1.79197
22.63 1.79184
22.64 1.78901
22.65 1.78406
22.66 1.77711
22.67 1.76793
22.68 1.75728
22.69 1.7481
22.7 1.74344
22.71 1.74376
22.72 1.74836
22.73 1.75708
22.74 1.7684
22.75 1.77854
22.76 1.78304
22.77 1.77799
22.78 1.76308
22.79 1.74801
22.8 1.74614
22.81 1.75473
22.82 1.7628
22.83 1.76769
22.84 1.77209
22.85 1.77652
22.86 1.77773
22.87 1.7731
22.88 1.76501
22.89 1.75963
22.9 1.75994
22.91 1.76149
22.92 1.758
22.93 1.75015
22.94 1.74583
22.95 1.75057
22.96 1.76093
22.97 1.76956
22.98 1.77192
22.99 1.76812
23 1.76312
23.01 1.76331
23.02 1.76845
23.03 1.77309
23.04 1.77498
23.05 1.77567
23.06 1.77671
23.07 1.77846
23.08 1.78083
23.09 1.78379
23.1 1.7878
23.11 1.79349
23.12 1.80039
23.13 1.80586
23.14 1.80624
23.15 1.80085
23.16 1.79484
23.17 1.79425
23.18 1.79942
23.19 1.80666
23.2 1.80943
23.21 1.80197
23.22 1.78718
23.23 1.77517
23.24 1.7719
23.25 1.77424
23.26 1.77881
23.27 1.78636
23.28 1.79587
23.29 1.8048
23.3 1.81232
23.31 1.81727
23.32 1.81753
23.33 1.81232
23.34 1.80367
23.35 1.79517
23.36 1.78914
23.37 1.78576
23.38 1.7854
23.39 1.78977
23.4 1.7987
23.41 1.80717
23.42 1.80758
23.43 1.79412
23.44 1.76785
23.45 1.74022
23.46 1.7229
23.47 1.71681
23.48 1.71899
23.49 1.7258
23.5 1.7316
23.51 1.73105
23.52 1.72435
23.53 1.72184
23.54 1.73367
23.55 1.75492
23.56 1.77334
23.57 1.78396
23.58 1.78873
23.59 1.79042
23.6 1.78976
23.61 1.78605
23.62 1.77863
23.63 1.76793
23.64 1.75634
23.65 1.74807
23.66 1.74617
23.67 1.74973
23.68 1.75519
23.69 1.75976
23.7 1.76253
23.71 1.763
23.72 1.76017
23.73 1.75364
23.74 1.7455
23.75 1.74053
23.76 1.74189
23.77 1.74668
23.78 1.74906
23.79 1.74538
23.8 1.73495
23.81 1.71962
23.82 1.70465
23.83 1.69805
23.84 1.70276
23.85 1.71317
23.86 1.72339
23.87 1.73056
23.88 1.73372
23.89 1.7339
23.9 1.73317
23.91 1.73257
23.92 1.73101
23.93 1.72655
23.94 1.71971
23.95 1.71531
23.96 1.71887
23.97 1.73036
23.98 1.744
23.99 1.75417
24 1.75902
24.01 1.75914
24.02 1.75541
24.03 1.74863
24.04 1.74085
24.05 1.73579
24.06 1.73583
24.07 1.73982
24.08 1.74522
24.09 1.74913
24.1 1.74664
24.11 1.73285
24.12 1.70947
24.13 1.68652
24.14 1.67791
24.15 1.6892
24.16 1.70785
24.17 1.72108
24.18 1.72934
24.19 1.73895
24.2 1.75155
24.21 1.76343
24.22 1.77127
24.23 1.77453
24.24 1.77376
24.25 1.76875
24.26 1.75873
24.27 1.74527
24.28 1.7348
24.29 1.73378
24.3 1.74139
24.31 1.7518
24.32 1.75993
24.33 1.7636
24.34 1.76309
24.35 1.7603
24.36 1.75814
24.37 1.75896
24.38 1.76193
24.39 1.76359
24.4 1.76068
24.41 1.75187
24.42 1.74077
24.43 1.73627
24.44 1.7425
24.45 1.75322
24.46 1.7604
24.47 1.76044
24.48 1.7539
24.49 1.74443
24.5 1.73607
24.51 1.73006
24.52 1.72822
24.53 1.73401
24.54 1.74452
24.55 1.75234
24.56 1.75449
24.57 1.75272
24.58 1.75008
24.59 1.74882
24.6 1.74982
24.61 1.75237
24.62 1.7551
24.63 1.75771
24.64 1.76082
24.65 1.76365
24.66 1.76434
24.67 1.7621
24.68 1.75785
24.69 1.75351
24.7 1.75089
24.71 1.75027
24.72 1.75042
24.73 1.75071
24.74 1.75176
24.75 1.75358
24.76 1.75473
24.77 1.75434
24.78 1.75354
24.79 1.75376
24.8 1.75462
24.81 1.75427
24.82 1.75093
24.83 1.74421
24.84 1.73559
24.85 1.7279
24.86 1.72431
24.87 1.72657
24.88 1.73305
24.89 1.7395
24.9 1.74211
24.91 1.73966
24.92 1.73542
24.93 1.73627
24.94 1.74426
24.95 1.75351
24.96 1.75858
24.97 1.75821
24.98 1.7527
24.99 1.7412
25 1.72161
25.01 1.69908
25.02 1.69395
25.03 1.71077
25.04 1.72863
25.05 1.73658
25.06 1.73629
25.07 1.73124
25.08 1.7242
25.09 1.71891
25.1 1.71861
25.11 1.72298
25.12 1.72943
25.13 1.73559
25.14 1.74017
25.15 1.74335
25.16 1.74624
25.17 1.74958
25.18 1.75286
25.19 1.75461
25.2 1.75383
25.21 1.75121
25.22 1.74853
25.23 1.74658
25.24 1.74508
25.25 1.74513
25.26 1.74911
25.27 1.75762
25.28 1.76823
25.29 1.77757
25.3 1.78331
25.31 1.78444
25.32 1.78064
25.33 1.77177
25.34 1.75827
25.35 1.74314
25.36 1.7336
25.37 1.73512
25.38 1.7432
25.39 1.74873
25.4 1.74692
25.41 1.73902
25.42 1.73177
25.43 1.73328
25.44 1.74438
25.45 1.75773
25.46 1.76602
25.47 1.76628
25.48 1.75749
25.49 1.7393
25.5 1.71864
25.51 1.71145
25.52 1.72296
25.53 1.74347
25.54 1.76429
25.55 1.78042
25.56 1.78949
25.57 1.7918
25.58 1.78947
25.59 1.78532
25.6 1.78201
25.61 1.78098
25.62 1.78205
25.63 1.78393
25.64 1.78515
25.65 1.78478
25.66 1.78255
25.67 1.77903
25.68 1.7751
25.69 1.77123
25.7 1.76866
25.71 1.76911
25.72 1.7703
25.73 1.76747
25.74 1.75958
25.75 1.75039
25.76 1.74511
25.77 1.74632
25.78 1.75204
25.79 1.75801
25.8 1.76127
25.81 1.76172
25.82 1.76111
25.83 1.76086
25.84 1.76101
25.85 1.76163
25.86 1.76437
25.87 1.77062
25.88 1.77903
25.89 1.7869
25.9 1.7928
25.91 1.79698
25.92 1.8002
25.93 1.80262
25.94 1.80331
25.95 1.80049
25.96 1.79221
25.97 1.77773
25.98 1.75927
25.99 1.74159
26 1.72724
26.01 1.71508
26.02 1.71041
26.03 1.72335
26.04 1.74846
26.05 1.77225
26.06 1.7898
26.07 1.8013
26.08 1.80727
26.09 1.80837
26.1 1.80585
26.11 1.80106
26.12 1.79496
26.13 1.78867
26.14 1.78464
26.15 1.78574
26.16 1.79172
26.17 1.79814
26.18 1.80019
26.19 1.79522
26.2 1.783
26.21 1.76783
26.22 1.75856
26.23 1.75969
26.24 1.76604
26.25 1.77023
26.26 1.77019
26.27 1.77027
26.28 1.77627
26.29 1.78816
26.3 1.8002
26.31 1.80754
26.32 1.80921
26.33 1.80642
26.34 1.80046
26.35 1.79177
26.36 1.78024
26.37 1.76657
26.38 1.75376
26.39 1.74611
26.4 1.74501
26.41 1.74683
26.42 1.74671
26.43 1.74294
26.44 1.73762
26.45 1.73373
26.46 1.73234
26.47 1.73284
26.48 1.73469
26.49 1.73762
26.5 1.74087
26.51 1.74399
26.52 1.74714
26.53 1.74905
26.54 1.74671
26.55 1.73801
26.56 1.72581
26.57 1.71838
26.58 1.71953
26.59 1.72356
26.6 1.72597
26.61 1.72739
26.62 1.72833
26.63 1.72744
26.64 1.72394
26.65 1.71795
26.66 1.7092
26.67 1.69894
26.68 1.69205
26.69 1.69176
26.7 1.69621
26.71 1.70363
26.72 1.71368
26.73 1.72468
26.74 1.73354
26.75 1.73731
26.76 1.73425
26.77 1.72526
26.78 1.71512
26.79 1.70938
26.8 1.70976
26.81 1.71542
26.82 1.72445
26.83 1.73377
26.84 1.74093
26.85 1.74503
26.86 1.74586
26.87 1.74312
26.88 1.73656
26.89 1.72669
26.9 1.71526
26.91 1.70507
26.92 1.69923
26.93 1.69948
26.94 1.70377
26.95 1.70751
26.96 1.70781
26.97 1.70561
26.98 1.70503
26.99 1.71017
27 1.72006
27.01 1.72837
27.02 1.73021
27.03 1.72756
27.04 1.72605
27.05 1.72845
27.06 1.7343
27.07 1.74269
27.08 1.75255
27.09 1.76211
27.1 1.76971
27.11 1.77453
27.12 1.77672
27.13 1.77687
27.14 1.77568
27.15 1.77377
27.16 1.77156
27.17 1.76915
27.18 1.76608
27.19 1.76119
27.2 1.75267
27.21 1.73899
27.22 1.72242
27.23 1.71097
27.24 1.70895
27.25 1.71183
27.26 1.71707
27.27 1.72398
27.28 1.72941
27.29 1.7323
27.3 1.73494
27.31 1.73974
27.32 1.74743
27.33 1.75638
27.34 1.76223
27.35 1.7603
27.36 1.74968
27.37 1.7364
27.38 1.73072
27.39 1.73738
27.4 1.75198
27.41 1.76748
27.42 1.77888
27.43 1.78399
27.44 1.78253
27.45 1.77515
27.46 1.76294
27.47 1.74761
27.48 1.7321
27.49 1.72078
27.5 1.71756
27.51 1.72156
27.52 1.72703
27.53 1.72979
27.54 1.73125
27.55 1.73416
27.56 1.73726
27.57 1.7382
27.58 1.73842
27.59 1.73894
27.6 1.7361
27.61 1.72685
27.62 1.71392
27.63 1.70423
27.64 1.70335
27.65 1.71065
27.66 1.72135
27.67 1.73179
27.68 1.7396
27.69 1.74156
27.7 1.7356
27.71 1.72467
27.72 1.71711
27.73 1.71981
27.74 1.73061
27.75 1.74231
27.76 1.74988
27.77 1.75166
27.78 1.74808
27.79 1.73997
27.8 1.72743
27.81 1.71216
27.82 1.70162
27.83 1.70211
27.84 1.70986
27.85 1.71911
27.86 1.728
27.87 1.73564
27.88 1.74125
27.89 1.74503
27.9 1.74767
27.91 1.74951
27.92 1.75051
27.93 1.75067
27.94 1.75009
27.95 1.74878
27.96 1.74649
27.97 1.74282
27.98 1.73769
27.99 1.73171
28 1.72627
28.01 1.72319
28.02 1.72394
28.03 1.72856
28.04 1.73526
28.05 1.74173
28.06 1.74643
28.07 1.74862
28.08 1.74782
28.09 1.74383
28.1 1.73747
28.11 1.73061
28.12 1.72429
28.13 1.71467
28.14 1.69459
28.15 1.67604
28.16 1.68694
28.17 1.70943
28.18 1.71815
28.19 1.71594
28.2 1.71064
28.21 1.70767
28.22 1.71039
28.23 1.71805
28.24 1.72523
28.25 1.72597
28.26 1.71838
28.27 1.7064
28.28 1.6972
28.29 1.69506
28.3 1.70152
28.31 1.71537
28.32 1.73075
28.33 1.74245
28.34 1.74857
28.35 1.74999
28.36 1.749
28.37 1.74749
28.38 1.74606
28.39 1.74447
28.4 1.74245
28.41 1.74
28.42 1.73661
28.43 1.73086
28.44 1.722
28.45 1.71223
28.46 1.70614
28.47 1.70564
28.48 1.70726
28.49 1.70777
28.5 1.70843
28.51 1.71
28.52 1.7094
28.53 1.70478
28.54 1.69866
28.55 1.69496
28.56 1.69572
28.57 1.70078
28.58 1.70796
28.59 1.71279
28.6 1.71149
28.61 1.705
28.62 1.69731
28.63 1.68937
28.64 1.67794
28.65 1.66286
28.66 1.65192
28.67 1.65308
28.68 1.6643
28.69 1.67843
28.7 1.69086
28.71 1.69933
28.72 1.7028
28.73 1.70175
28.74 1.69755
28.75 1.69166
28.76 1.68481
28.77 1.67674
28.78 1.66817
28.79 1.66309
28.8 1.66459
28.81 1.66909
28.82 1.67128
28.83 1.67038
28.84 1.66868
28.85 1.66787
28.86 1.66885
28.87 1.6729
28.88 1.68034
28.89 1.6892
28.9 1.69625
28.91 1.69832
28.92 1.6923
28.93 1.67575
28.94 1.65081
28.95 1.62914
28.96 1.62442
28.97 1.6368
28.98 1.65711
28.99 1.67849
29 1.69566
29.01 1.70547
29.02 1.70863
29.03 1.70755
29.04 1.70441
29.05 1.70099
29.06 1.6989
29.07 1.69939
29.08 1.70277
29.09 1.70841
29.1 1.71551
29.11 1.72345
29.12 1.73105
29.13 1.73651
29.14 1.73856
29.15 1.73684
29.16 1.72966
29.17 1.71245
29.18 1.68574
29.19 1.66806
29.2 1.66891
29.21 1.66803
29.22 1.65375
29.23 1.64019
29.24 1.65275
29.25 1.69063
29.26 1.72878
29.27 1.75163
29.28 1.75823
29.29 1.75343
29.3 1.74362
29.31 1.73719
29.32 1.73994
29.33 1.74778
29.34 1.75175
29.35 1.74765
29.36 1.73776
29.37 1.72715
29.38 1.72155
29.39 1.72598
29.4 1.73778
29.41 1.74835
29.42 1.75398
29.43 1.75566
29.44 1.75452
29.45 1.75156
29.46 1.74906
29.47 1.74962
29.48 1.75343
29.49 1.75832
29.5 1.76234
29.51 1.76453
29.52 1.76422
29.53 1.76122
29.54 1.75659
29.55 1.75308
29.56 1.75411
29.57 1.76041
29.58 1.76886
29.59 1.77593
29.6 1.78044
29.61 1.78263
29.62 1.78265
29.63 1.78017
29.64 1.77484
29.65 1.76666
29.66 1.75628
29.67 1.74584
29.68 1.73984
29.69 1.74227
29.7 1.75133
29.71 1.76214
29.72 1.77312
29.73 1.78519
29.74 1.7975
29.75 1.8057
29.76 1.80354
29.77 1.787
29.78 1.76248
29.79 1.74628
29.8 1.7398
29.81 1.72828
29.82 1.71995
29.83 1.72889
29.84 1.74945
29.85 1.77443
29.86 1.79301
29.87 1.79955
29.88 1.79826
29.89 1.79872
29.9 1.80711
29.91 1.81776
29.92 1.82266
29.93 1.8212
29.94 1.81243
29.95 1.79581
29.96 1.78585
29.97 1.7967
29.98 1.81587
29.99 1.82793
30 1.83264
30.01 1.8337
30.02 1.8315
30.03 1.82432
30.04 1.81119
30.05 1.79464
30.06 1.78072
30.07 1.77185
30.08 1.76769
30.09 1.77271
30.1 1.78794
30.11 1.8063
30.12 1.81909
30.13 1.81988
30.14 1.80695
30.15 1.78852
30.16 1.77924
30.17 1.78157
30.18 1.78639
30.19 1.78729
30.2 1.78314
30.21 1.77549
30.22 1.76941
30.23 1.77264
30.24 1.78405
30.25 1.79383
30.26 1.79659
30.27 1.79403
30.28 1.78986
30.29 1.78582
30.3 1.78125
30.31 1.77516
30.32 1.76826
30.33 1.76296
30.34 1.76087
30.35 1.76164
30.36 1.76431
30.37 1.76804
30.38 1.7717
30.39 1.7736
30.4 1.77144
30.41 1.76282
30.42 1.74943
30.43 1.74243
30.44 1.74937
30.45 1.76014
30.46 1.76419
30.47 1.76023
30.48 1.75008
30.49 1.73601
30.5 1.72245
30.51 1.71511
30.52 1.71457
30.53 1.71763
30.54 1.72484
30.55 1.73497
30.56 1.74104
30.57 1.73868
30.58 1.73259
30.59 1.73316
30.6 1.74158
30.61 1.74987
30.62 1.75392
30.63 1.75173
30.64 1.74132
30.65 1.73069
30.66 1.73235
30.67 1.73857
30.68 1.73653
30.69 1.73034
30.7 1.73086
30.71 1.73988
30.72 1.75121
30.73 1.76145
30.74 1.77135
30.75 1.78117
30.76 1.78886
30.77 1.79137
30.78 1.78625
30.79 1.77298
30.8 1.75523
30.81 1.7425
30.82 1.74429
30.83 1.75823
30.84 1.77312
30.85 1.78108
30.86 1.78017
30.87 1.77183
30.88 1.75918
30.89 1.74633
30.9 1.73722
30.91 1.73295
30.92 1.73087
30.93 1.72829
30.94 1.72556
30.95 1.72374
30.96 1.72415
30.97 1.73002
30.98 1.74179
30.99 1.75542
31 1.76692
31.01 1.77471
31.02 1.77858
31.03 1.77853
31.04 1.77497
31.05 1.76942
31.06 1.76393
31.07 1.75958
31.08 1.75593
31.09 1.75196
31.1 1.74684
31.11 1.74032
31.12 1.73328
31.13 1.72844
31.14 1.72804
31.15 1.72965
31.16 1.728
31.17 1.72207
31.18 1.71643
31.19 1.7153
31.2 1.71733
31.21 1.71839
31.22 1.71736
31.23 1.71593
31.24 1.71415
31.25 1.71003
31.26 1.70328
31.27 1.69716
31.28 1.69604
31.29 1.70175
31.3 1.71211
31.31 1.72228
31.32 1.72858
31.33 1.73025
31.34 1.72837
31.35 1.72448
31.36 1.72008
31.37 1.71654
31.38 1.71501
31.39 1.71599
31.4 1.71846
31.41 1.71864
31.42 1.70868
31.43 1.68223
31.44 1.66227
31.45 1.67859
31.46 1.70165
31.47 1.70754
31.48 1.69955
31.49 1.68467
31.5 1.67219
31.51 1.66805
31.52 1.6661
31.53 1.66153
31.54 1.66547
31.55 1.6807
31.56 1.69472
31.57 1.70013
31.58 1.70004
31.59 1.69939
31.6 1.69774
31.61 1.69838
31.62 1.70833
31.63 1.72436
31.64 1.73709
31.65 1.74339
31.66 1.74523
31.67 1.74482
31.68 1.74277
31.69 1.73761
31.7 1.72688
31.71 1.71217
31.72 1.70459
31.73 1.71097
31.74 1.721
31.75 1.72529
31.76 1.72409
31.77 1.72081
31.78 1.71814
31.79 1.71713
31.8 1.71729
31.81 1.71755
31.82 1.71682
31.83 1.71435
31.84 1.7105
31.85 1.70741
31.86 1.70768
31.87 1.71201
31.88 1.71861
31.89 1.72498
31.9 1.72935
31.91 1.73097
31.92 1.73003
31.93 1.72748
31.94 1.7248
31.95 1.72362
31.96 1.72451
31.97 1.72563
31.98 1.72499
31.99 1.72334
32 1.72149
32.01 1.71649
32.02 1.70493
32.03 1.68768
32.04 1.66762
32.05 1.65017
32.06 1.64455
32.07 1.6555
32.08 1.67903
32.09 1.70436
32.1 1.72379
32.11 1.73641
32.12 1.7436
32.13 1.74654
32.14 1.74603
32.15 1.74293
32.16 1.73826
32.17 1.73325
32.18 1.72891
32.19 1.72555
32.2 1.72246
32.21 1.71801
32.22 1.70999
32.23 1.69661
32.24 1.67895
32.25 1.66388
32.26 1.6606
32.27 1.66891
32.28 1.67859
32.29 1.68282
32.3 1.68292
32.31 1.6819
32.32 1.67999
32.33 1.67942
32.34 1.68966
32.35 1.71095
32.36 1.72835
32.37 1.73392
32.38 1.72981
32.39 1.72118
32.4 1.71327
32.41 1.70889
32.42 1.70764
32.43 1.70811
32.44 1.70951
32.45 1.7113
32.46 1.71274
32.47 1.71335
32.48 1.71373
32.49 1.71498
32.5 1.71679
32.51 1.71688
32.52 1.71293
32.53 1.7036
32.54 1.68731
32.55 1.66615
32.56 1.65925
32.57 1.67923
32.58 1.70439
32.59 1.71994
32.6 1.72809
32.61 1.73258
32.62 1.73513
32.63 1.73648
32.64 1.73715
32.65 1.73751
32.66 1.73753
32.67 1.73703
32.68 1.73646
32.69 1.73609
32.7 1.73313
32.71 1.72313
32.72 1.70804
32.73 1.69862
32.74 1.70236
32.75 1.71596
32.76 1.73269
32.77 1.74837
32.78 1.76109
32.79 1.76994
32.8 1.77453
32.81 1.77481
32.82 1.77086
32.83 1.763
32.84 1.75228
32.85 1.74013
32.86 1.72672
32.87 1.71202
32.88 1.69981
32.89 1.69664
32.9 1.70481
32.91 1.72004
32.92 1.73603
32.93 1.74732
32.94 1.74836
32.95 1.73307
32.96 1.69971
32.97 1.66413
32.98 1.65735
32.99 1.68434
33 1.72001
33.01 1.74789
33.02 1.76308
33.03 1.76453
33.04 1.7535
33.05 1.73637
33.06 1.72716
33.07 1.73032
33.08 1.73226
33.09 1.72501
33.1 1.71253
33.11 1.70201
33.12 1.69737
33.13 1.69702
33.14 1.69975
33.15 1.70873
33.16 1.72548
33.17 1.74454
33.18 1.75928
33.19 1.7679
33.2 1.77214
33.21 1.77374
33.22 1.77302
33.23 1.76944
33.24 1.76267
33.25 1.75299
33.26 1.74063
33.27 1.72611
33.28 1.71276
33.29 1.70699
33.3 1.71155
33.31 1.72281
33.32 1.73594
33.33 1.74693
33.34 1.75314
33.35 1.75439
33.36 1.75212
33.37 1.74799
33.38 1.74341
33.39 1.73895
33.4 1.73349
33.41 1.72509
33.42 1.71534
33.43 1.71179
33.44 1.71882
33.45 1.73086
33.46 1.74177
33.47 1.75018
33.48 1.75602
33.49 1.75869
33.5 1.75819
33.51 1.75632
33.52 1.75567
33.53 1.75653
33.54 1.75646
33.55 1.75325
33.56 1.74664
33.57 1.73788
33.58 1.72871
33.59 1.72061
33.6 1.71456
33.61 1.71121
33.62 1.71092
33.63 1.71365
33.64 1.71894
33.65 1.726
33.66 1.73384
33.67 1.74138
33.68 1.74761
33.69 1.75166
33.7 1.75281
33.71 1.75057
33.72 1.74498
33.73 1.73714
33.74 1.72937
33.75 1.72442
33.76 1.7236
33.77 1.72569
33.78 1.72817
33.79 1.72914
33.8 1.72796
33.81 1.72479
33.82 1.72034
33.83 1.71625
33.84 1.71444
33.85 1.71451
33.86 1.7136
33.87 1.71083
33.88 1.70928
33.89 1.71108
33.9 1.71382
33.91 1.71411
33.92 1.71255
33.93 1.71441
33.94 1.72299
33.95 1.73445
33.96 1.74358
33.97 1.74894
33.98 1.75104
33.99 1.75001
34 1.74652
34.01 1.74439
34.02 1.7474
34.03 1.75216
34.04 1.75221
34.05 1.74554
34.06 1.73389
34.07 1.72109
34.08 1.71355
34.09 1.71729
34.1 1.73032
34.11 1.74533
34.12 1.75898
34.13 1.77115
34.14 1.78111
34.15 1.78772
34.16 1.79117
34.17 1.7931
34.18 1.79521
34.19 1.79765
34.2 1.79973
34.21 1.80141
34.22 1.80274
34.23 1.80347
34.24 1.80427
34.25 1.80574
34.26 1.80584
34.27 1.80045
34.28 1.78718
34.29 1.77042
34.3 1.76423
34.31 1.77724
34.32 1.79641
34.33 1.80674
34.34 1.80672
34.35 1.80146
34.36 1.79626
34.37 1.79312
34.38 1.79122
34.39 1.79208
34.4 1.79976
34.41 1.81399
34.42 1.82873
34.43 1.84007
34.44 1.84771
34.45 1.85185
34.46 1.853
34.47 1.85224
34.48 1.85
34.49 1.84522
34.5 1.83728
34.51 1.82922
34.52 1.82727
34.53 1.83503
34.54 1.84893
34.55 1.8616
34.56 1.86798
34.57 1.86663
34.58 1.85779
34.59 1.84229
34.6 1.82206
34.61 1.80089
34.62 1.78342
34.63 1.77279
34.64 1.77109
34.65 1.77895
34.66 1.79148
34.67 1.80226
34.68 1.80998
34.69 1.81653
34.7 1.8234
34.71 1.83081
34.72 1.83794
34.73 1.84317
34.74 1.84458
34.75 1.84066
34.76 1.83146
34.77 1.81972
34.78 1.80919
34.79 1.79891
34.8 1.78521
34.81 1.77469
34.82 1.77989
34.83 1.79459
34.84 1.80454
34.85 1.80746
34.86 1.80608
34.87 1.80391
34.88 1.80545
34.89 1.81153
34.9 1.818
34.91 1.82112
34.92 1.82038
34.93 1.81629
34.94 1.80981
34.95 1.80417
34.96 1.80384
34.97 1.81053
34.98 1.82189
34.99 1.83409
35 1.84342
35.01 1.84705
35.02 1.84505
35.03 1.83988
35.04 1.83269
35.05 1.82148
35.06 1.80389
35.07 1.78292
35.08 1.76906
35.09 1.77029
35.1 1.78787
35.11 1.81446
35.12 1.83555
35.13 1.84441
35.14 1.83975
35.15 1.82008
35.16 1.79083
35.17 1.77098
35.18 1.76801
35.19 1.76994
35.2 1.77283
35.21 1.7784
35.22 1.78432
35.23 1.78676
35.24 1.78465
35.25 1.77917
35.26 1.77073
35.27 1.75862
35.28 1.74431
35.29 1.73438
35.3 1.73673
35.31 1.74922
35.32 1.76254
35.33 1.77216
35.34 1.778
35.35 1.78091
35.36 1.78151
35.37 1.77992
35.38 1.77606
35.39 1.77019
35.4 1.76307
35.41 1.7557
35.42 1.74898
35.43 1.74356
35.44 1.73989
35.45 1.73809
35.46 1.73768
35.47 1.7375
35.48 1.73637
35.49 1.73417
35.5 1.73202
35.51 1.73092
35.52 1.73117
35.53 1.73257
35.54 1.73341
35.55 1.73039
35.56 1.72026
35.57 1.70149
35.58 1.67765
35.59 1.66124
35.6 1.66642
35.61 1.69105
35.62 1.71852
35.63 1.73763
35.64 1.74744
35.65 1.75019
35.66 1.74753
35.67 1.74167
35.68 1.73716
35.69 1.73745
35.7 1.7394
35.71 1.73665
35.72 1.72606
35.73 1.70957
35.74 1.69448
35.75 1.68878
35.76 1.69018
35.77 1.68919
35.78 1.6855
35.79 1.68863
35.8 1.70103
35.81 1.7154
35.82 1.72652
35.83 1.73314
35.84 1.73477
35.85 1.73103
35.86 1.72251
35.87 1.71209
35.88 1.7051
35.89 1.7057
35.9 1.71278
35.91 1.72177
35.92 1.72877
35.93 1.73145
35.94 1.72848
35.95 1.71974
35.96 1.7076
35.97 1.69779
35.98 1.69662
35.99 1.70521
36 1.71867
36.01 1.73133
36.02 1.74044
36.03 1.74605
36.04 1.74953
36.05 1.75221
36.06 1.75437
36.07 1.75501
36.08 1.75252
36.09 1.74602
36.1 1.73669
36.11 1.72801
36.12 1.72335
36.13 1.72274
36.14 1.72308
36.15 1.72152
36.16 1.71799
36.17 1.71475
36.18 1.71439
36.19 1.71867
36.2 1.72724
36.21 1.73649
36.22 1.74173
36.23 1.74116
36.24 1.73728
36.25 1.73528
36.26 1.73864
36.27 1.74549
36.28 1.75044
36.29 1.74899
36.3 1.73925
36.31 1.72291
36.32 1.707
36.33 1.6979
36.34 1.69416
36.35 1.69515
36.36 1.70281
36.37 1.71586
36.38 1.73143
36.39 1.74569
36.4 1.75553
36.41 1.76074
36.42 1.76302
36.43 1.76417
36.44 1.76482
36.45 1.76339
36.46 1.75543
36.47 1.7348
36.48 1.70126
36.49 1.6765
36.5 1.68696
36.51 1.71707
36.52 1.73987
36.53 1.74902
36.54 1.74605
36.55 1.73383
36.56 1.72161
36.57 1.72094
36.58 1.72852
36.59 1.73308
36.6 1.73135
36.61 1.72601
36.62 1.72034
36.63 1.71584
36.64 1.71143
36.65 1.70503
36.66 1.69749
36.67 1.69435
36.68 1.70064
36.69 1.71398
36.7 1.7272
36.71 1.73554
36.72 1.7387
36.73 1.7387
36.74 1.73724
36.75 1.73408
36.76 1.72785
36.77 1.71844
36.78 1.70847
36.79 1.70198
36.8 1.70084
36.81 1.70356
36.82 1.7085
36.83 1.71533
36.84 1.72335
36.85 1.73037
36.86 1.73352
36.87 1.73048
36.88 1.7206
36.89 1.70566
36.9 1.68968
36.91 1.67861
36.92 1.68176
36.93 1.70082
36.94 1.72194
36.95 1.73478
36.96 1.73963
36.97 1.73991
36.98 1.73825
36.99 1.73563
37 1.7315
37.01 1.72543
37.02 1.71957
37.03 1.71837
37.04 1.72379
37.05 1.73211
37.06 1.73831
37.07 1.74173
37.08 1.7448
37.09 1.74873
37.1 1.75254
37.11 1.75525
37.12 1.75747
37.13 1.7606
37.14 1.76523
37.15 1.77068
37.16 1.77556
37.17 1.77836
37.18 1.77776
37.19 1.77342
37.2 1.76771
37.21 1.76486
37.22 1.76541
37.23 1.76288
37.24 1.74526
37.25 1.70423
37.26 1.6782
37.27 1.7037
37.28 1.73375
37.29 1.75063
37.3 1.76104
37.31 1.76474
37.32 1.76146
37.33 1.75459
37.34 1.74907
37.35 1.74821
37.36 1.75183
37.37 1.75756
37.38 1.76324
37.39 1.76759
37.4 1.76973
37.41 1.7695
37.42 1.76777
37.43 1.76534
37.44 1.762
37.45 1.75784
37.46 1.75527
37.47 1.75677
37.48 1.76011
37.49 1.76039
37.5 1.75512
37.51 1.74473
37.52 1.73125
37.53 1.71852
37.54 1.71145
37.55 1.71088
37.56 1.71124
37.57 1.70732
37.58 1.70269
37.59 1.7081
37.6 1.72573
37.61 1.74397
37.62 1.75164
37.63 1.74898
37.64 1.74557
37.65 1.74538
37.66 1.74151
37.67 1.72938
37.68 1.71234
37.69 1.69739
37.7 1.68926
37.71 1.68753
37.72 1.68894
37.73 1.69139
37.74 1.69589
37.75 1.70479
37.76 1.71774
37.77 1.73117
37.78 1.74148
37.79 1.74733
37.8 1.74965
37.81 1.75019
37.82 1.74973
37.83 1.74745
37.84 1.74176
37.85 1.73171
37.86 1.718
37.87 1.70333
37.88 1.69157
37.89 1.68602
37.9 1.68803
37.91 1.69686
37.92 1.70995
37.93 1.7238
37.94 1.73538
37.95 1.74309
37.96 1.74646
37.97 1.74542
37.98 1.73996
37.99 1.73077
38 1.7204
38.01 1.71328
38.02 1.71319
38.03 1.72039
38.04 1.73177
38.05 1.74265
38.06 1.74856
38.07 1.74749
38.08 1.74143
38.09 1.73546
38.1 1.73377
38.11 1.73631
38.12 1.74036
38.13 1.74361
38.14 1.74339
38.15 1.73517
38.16 1.71827
38.17 1.70354
38.18 1.70137
38.19 1.70625
38.2 1.71061
38.21 1.71616
38.22 1.72633
38.23 1.73953
38.24 1.75092
38.25 1.757
38.26 1.75717
38.27 1.75138
38.28 1.73702
38.29 1.7111
38.3 1.68268
38.31 1.67364
38.32 1.68661
38.33 1.7072
38.34 1.72712
38.35 1.74269
38.36 1.75208
38.37 1.75472
38.38 1.75087
38.39 1.7415
38.4 1.72905
38.41 1.71939
38.42 1.71849
38.43 1.72415
38.44 1.72974
38.45 1.73192
38.46 1.72986
38.47 1.72371
38.48 1.71477
38.49 1.70463
38.5 1.69479
38.51 1.68746
38.52 1.68548
38.53 1.69122
38.54 1.7038
38.55 1.71873
38.56 1.73211
38.57 1.74262
38.58 1.75027
38.59 1.75527
38.6 1.75786
38.61 1.75857
38.62 1.75841
38.63 1.75843
38.64 1.7579
38.65 1.75218
38.66 1.73429
38.67 1.70918
38.68 1.70108
38.69 1.70831
38.7 1.7097
38.71 1.70492
38.72 1.70002
38.73 1.6981
38.74 1.70083
38.75 1.70827
38.76 1.71941
38.77 1.73236
38.78 1.74386
38.79 1.75102
38.8 1.75281
38.81 1.74931
38.82 1.74103
38.83 1.73001
38.84 1.71996
38.85 1.71394
38.86 1.71166
38.87 1.70867
38.88 1.7045
38.89 1.70655
38.9 1.71662
38.91 1.72753
38.92 1.73275
38.93 1.73203
38.94 1.72953
38.95 1.7275
38.96 1.72613
38.97 1.72423
38.98 1.71862
38.99 1.70791
39 1.69588
39.01 1.69088
39.02 1.69819
39.03 1.71253
39.04 1.72563
39.05 1.73484
39.06 1.74085
39.07 1.74444
39.08 1.74605
39.09 1.74602
39.1 1.74415
39.11 1.73913
39.12 1.7295
39.13 1.71683
39.14 1.70722
39.15 1.70496
39.16 1.70725
39.17 1.70901
39.18 1.70605
39.19 1.69549
39.2 1.6789
39.21 1.66511
39.22 1.66444
39.23 1.67539
39.24 1.68791
39.25 1.69731
39.26 1.7041
39.27 1.7093
39.28 1.71366
39.29 1.71718
39.3 1.71886
39.31 1.71745
39.32 1.71266
39.33 1.70563
39.34 1.69817
39.35 1.6907
39.36 1.68283
39.37 1.67906
39.38 1.68418
39.39 1.6911
39.4 1.69354
39.41 1.6974
39.42 1.70504
39.43 1.71022
39.44 1.71012
39.45 1.70707
39.46 1.70426
39.47 1.70366
39.48 1.70583
39.49 1.71029
39.5 1.71592
39.51 1.72133
39.52 1.72555
39.53 1.72823
39.54 1.72856
39.55 1.72455
39.56 1.71478
39.57 1.70243
39.58 1.69616
39.59 1.70137
39.6 1.71401
39.61 1.72817
39.62 1.74091
39.63 1.75014
39.64 1.75382
39.65 1.75076
39.66 1.74113
39.67 1.72707
39.68 1.71277
39.69 1.70256
39.7 1.69797
39.71 1.69696
39.72 1.69667
39.73 1.69706
39.74 1.70158
39.75 1.71229
39.76 1.72472
39.77 1.7319
39.78 1.73076
39.79 1.72276
39.8 1.71237
39.81 1.70487
39.82 1.70248
39.83 1.70329
39.84 1.70441
39.85 1.70385
39.86 1.70106
39.87 1.69994
39.88 1.7083
39.89 1.72472
39.9 1.73875
39.91 1.74571
39.92 1.74698
39.93 1.74472
39.94 1.74049
39.95 1.73568
39.96 1.73161
39.97 1.72934
39.98 1.72928
39.99 1.73048
40 1.73043
40.01 1.72595
40.02 1.71487
40.03 1.69689
40.04 1.67562
40.05 1.66265
40.06 1.66907
40.07 1.68847
40.08 1.70741
40.09 1.72076
40.1 1.72808
40.11 1.72993
40.12 1.7286
40.13 1.72793
40.14 1.73093
40.15 1.73706
40.16 1.74285
40.17 1.74563
40.18 1.74539
40.19 1.74375
40.2 1.74227
40.21 1.74168
40.22 1.74196
40.23 1.7426
40.24 1.74303
40.25 1.74296
40.26 1.74245
40.27 1.74159
40.28 1.7402
40.29 1.73788
40.3 1.73435
40.31 1.72996
40.32 1.72602
40.33 1.72447
40.34 1.72647
40.35 1.73082
40.36 1.73428
40.37 1.73351
40.38 1.72692
40.39 1.71624
40.4 1.70708
40.41 1.70548
40.42 1.712
40.43 1.72158
40.44 1.72944
40.45 1.73453
40.46 1.73791
40.47 1.74039
40.48 1.74196
40.49 1.74234
40.5 1.74123
40.51 1.73811
40.52 1.73217
40.53 1.72283
40.54 1.71136
40.55 1.70294
40.56 1.70385
40.57 1.71322
40.58 1.7237
40.59 1.72941
40.6 1.72827
40.61 1.72135
40.62 1.71312
40.63 1.70988
40.64 1.71457
40.65 1.72296
40.66 1.7288
40.67 1.73049
40.68 1.72956
40.69 1.7268
40.7 1.72194
40.71 1.71541
40.72 1.70888
40.73 1.70451
40.74 1.70407
40.75 1.70805
40.76 1.71521
40.77 1.72334
40.78 1.7304
40.79 1.73513
40.8 1.73741
40.81 1.73802
40.82 1.73827
40.83 1.73973
40.84 1.74284
40.85 1.74511
40.86 1.74077
40.87 1.72583
40.88 1.71188
40.89 1.71846
40.9 1.73688
40.91 1.7492
40.92 1.75209
40.93 1.7463
40.94 1.73218
40.95 1.71511
40.96 1.70768
40.97 1.71649
40.98 1.73316
40.99 1.74682
41 1.75362
41.01 1.75385
41.02 1.74892
41.03 1.7421
41.04 1.73837
41.05 1.74081
41.06 1.74758
41.07 1.75453
41.08 1.75941
41.09 1.76195
41.1 1.7619
41.11 1.75856
41.12 1.75196
41.13 1.74349
41.14 1.73505
41.15 1.72786
41.16 1.72245
41.17 1.71847
41.18 1.7145
41.19 1.70869
41.2 1.70168
41.21 1.70026
41.22 1.71063
41.23 1.7285
41.24 1.74476
41.25 1.75452
41.26 1.75641
41.27 1.74993
41.28 1.73698
41.29 1.7246
41.3 1.72078
41.31 1.72493
41.32 1.73013
41.33 1.7326
41.34 1.73343
41.35 1.73459
41.36 1.73509
41.37 1.7324
41.38 1.72787
41.39 1.72729
41.4 1.73352
41.41 1.74316
41.42 1.75145
41.43 1.75556
41.44 1.75421
41.45 1.74687
41.46 1.73464
41.47 1.7228
41.48 1.71847
41.49 1.72084
41.5 1.72239
41.51 1.71866
41.52 1.71013
41.53 1.70001
41.54 1.69211
41.55 1.68819
41.56 1.68681
41.57 1.68552
41.58 1.68432
41.59 1.68738
41.6 1.69756
41.61 1.71019
41.62 1.71933
41.63 1.72446
41.64 1.72861
41.65 1.73394
41.66 1.73944
41.67 1.74274
41.68 1.74289
41.69 1.74049
41.7 1.73657
41.71 1.73184
41.72 1.72683
41.73 1.72251
41.74 1.72033
41.75 1.72094
41.76 1.72308
41.77 1.72441
41.78 1.72307
41.79 1.71878
41.8 1.71332
41.81 1.70962
41.82 1.70884
41.83 1.70849
41.84 1.70624
41.85 1.70587
41.86 1.7126
41.87 1.72216
41.88 1.72708
41.89 1.72698
41.9 1.72611
41.91 1.72721
41.92 1.72921
41.93 1.73031
41.94 1.73082
41.95 1.73218
41.96 1.73435
41.97 1.73487
41.98 1.73062
41.99 1.72072
42 1.70868
42.01 1.70072
42.02 1.7008
42.03 1.70877
42.04 1.72162
42.05 1.73541
42.06 1.74676
42.07 1.75319
42.08 1.75346
42.09 1.74832
42.1 1.74171
42.11 1.73958
42.12 1.74404
42.13 1.75099
42.14 1.75297
42.15 1.73967
42.16 1.71076
42.17 1.70536
42.18 1.73341
42.19 1.75483
42.2 1.76437
42.21 1.77072
42.22 1.77608
42.23 1.78046
42.24 1.78455
42.25 1.78819
42.26 1.78999
42.27 1.78897
42.28 1.78496
42.29 1.77743
42.3 1.7658
42.31 1.75236
42.32 1.74383
42.33 1.74488
42.34 1.75143
42.35 1.75706
42.36 1.76071
42.37 1.76532
42.38 1.77444
42.39 1.78781
42.4 1.7999
42.41 1.80581
42.42 1.80465
42.43 1.79692
42.44 1.78269
42.45 1.76436
42.46 1.74974
42.47 1.74556
42.48 1.74851
42.49 1.75142
42.5 1.75326
42.51 1.75764
42.52 1.7661
42.53 1.77617
42.54 1.7849
42.55 1.79141
42.56 1.79578
42.57 1.79752
42.58 1.7962
42.59 1.79301
42.6 1.7907
42.61 1.79137
42.62 1.79466
42.63 1.79847
42.64 1.80094
42.65 1.80144
42.66 1.80047
42.67 1.79905
42.68 1.79799
42.69 1.79731
42.7 1.79609
42.71 1.79302
42.72 1.78751
42.73 1.78101
42.74 1.77719
42.75 1.77935
42.76 1.78648
42.77 1.79306
42.78 1.79173
42.79 1.77776
42.8 1.76425
42.81 1.7752
42.82 1.79858
42.83 1.81212
42.84 1.81421
42.85 1.80866
42.86 1.79752
42.87 1.78245
42.88 1.76707
42.89 1.75712
42.9 1.75613
42.91 1.76002
42.92 1.7586
42.93 1.74514
42.94 1.72916
42.95 1.72883
42.96 1.74365
42.97 1.76674
42.98 1.7928
42.99 1.81214
43 1.82059
43.01 1.82002
43.02 1.81329
43.03 1.80284
43.04 1.79103
43.05 1.77851
43.06 1.764
43.07 1.75112
43.08 1.74898
43.09 1.75629
43.1 1.7616
43.11 1.76281
43.12 1.76637
43.13 1.77364
43.14 1.78061
43.15 1.78388
43.16 1.78183
43.17 1.77668
43.18 1.77509
43.19 1.77736
43.2 1.77614
43.21 1.76966
43.22 1.76239
43.23 1.75738
43.24 1.75504
43.25 1.7564
43.26 1.76024
43.27 1.76101
43.28 1.7583
43.29 1.76323
43.3 1.78081
43.31 1.79959
43.32 1.81011
43.33 1.80914
43.34 1.79302
43.35 1.76167
43.36 1.72921
43.37 1.708
43.38 1.69661
43.39 1.70058
43.4 1.71981
43.41 1.74154
43.42 1.75648
43.43 1.76345
43.44 1.76453
43.45 1.76134
43.46 1.75458
43.47 1.74685
43.48 1.74543
43.49 1.75483
43.5 1.76883
43.51 1.77962
43.52 1.78506
43.53 1.7855
43.54 1.78086
43.55 1.7711
43.56 1.759
43.57 1.75065
43.58 1.74986
43.59 1.75394
43.6 1.75788
43.61 1.75921
43.62 1.75896
43.63 1.75911
43.64 1.76044
43.65 1.76361
43.66 1.76915
43.67 1.77554
43.68 1.7799
43.69 1.78
43.7 1.77414
43.71 1.76001
43.72 1.73731
43.73 1.71937
43.74 1.72589
43.75 1.74628
43.76 1.75851
43.77 1.7571
43.78 1.74554
43.79 1.73047
43.8 1.72394
43.81 1.73505
43.82 1.7508
43.83 1.75399
43.84 1.74507
43.85 1.73741
43.86 1.74134
43.87 1.75258
43.88 1.76061
43.89 1.76044
43.9 1.75473
43.91 1.74992
43.92 1.75031
43.93 1.75394
43.94 1.75351
43.95 1.74184
43.96 1.72205
43.97 1.71218
43.98 1.72408
43.99 1.74831
44 1.76814
44.01 1.77269
44.02 1.76064
44.03 1.74297
44.04 1.73841
44.05 1.7505
44.06 1.76264
44.07 1.76095
44.08 1.7477
44.09 1.73594
44.1 1.72789
44.11 1.71861
44.12 1.71683
44.13 1.72801
44.14 1.74302
44.15 1.75491
44.16 1.76117
44.17 1.75977
44.18 1.74948
44.19 1.73481
44.2 1.7312
44.21 1.7454
44.22 1.76312
44.23 1.77414
44.24 1.77831
44.25 1.77767
44.26 1.7748
44.27 1.7729
44.28 1.77388
44.29 1.77719
44.3 1.78161
44.31 1.78619
44.32 1.7885
44.33 1.78252
44.34 1.76169
44.35 1.73562
44.36 1.73138
44.37 1.74548
44.38 1.75259
44.39 1.74664
44.4 1.73842
44.41 1.73611
44.42 1.73682
44.43 1.73785
44.44 1.74115
44.45 1.74849
44.46 1.75746
44.47 1.76328
44.48 1.76294
44.49 1.75606
44.5 1.74381
44.51 1.7287
44.52 1.71552
44.53 1.71081
44.54 1.71655
44.55 1.72772
44.56 1.73876
44.57 1.74599
44.58 1.7476
44.59 1.7448
44.6 1.74113
44.61 1.7397
44.62 1.74048
44.63 1.74008
44.64 1.73355
44.65 1.7165
44.66 1.69311
44.67 1.68271
44.68 1.69161
44.69 1.70177
44.7 1.70215
44.71 1.69572
44.72 1.69263
44.73 1.70141
44.74 1.71974
44.75 1.73573
44.76 1.74026
44.77 1.73341
44.78 1.72149
44.79 1.71151
44.8 1.70636
44.81 1.70453
44.82 1.70485
44.83 1.7097
44.84 1.72065
44.85 1.73332
44.86 1.74062
44.87 1.73923
44.88 1.73369
44.89 1.73391
44.9 1.74108
44.91 1.74578
44.92 1.7419
44.93 1.73116
44.94 1.72202
44.95 1.7225
44.96 1.72915
44.97 1.73402
44.98 1.73549
44.99 1.73597
45 1.7368
45.01 1.73743
45.02 1.73739
45.03 1.73792
45.04 1.74172
45.05 1.75004
45.06 1.76041
45.07 1.76854
45.08 1.77156
45.09 1.76915
45.1 1.76301
45.11 1.75607
45.12 1.75127
45.13 1.75019
45.14 1.75264
45.15 1.75708
45.16 1.76089
45.17 1.76081
45.18 1.75397
45.19 1.7399
45.2 1.72252
45.21 1.70959
45.22 1.70725
45.23 1.71335
45.24 1.72134
45.25 1.72879
45.26 1.73629
45.27 1.74319
45.28 1.74747
45.29 1.74828
45.3 1.74694
45.31 1.74515
45.32 1.74365
45.33 1.74293
45.34 1.74422
45.35 1.74845
45.36 1.75447
45.37 1.76019
45.38 1.76478
45.39 1.76797
45.4 1.76854
45.41 1.76455
45.42 1.75412
45.43 1.73736
45.44 1.72079
45.45 1.71399
45.46 1.7152
45.47 1.71565
45.48 1.71334
45.49 1.7104
45.5 1.70521
45.51 1.69083
45.52 1.66725
45.53 1.65618
45.54 1.66631
45.55 1.68875
45.56 1.71951
45.57 1.74409
45.58 1.75594
45.59 1.75837
45.6 1.75526
45.61 1.74917
45.62 1.7422
45.63 1.73615
45.64 1.73211
45.65 1.73018
45.66 1.72981
45.67 1.73011
45.68 1.73016
45.69 1.72978
45.7 1.72997
45.71 1.73188
45.72 1.73601
45.73 1.7422
45.74 1.74968
45.75 1.75721
45.76 1.76372
45.77 1.76864
45.78 1.77185
45.79 1.77332
45.8 1.77292
45.81 1.77047
45.82 1.76589
45.83 1.75897
45.84 1.74911
45.85 1.73587
45.86 1.72122
45.87 1.71249
45.88 1.71746
45.89 1.7328
45.9 1.74939
45.91 1.7627
45.92 1.77139
45.93 1.77504
45.94 1.7743
45.95 1.77053
45.96 1.76555
45.97 1.76118
45.98 1.75777
45.99 1.75339
46 1.74631
46.01 1.73841
46.02 1.73543
46.03 1.74249
46.04 1.75793
46.05 1.77413
46.06 1.78457
46.07 1.78684
46.08 1.7806
46.09 1.76654
46.1 1.74834
46.11 1.73281
46.12 1.72421
46.13 1.7194
46.14 1.71301
46.15 1.70407
46.16 1.69493
46.17 1.69048
46.18 1.69703
46.19 1.714
46.2 1.73254
46.21 1.74608
46.22 1.75426
46.23 1.75892
46.24 1.76138
46.25 1.76146
46.26 1.75563
46.27 1.73811
46.28 1.71874
46.29 1.72693
46.3 1.75282
46.31 1.76892
46.32 1.7739
46.33 1.77307
46.34 1.76838
46.35 1.76058
46.36 1.75205
46.37 1.74711
46.38 1.74899
46.39 1.75655
46.4 1.76523
46.41 1.77108
46.42 1.77348
46.43 1.7748
46.44 1.77709
46.45 1.77955
46.46 1.78022
46.47 1.77858
46.48 1.7754
46.49 1.77157
46.5 1.76766
46.51 1.76403
46.52 1.76066
46.53 1.75721
46.54 1.754
46.55 1.75291
46.56 1.75603
46.57 1.76344
46.58 1.77274
46.59 1.78074
46.6 1.7857
46.61 1.78764
46.62 1.78688
46.63 1.78383
46.64 1.78081
46.65 1.78174
46.66 1.78739
46.67 1.79402
46.68 1.79781
46.69 1.79769
46.7 1.79489
46.71 1.7916
46.72 1.78918
46.73 1.78693
46.74 1.78186
46.75 1.7683
46.76 1.73841
46.77 1.70409
46.78 1.7104
46.79 1.74453
46.8 1.76637
46.81 1.77473
46.82 1.77666
46.83 1.77589
46.84 1.77437
46.85 1.77325
46.86 1.77309
46.87 1.7742
46.88 1.7768
46.89 1.78085
46.9 1.78555
46.91 1.7891
46.92 1.78904
46.93 1.78291
46.94 1.76922
46.95 1.74983
46.96 1.73296
46.97 1.72557
46.98 1.72282
46.99 1.71923
47 1.71665
47.01 1.71604
47.02 1.71182
47.03 1.69873
47.04 1.68573
47.05 1.68848
47.06 1.70182
47.07 1.71026
47.08 1.71154
47.09 1.71216
47.1 1.71822
47.11 1.72925
47.12 1.7402
47.13 1.74749
47.14 1.75022
47.15 1.74941
47.16 1.74711
47.17 1.74495
47.18 1.74247
47.19 1.73709
47.2 1.72797
47.21 1.71978
47.22 1.71839
47.23 1.72332
47.24 1.72906
47.25 1.73211
47.26 1.73331
47.27 1.73504
47.28 1.73842
47.29 1.74328
47.3 1.74887
47.31 1.75404
47.32 1.7574
47.33 1.75774
47.34 1.75471
47.35 1.74915
47.36 1.7425
47.37 1.73575
47.38 1.72858
47.39 1.71968
47.4 1.70896
47.41 1.69992
47.42 1.69828
47.43 1.70593
47.44 1.718
47.45 1.72629
47.46 1.72548
47.47 1.71788
47.48 1.71229
47.49 1.71474
47.5 1.72287
47.51 1.73117
47.52 1.73617
47.53 1.73686
47.54 1.73436
47.55 1.73191
47.56 1.73247
47.57 1.73569
47.58 1.73877
47.59 1.73846
47.6 1.73034
47.61 1.70944
47.62 1.68414
47.63 1.68205
47.64 1.70108
47.65 1.71555
47.66 1.71938
47.67 1.71504
47.68 1.70489
47.69 1.69907
47.7 1.7107
47.71 1.73136
47.72 1.74521
47.73 1.74945
47.74 1.74749
47.75 1.74227
47.76 1.73482
47.77 1.72581
47.78 1.71896
47.79 1.71937
47.8 1.72671
47.81 1.73601
47.82 1.74358
47.83 1.7476
47.84 1.74576
47.85 1.7348
47.86 1.71757
47.87 1.71054
47.88 1.72149
47.89 1.73829
47.9 1.75352
47.91 1.76612
47.92 1.77574
47.93 1.7828
47.94 1.788
47.95 1.79177
47.96 1.79461
47.97 1.79705
47.98 1.79916
47.99 1.8007
48 1.80151
48.01 1.80152
48.02 1.80066
48.03 1.79894
48.04 1.79671
48.05 1.79484
48.06 1.79427
48.07 1.79519
48.08 1.79665
48.09 1.79748
48.1 1.79743
48.11 1.79646
48.12 1.79278
48.13 1.78455
48.14 1.77417
48.15 1.76623
48.16 1.76191
48.17 1.76254
48.18 1.77267
48.19 1.79156
48.2 1.81012
48.21 1.82022
48.22 1.82012
48.23 1.81357
48.24 1.80785
48.25 1.80799
48.26 1.8122
48.27 1.81576
48.28 1.81497
48.29 1.80679
48.3 1.78949
48.31 1.76841
48.32 1.75662
48.33 1.75584
48.34 1.75703
48.35 1.75898
48.36 1.76418
48.37 1.77236
48.38 1.77964
48.39 1.7809
48.4 1.77425
48.41 1.76247
48.42 1.75216
48.43 1.74694
48.44 1.74387
48.45 1.74192
48.46 1.74158
48.47 1.74131
48.48 1.74349
48.49 1.75047
48.5 1.75798
48.51 1.76342
48.52 1.77004
48.53 1.77899
48.54 1.78599
48.55 1.78631
48.56 1.7785
48.57 1.76584
48.58 1.75546
48.59 1.75152
48.6 1.75209
48.61 1.7554
48.62 1.76146
48.63 1.76874
48.64 1.77399
48.65 1.77302
48.66 1.75957
48.67 1.73005
48.68 1.71158
48.69 1.73377
48.7 1.76351
48.71 1.77779
48.72 1.78064
48.73 1.77522
48.74 1.76141
48.75 1.74231
48.76 1.72749
48.77 1.72208
48.78 1.71813
48.79 1.70983
48.8 1.70237
48.81 1.70265
48.82 1.7107
48.83 1.71955
48.84 1.72733
48.85 1.73987
48.86 1.75559
48.87 1.76507
48.88 1.76452
48.89 1.75854
48.9 1.75352
48.91 1.74958
48.92 1.74302
48.93 1.73287
48.94 1.7115
48.95 1.68269
48.96 1.68282
48.97 1.70428
48.98 1.72442
48.99 1.74574
49 1.76727
49.01 1.7844
49.02 1.79525
49.03 1.80041
49.04 1.80103
49.05 1.79781
49.06 1.7904
49.07 1.77684
49.08 1.75412
49.09 1.72551
49.1 1.70908
49.11 1.71576
49.12 1.73284
49.13 1.74779
49.14 1.75824
49.15 1.76579
49.16 1.77071
49.17 1.77214
49.18 1.76913
49.19 1.76095
49.2 1.74905
49.21 1.73873
49.22 1.73573
49.23 1.74087
49.24 1.74982
49.25 1.7564
49.26 1.75623
49.27 1.74959
49.28 1.74215
49.29 1.74007
49.3 1.74328
49.31 1.74737
49.32 1.75003
49.33 1.75257
49.34 1.75656
49.35 1.76106
49.36 1.76401
49.37 1.7644
49.38 1.76276
49.39 1.7606
49.4 1.75937
49.41 1.75923
49.42 1.75907
49.43 1.75795
49.44 1.75608
49.45 1.75476
49.46 1.75546
49.47 1.75846
49.48 1.76212
49.49 1.76361
49.5 1.76038
49.51 1.75138
49.52 1.73925
49.53 1.73201
49.54 1.73646
49.55 1.74866
49.56 1.76002
49.57 1.76702
49.58 1.77054
49.59 1.77212
49.6 1.77232
49.61 1.77137
49.62 1.77051
49.63 1.77208
49.64 1.77672
49.65 1.78226
49.66 1.78652
49.67 1.78944
49.68 1.79189
49.69 1.79384
49.7 1.79423
49.71 1.79204
49.72 1.78699
49.73 1.77982
49.74 1.77213
49.75 1.76548
49.76 1.76077
49.77 1.75886
49.78 1.76138
49.79 1.76982
49.8 1.78232
49.81 1.79389
49.82 1.80064
49.83 1.80142
49.84 1.79661
49.85 1.78755
49.86 1.77673
49.87 1.76681
49.88 1.75792
49.89 1.74814
49.9 1.7373
49.91 1.72831
49.92 1.72425
49.93 1.72646
49.94 1.73462
49.95 1.74597
49.96 1.75673
49.97 1.76492
49.98 1.77039
49.99 1.7733
50 1.77355
50.01 1.77136
50.02 1.76768
50.03 1.7635
50.04 1.75866
50.05 1.75189
50.06 1.74284
50.07 1.73403
50.08 1.7302
50.09 1.73516
50.1 1.74825
50.11 1.76415
50.12 1.77654
50.13 1.78125
50.14 1.77593
50.15 1.75938
50.16 1.7347
50.17 1.71468
50.18 1.71314
50.19 1.72547
50.2 1.73755
50.21 1.74303
50.22 1.74263
50.23 1.73991
50.24 1.73848
50.25 1.73959
50.26 1.74106
50.27 1.73802
50.28 1.72685
50.29 1.71097
50.3 1.70189
50.31 1.70597
50.32 1.71773
50.33 1.73119
50.34 1.74369
50.35 1.75392
50.36 1.76133
50.37 1.7646
50.38 1.76034
50.39 1.74654
50.4 1.7318
50.41 1.73135
50.42 1.74332
50.43 1.75453
50.44 1.75964
50.45 1.7598
50.46 1.75833
50.47 1.76092
50.48 1.77158
50.49 1.78659
50.5 1.79928
50.51 1.80614
50.52 1.80645
50.53 1.80075
50.54 1.79035
50.55 1.77755
50.56 1.76764
50.57 1.76805
50.58 1.779
50.59 1.79123
50.6 1.79713
50.61 1.79538
50.62 1.78766
50.63 1.77752
50.64 1.77248
50.65 1.77464
50.66 1.7813
50.67 1.79463
50.68 1.80601
50.69 1.80415
50.7 1.78985
50.71 1.77228
50.72 1.76134
50.73 1.76046
50.74 1.76665
50.75 1.77582
50.76 1.78505
50.77 1.79172
50.78 1.79226
50.79 1.78285
50.8 1.76449
50.81 1.74822
50.82 1.74682
50.83 1.75974
50.84 1.77697
50.85 1.79047
50.86 1.79685
50.87 1.79672
50.88 1.79267
50.89 1.78639
50.9 1.77746
50.91 1.7655
50.92 1.75291
50.93 1.74483
50.94 1.74503
50.95 1.75144
50.96 1.75735
50.97 1.75582
50.98 1.74622
50.99 1.74401
51 1.76096
51.01 1.78045
51.02 1.78909
51.03 1.78957
51.04 1.78722
51.05 1.78376
51.06 1.77835
51.07 1.77143
51.08 1.76498
51.09 1.76015
51.1 1.75793
51.11 1.7585
51.12 1.76077
51.13 1.76374
51.14 1.76657
51.15 1.76796
51.16 1.76535
51.17 1.75611
51.18 1.74416
51.19 1.74146
51.2 1.74848
51.21 1.75023
51.22 1.74267
51.23 1.74591
51.24 1.76899
51.25 1.79177
51.26 1.8041
51.27 1.80931
51.28 1.81118
51.29 1.81109
51.3 1.8081
51.31 1.79902
51.32 1.7805
51.33 1.75531
51.34 1.73422
51.35 1.72117
51.36 1.71354
51.37 1.72133
51.38 1.74642
51.39 1.77511
51.4 1.80023
51.41 1.81776
51.42 1.82323
51.43 1.8168
51.44 1.80793
51.45 1.80908
51.46 1.81658
51.47 1.81701
51.48 1.8059
51.49 1.78678
51.5 1.7658
51.51 1.75036
51.52 1.74476
51.53 1.74685
51.54 1.75305
51.55 1.7614
51.56 1.77028
51.57 1.77825
51.58 1.78462
51.59 1.7892
51.6 1.79132
51.61 1.78966
51.62 1.78293
51.63 1.77142
51.64 1.76094
51.65 1.76212
51.66 1.77712
51.67 1.796
51.68 1.80894
51.69 1.81233
51.7 1.80656
51.71 1.7941
51.72 1.77965
51.73 1.76882
51.74 1.76493
51.75 1.76814
51.76 1.776
51.77 1.78445
51.78 1.79052
51.79 1.79377
51.8 1.79531
51.81 1.79628
51.82 1.79679
51.83 1.79608
51.84 1.79345
51.85 1.78935
51.86 1.78566
51.87 1.78379
51.88 1.78229
51.89 1.77754
51.9 1.7665
51.91 1.7498
51.92 1.73382
51.93 1.72728
51.94 1.73398
51.95 1.75038
51.96 1.76957
51.97 1.78701
51.98 1.80115
51.99 1.8109
52 1.815
52.01 1.81326
52.02 1.8079
52.03 1.80321
52.04 1.80282
52.05 1.80593
52.06 1.80769
52.07 1.80417
52.08 1.79437
52.09 1.78018
52.1 1.7669
52.11 1.76099
52.12 1.76592
52.13 1.77944
52.14 1.79485
52.15 1.80705
52.16 1.81486
52.17 1.81791
52.18 1.81475
52.19 1.80571
52.2 1.7962
52.21 1.79056
52.22 1.78665
52.23 1.78401
52.24 1.78537
52.25 1.7917
52.26 1.80127
52.27 1.81109
52.28 1.81801
52.29 1.81934
52.3 1.81579
52.31 1.81453
52.32 1.82221
52.33 1.83447
52.34 1.84164
52.35 1.83754
52.36 1.82091
52.37 1.80104
52.38 1.7957
52.39 1.80476
52.4 1.81402
52.41 1.81894
52.42 1.82086
52.43 1.82007
52.44 1.81596
52.45 1.8086
52.46 1.79914
52.47 1.78944
52.48 1.7816
52.49 1.77798
52.5 1.78053
52.51 1.78863
52.52 1.79816
52.53 1.80426
52.54 1.80397
52.55 1.7966
52.56 1.78353
52.57 1.76937
52.58 1.76317
52.59 1.77171
52.6 1.78733
52.61 1.79508
52.62 1.78974
52.63 1.77854
52.64 1.77273
52.65 1.77547
52.66 1.78224
52.67 1.79046
52.68 1.79959
52.69 1.8062
52.7 1.80662
52.71 1.80116
52.72 1.79249
52.73 1.78148
52.74 1.76792
52.75 1.7584
52.76 1.76373
52.77 1.78097
52.78 1.79689
52.79 1.80561
52.8 1.80898
52.81 1.8105
52.82 1.81255
52.83 1.81596
52.84 1.82019
52.85 1.82381
52.86 1.82499
52.87 1.82207
52.88 1.81507
52.89 1.80689
52.9 1.80031
52.91 1.7939
52.92 1.78557
52.93 1.77757
52.94 1.77425
52.95 1.77757
52.96 1.78564
52.97 1.79455
52.98 1.80139
52.99 1.80588
53 1.80921
53.01 1.81158
53.02 1.81101
53.03 1.80518
53.04 1.79546
53.05 1.78832
53.06 1.78758
53.07 1.79022
53.08 1.79255
53.09 1.7919
53.1 1.78622
53.11 1.77744
53.12 1.77283
53.13 1.77831
53.14 1.79025
53.15 1.80033
53.16 1.80484
53.17 1.80554
53.18 1.80619
53.19 1.80952
53.2 1.81534
53.21 1.8201
53.22 1.81807
53.23 1.80426
53.24 1.78017
53.25 1.75925
53.26 1.75487
53.27 1.76035
53.28 1.76148
53.29 1.7562
53.3 1.75329
53.31 1.76077
53.32 1.77507
53.33 1.78612
53.34 1.7906
53.35 1.79273
53.36 1.7967
53.37 1.80339
53.38 1.81081
53.39 1.81536
53.4 1.81489
53.41 1.81037
53.42 1.80378
53.43 1.79563
53.44 1.78641
53.45 1.77854
53.46 1.77396
53.47 1.77273
53.48 1.7745
53.49 1.77903
53.5 1.78562
53.51 1.79313
53.52 1.80039
53.53 1.80648
53.54 1.81092
53.55 1.81355
53.56 1.81434
53.57 1.81332
53.58 1.81076
53.59 1.80742
53.6 1.80471
53.61 1.80378
53.62 1.8037
53.63 1.80047
53.64 1.78896
53.65 1.76978
53.66 1.74941
53.67 1.73001
53.68 1.72709
53.69 1.74064
53.7 1.7493
53.71 1.75237
53.72 1.76099
53.73 1.7761
53.74 1.78723
53.75 1.78953
53.76 1.78104
53.77 1.76145
53.78 1.74482
53.79 1.75324
53.8 1.77726
53.81 1.79529
53.82 1.80301
53.83 1.80227
53.84 1.79431
53.85 1.78091
53.86 1.76582
53.87 1.75481
53.88 1.75348
53.89 1.76306
53.9 1.77804
53.91 1.79036
53.92 1.795
53.93 1.79034
53.94 1.77961
53.95 1.77518
53.96 1.78289
53.97 1.78811
53.98 1.77999
53.99 1.76335
54 1.74963
54.01 1.74635
54.02 1.75319
54.03 1.76498
54.04 1.77577
54.05 1.78241
54.06 1.78532
54.07 1.78599
54.08 1.7841
54.09 1.77726
54.1 1.76653
54.11 1.76284
54.12 1.77451
54.13 1.79204
54.14 1.80356
54.15 1.80594
54.16 1.80021
54.17 1.79022
54.18 1.7836
54.19 1.78477
54.2 1.78779
54.21 1.78187
54.22 1.76248
54.23 1.74944
54.24 1.76125
54.25 1.76719
54.26 1.74832
54.27 1.72839
54.28 1.73304
54.29 1.7509
54.3 1.76094
54.31 1.76184
54.32 1.76216
54.33 1.7681
54.34 1.77878
54.35 1.78931
54.36 1.79669
54.37 1.80059
54.38 1.80076
54.39 1.79686
54.4 1.79108
54.41 1.78785
54.42 1.78722
54.43 1.7819
54.44 1.76567
54.45 1.74414
54.46 1.72798
54.47 1.71863
54.48 1.71678
54.49 1.7246
54.5 1.73753
54.51 1.74759
54.52 1.75243
54.53 1.75567
54.54 1.7614
54.55 1.77015
54.56 1.77907
54.57 1.78509
54.58 1.78721
54.59 1.78606
54.6 1.78273
54.61 1.77827
54.62 1.77358
54.63 1.76936
54.64 1.76578
54.65 1.76227
54.66 1.75795
54.67 1.75277
54.68 1.74799
54.69 1.74506
54.7 1.74379
54.71 1.7428
54.72 1.7417
54.73 1.74212
54.74 1.74566
54.75 1.75156
54.76 1.75743
54.77 1.76136
54.78 1.76257
54.79 1.76095
54.8 1.75682
54.81 1.75102
54.82 1.74534
54.83 1.74222
54.84 1.74324
54.85 1.74785
54.86 1.75418
54.87 1.76045
54.88 1.76553
54.89 1.76855
54.9 1.76868
54.91 1.76556
54.92 1.75967
54.93 1.75113
54.94 1.73951
54.95 1.73097
54.96 1.73542
54.97 1.74891
54.98 1.76031
54.99 1.76617
55 1.76905
55.01 1.77217
55.02 1.77652
55.03 1.78083
55.04 1.78294
55.05 1.78068
55.06 1.77282
55.07 1.76109
55.08 1.75054
55.09 1.74353
55.1 1.73758
55.11 1.734
55.12 1.74223
55.13 1.76539
55.14 1.78557
55.15 1.78911
55.16 1.77786
55.17 1.75872
55.18 1.74145
55.19 1.73501
55.2 1.74021
55.21 1.75042
55.22 1.75835
55.23 1.76252
55.24 1.76591
55.25 1.77043
55.26 1.77508
55.27 1.77784
55.28 1.77679
55.29 1.77023
55.3 1.75945
55.31 1.75075
55.32 1.74861
55.33 1.74987
55.34 1.74886
55.35 1.74639
55.36 1.74877
55.37 1.75705
55.38 1.76646
55.39 1.77352
55.4 1.77806
55.41 1.7812
55.42 1.78361
55.43 1.78501
55.44 1.7849
55.45 1.78323
55.46 1.78007
55.47 1.77503
55.48 1.76714
55.49 1.75554
55.5 1.74043
55.51 1.72391
55.52 1.71088
55.53 1.70705
55.54 1.71293
55.55 1.72274
55.56 1.73077
55.57 1.73574
55.58 1.73971
55.59 1.74474
55.6 1.75118
55.61 1.75833
55.62 1.76537
55.63 1.77116
55.64 1.77384
55.65 1.77092
55.66 1.76129
55.67 1.74921
55.68 1.74245
55.69 1.74137
55.7 1.73925
55.71 1.73543
55.72 1.73913
55.73 1.75152
55.74 1.76068
55.75 1.76117
55.76 1.75677
55.77 1.75264
55.78 1.75133
55.79 1.75214
55.8 1.75247
55.81 1.75073
55.82 1.74787
55.83 1.74582
55.84 1.74499
55.85 1.74445
55.86 1.74463
55.87 1.74877
55.88 1.75882
55.89 1.77125
55.9 1.77949
55.91 1.7793
55.92 1.7714
55.93 1.76106
55.94 1.75351
55.95 1.74935
55.96 1.74786
55.97 1.75131
55.98 1.75857
55.99 1.76462
56 1.76966
56.01 1.77613
56.02 1.78231
56.03 1.7867
56.04 1.79064
56.05 1.79444
56.06 1.79559
56.07 1.79113
56.08 1.77962
56.09 1.7621
56.1 1.7432
56.11 1.73022
56.12 1.72815
56.13 1.7368
56.14 1.75229
56.15 1.76968
56.16 1.78533
56.17 1.79709
56.18 1.80392
56.19 1.80566
56.2 1.80308
56.21 1.79804
56.22 1.79301
56.23 1.78971
56.24 1.78792
56.25 1.7861
56.26 1.78284
56.27 1.77761
56.28 1.77086
56.29 1.76405
56.3 1.75923
56.31 1.75799
56.32 1.76004
56.33 1.76312
56.34 1.76455
56.35 1.76303
56.36 1.75909
56.37 1.75465
56.38 1.75202
56.39 1.75278
56.4 1.75635
56.41 1.75976
56.42 1.76052
56.43 1.75947
56.44 1.75885
56.45 1.75747
56.46 1.75257
56.47 1.74659
56.48 1.74739
56.49 1.75631
56.5 1.76506
56.51 1.76833
56.52 1.76721
56.53 1.76429
56.54 1.75963
56.55 1.75047
56.56 1.73598
56.57 1.72008
56.58 1.70518
56.59 1.69236
56.6 1.69285
56.61 1.71497
56.62 1.74368
56.63 1.76227
56.64 1.76866
56.65 1.76629
56.66 1.75797
56.67 1.74559
56.68 1.73164
56.69 1.71983
56.7 1.71292
56.71 1.7097
56.72 1.70777
56.73 1.71057
56.74 1.72124
56.75 1.73134
56.76 1.72795
56.77 1.70269
56.78 1.67413
56.79 1.68554
56.8 1.71482
56.81 1.72687
56.82 1.7263
56.83 1.7237
56.84 1.7235
56.85 1.7255
56.86 1.72863
56.87 1.73251
56.88 1.73694
56.89 1.74143
56.9 1.74537
56.91 1.74829
56.92 1.74983
56.93 1.7492
56.94 1.74512
56.95 1.73715
56.96 1.72864
56.97 1.72597
56.98 1.72961
56.99 1.7329
57 1.73527
57.01 1.74379
57.02 1.75876
57.03 1.77204
57.04 1.77739
57.05 1.77307
57.06 1.76019
57.07 1.74382
57.08 1.73231
57.09 1.7309
57.1 1.7373
57.11 1.74431
57.12 1.74564
57.13 1.74063
57.14 1.73481
57.15 1.73723
57.16 1.75173
57.17 1.77096
57.18 1.78521
57.19 1.78997
57.2 1.78454
57.21 1.77176
57.22 1.76081
57.23 1.76116
57.24 1.77024
57.25 1.77927
57.26 1.78398
57.27 1.78427
57.28 1.7817
57.29 1.77811
57.3 1.77419
57.31 1.76941
57.32 1.76331
57.33 1.75629
57.34 1.75002
57.35 1.74688
57.36 1.74528
57.37 1.73778
57.38 1.72128
57.39 1.70782
57.4 1.70827
57.41 1.71454
57.42 1.72019
57.43 1.72941
57.44 1.74453
57.45 1.7612
57.46 1.77507
57.47 1.78479
57.48 1.78981
57.49 1.789
57.5 1.78068
57.51 1.76349
57.52 1.73915
57.53 1.71614
57.54 1.70712
57.55 1.71658
57.56 1.73296
57.57 1.74193
57.58 1.74142
57.59 1.74352
57.6 1.75601
57.61 1.7697
57.62 1.77696
57.63 1.77888
57.64 1.77861
57.65 1.77809
57.66 1.77803
57.67 1.77852
57.68 1.77967
57.69 1.78162
57.7 1.78398
57.71 1.78563
57.72 1.78504
57.73 1.78055
57.74 1.77013
57.75 1.75159
57.76 1.72536
57.77 1.70001
57.78 1.69098
57.79 1.70254
57.8 1.72315
57.81 1.74285
57.82 1.75846
57.83 1.76922
57.84 1.77493
57.85 1.77609
57.86 1.77375
57.87 1.76884
57.88 1.76215
57.89 1.75549
57.9 1.75223
57.91 1.75441
57.92 1.76015
57.93 1.7658
57.94 1.76908
57.95 1.76939
57.96 1.76687
57.97 1.76191
57.98 1.75527
57.99 1.74828
58 1.7428
58.01 1.74033
58.02 1.74106
58.03 1.74399
58.04 1.74769
58.05 1.75089
58.06 1.75258
58.07 1.75246
58.08 1.75096
58.09 1.74805
58.1 1.74173
58.11 1.72939
58.12 1.71582
58.13 1.71429
58.14 1.72528
58.15 1.73651
58.16 1.74314
58.17 1.74606
58.18 1.74584
58.19 1.74317
58.2 1.74
58.21 1.73798
58.22 1.73658
58.23 1.73499
58.24 1.73369
58.25 1.73236
58.26 1.72948
58.27 1.72513
58.28 1.72178
58.29 1.72121
58.3 1.72204
58.31 1.72162
58.32 1.71856
58.33 1.71346
58.34 1.70938
58.35 1.70933
58.36 1.71333
58.37 1.71832
58.38 1.71952
58.39 1.71442
58.4 1.70654
58.41 1.70296
58.42 1.7056
58.43 1.7094
58.44 1.71202
58.45 1.71816
58.46 1.73093
58.47 1.74575
58.48 1.75634
58.49 1.75947
58.5 1.75486
58.51 1.74518
58.52 1.73466
58.53 1.72595
58.54 1.72097
58.55 1.72238
58.56 1.731
58.57 1.74464
58.58 1.7593
58.59 1.77127
58.6 1.7786
58.61 1.781
58.62 1.77903
58.63 1.7739
58.64 1.76769
58.65 1.76291
58.66 1.76049
58.67 1.75879
58.68 1.75572
58.69 1.75115
58.7 1.74748
58.71 1.74843
58.72 1.75482
58.73 1.76281
58.74 1.76739
58.75 1.76587
58.76 1.76088
58.77 1.76003
58.78 1.76731
58.79 1.77899
58.8 1.79059
58.81 1.80013
58.82 1.80645
58.83 1.80845
58.84 1.80552
58.85 1.79822
58.86 1.78883
58.87 1.78136
58.88 1.77949
58.89 1.78315
58.9 1.78808
58.91 1.78953
58.92 1.78531
58.93 1.77606
58.94 1.76488
58.95 1.75764
58.96 1.75944
58.97 1.76887
58.98 1.78075
58.99 1.79225
59 1.80318
59.01 1.81303
59.02 1.81977
59.03 1.82056
59.04 1.81289
59.05 1.7971
59.06 1.7807
59.07 1.77429
59.08 1.77729
59.09 1.78126
59.1 1.7821
59.11 1.77954
59.12 1.77404
59.13 1.76696
59.14 1.76264
59.15 1.76748
59.16 1.78245
59.17 1.8004
59.18 1.81343
59.19 1.81724
59.2 1.80965
59.21 1.7915
59.22 1.77171
59.23 1.76142
59.24 1.75887
59.25 1.75569
59.26 1.75124
59.27 1.74992
59.28 1.75252
59.29 1.75662
59.3 1.75976
59.31 1.76039
59.32 1.75992
59.33 1.76182
59.34 1.7683
59.35 1.77923
59.36 1.79284
59.37 1.80632
59.38 1.81613
59.39 1.81906
59.4 1.81396
59.41 1.80309
59.42 1.79204
59.43 1.78689
59.44 1.78917
59.45 1.79518
59.46 1.80054
59.47 1.80416
59.48 1.80814
59.49 1.8139
59.5 1.81949
59.51 1.82143
59.52 1.81747
59.53 1.80775
59.54 1.79587
59.55 1.78841
59.56 1.78971
59.57 1.79695
59.58 1.80236
59.59 1.79826
59.6 1.78233
59.61 1.76464
59.62 1.75796
59.63 1.75769
59.64 1.75816
59.65 1.76358
59.66 1.77318
59.67 1.77814
59.68 1.77089
59.69 1.75069
59.7 1.72961
59.71 1.7272
59.72 1.74435
59.73 1.76662
59.74 1.78569
59.75 1.80012
59.76 1.81003
59.77 1.81554
59.78 1.81679
59.79 1.81389
59.8 1.8068
59.81 1.79576
59.82 1.78244
59.83 1.77138
59.84 1.76768
59.85 1.77131
59.86 1.7773
59.87 1.78179
59.88 1.78377
59.89 1.78296
59.9 1.77924
59.91 1.77534
59.92 1.77706
59.93 1.78601
59.94 1.79702
59.95 1.80516
59.96 1.80906
59.97 1.80929
59.98 1.80687
59.99 1.803
60 1.79903
60.01 1.79609
60.02 1.79482
60.03 1.7948
60.04 1.79477
60.05 1.79422
60.06 1.79361
60.07 1.7932
60.08 1.79322
60.09 1.79564
60.1 1.80262
60.11 1.81184
60.12 1.81748
60.13 1.81546
60.14 1.80526
60.15 1.78945
60.16 1.77389
60.17 1.76656
60.18 1.7723
60.19 1.7879
60.2 1.80502
60.21 1.81711
60.22 1.822
60.23 1.82057
60.24 1.81486
60.25 1.80703
60.26 1.7995
60.27 1.79615
60.28 1.79894
60.29 1.80236
60.3 1.79841
60.31 1.7857
60.32 1.77006
60.33 1.75911
60.34 1.75616
60.35 1.75828
60.36 1.76116
60.37 1.76532
60.38 1.77404
60.39 1.78605
60.4 1.79664
60.41 1.80315
60.42 1.80553
60.43 1.80433
60.44 1.7997
60.45 1.79143
60.46 1.77967
60.47 1.76604
60.48 1.75337
60.49 1.74385
60.5 1.7391
60.51 1.74053
60.52 1.74504
60.53 1.7419
60.54 1.72087
60.55 1.70601
60.56 1.72936
60.57 1.75919
60.58 1.774
60.59 1.78008
60.6 1.78326
60.61 1.7855
60.62 1.78689
60.63 1.78672
60.64 1.78433
60.65 1.77986
60.66 1.77442
60.67 1.76919
60.68 1.7644
60.69 1.76049
60.7 1.76099
60.71 1.76766
60.72 1.77354
60.73 1.77197
60.74 1.76627
60.75 1.76499
60.76 1.7703
60.77 1.776
60.78 1.77526
60.79 1.76506
60.8 1.74735
60.81 1.7311
60.82 1.72796
60.83 1.73994
60.84 1.75901
60.85 1.77681
60.86 1.78871
60.87 1.79327
60.88 1.7912
60.89 1.78501
60.9 1.77959
60.91 1.78051
60.92 1.78953
60.93 1.80305
60.94 1.81617
60.95 1.82616
60.96 1.83247
60.97 1.83536
60.98 1.83495
60.99 1.83097
