x y
0 3.31086
0.01 3.31295
0.02 3.31488
0.03 3.31685
0.04 3.31894
0.05 3.32028
0.06 3.31878
0.07 3.31311
0.08 3.30459
0.09 3.29537
0.1 3.28819
0.11 3.28842
0.12 3.29605
0.13 3.30452
0.14 3.30508
0.15 3.29595
0.16 3.29243
0.17 3.28632
0.18 3.25717
0.19 3.27465
0.2 3.33599
0.21 3.36466
0.22 3.37322
0.23 3.38452
0.24 3.39856
0.25 3.40628
0.26 3.4043
0.27 3.39287
0.28 3.37403
0.29 3.35291
0.3 3.33403
0.31 3.31747
0.32 3.30758
0.33 3.31726
0.34 3.34698
0.35 3.38209
0.36 3.41189
0.37 3.43255
0.38 3.44048
0.39 3.42917
0.4 3.39925
0.41 3.38835
0.42 3.41168
0.43 3.41691
0.44 3.38048
0.45 3.33688
0.46 3.33928
0.47 3.3639
0.48 3.37057
0.49 3.3545
0.5 3.32393
0.51 3.32763
0.52 3.38591
0.53 3.43248
0.54 3.44574
0.55 3.44053
0.56 3.43261
0.57 3.43295
0.58 3.43683
0.59 3.42748
0.6 3.40108
0.61 3.3815
0.62 3.38949
0.63 3.4023
0.64 3.39056
0.65 3.37169
0.66 3.40065
0.67 3.44627
0.68 3.46334
0.69 3.45913
0.7 3.44937
0.71 3.44329
0.72 3.44307
0.73 3.43421
0.74 3.41212
0.75 3.43035
0.76 3.46847
0.77 3.47809
0.78 3.46811
0.79 3.45277
0.8 3.43879
0.81 3.42878
0.82 3.42526
0.83 3.431
0.84 3.44644
0.85 3.46698
0.86 3.48559
0.87 3.4991
0.88 3.50775
0.89 3.51223
0.9 3.51336
0.91 3.51211
0.92 3.50886
0.93 3.50276
0.94 3.49292
0.95 3.48119
0.96 3.47311
0.97 3.47384
0.98 3.48205
0.99 3.48995
1 3.49121
1.01 3.48673
1.02 3.48182
1.03 3.47732
1.04 3.46849
1.05 3.4539
1.06 3.43936
1.07 3.44282
1.08 3.46747
1.09 3.48065
1.1 3.46608
1.11 3.43376
1.12 3.41181
1.13 3.42658
1.14 3.46427
1.15 3.48889
1.16 3.4866
1.17 3.46779
1.18 3.45583
1.19 3.45306
1.2 3.45054
1.21 3.46364
1.22 3.47685
1.23 3.46649
1.24 3.45211
1.25 3.45644
1.26 3.46705
1.27 3.47652
1.28 3.48603
1.29 3.49028
1.3 3.48793
1.31 3.48399
1.32 3.48186
1.33 3.48011
1.34 3.4757
1.35 3.46742
1.36 3.45778
1.37 3.45257
1.38 3.45274
1.39 3.45142
1.4 3.44232
1.41 3.42696
1.42 3.42011
1.43 3.4363
1.44 3.46506
1.45 3.486
1.46 3.49235
1.47 3.4887
1.48 3.48077
1.49 3.46755
1.5 3.44734
1.51 3.4318
1.52 3.43739
1.53 3.45736
1.54 3.46842
1.55 3.45815
1.56 3.43186
1.57 3.40312
1.58 3.37602
1.59 3.36018
1.6 3.38208
1.61 3.43011
1.62 3.47105
1.63 3.49165
1.64 3.49174
1.65 3.47844
1.66 3.4607
1.67 3.44399
1.68 3.42878
1.69 3.41357
1.7 3.39805
1.71 3.38378
1.72 3.37513
1.73 3.37315
1.74 3.37837
1.75 3.40374
1.76 3.43857
1.77 3.45185
1.78 3.44877
1.79 3.45169
1.8 3.45433
1.81 3.44877
1.82 3.45473
1.83 3.47112
1.84 3.47575
1.85 3.4682
1.86 3.46048
1.87 3.46291
1.88 3.47534
1.89 3.48838
1.9 3.49581
1.91 3.49604
1.92 3.49085
1.93 3.4843
1.94 3.47622
1.95 3.46007
1.96 3.43106
1.97 3.38197
1.98 3.33951
1.99 3.37653
2 3.42985
2.01 3.44173
2.02 3.44518
2.03 3.45345
2.04 3.45789
2.05 3.45375
2.06 3.44452
2.07 3.43589
2.08 3.42631
2.09 3.40802
2.1 3.39307
2.11 3.41497
2.12 3.45927
2.13 3.48485
2.14 3.48029
2.15 3.45831
2.16 3.44138
2.17 3.43338
2.18 3.42344
2.19 3.40869
2.2 3.39694
2.21 3.39977
2.22 3.41308
2.23 3.42324
2.24 3.42587
2.25 3.42708
2.26 3.43369
2.27 3.44396
2.28 3.45164
2.29 3.45456
2.3 3.45483
2.31 3.45653
2.32 3.46192
2.33 3.46753
2.34 3.46931
2.35 3.46838
2.36 3.46848
2.37 3.47237
2.38 3.48101
2.39 3.4931
2.4 3.50477
2.41 3.51054
2.42 3.5046
2.43 3.48497
2.44 3.46335
2.45 3.45759
2.46 3.46104
2.47 3.45681
2.48 3.4482
2.49 3.45405
2.5 3.47207
2.51 3.48296
2.52 3.484
2.53 3.48225
2.54 3.48171
2.55 3.48294
2.56 3.48599
2.57 3.49009
2.58 3.49349
2.59 3.49402
2.6 3.4863
2.61 3.46092
2.62 3.42045
2.63 3.40216
2.64 3.42923
2.65 3.46437
2.66 3.47404
2.67 3.45205
2.68 3.41748
2.69 3.41302
2.7 3.44172
2.71 3.47086
2.72 3.48453
2.73 3.48142
2.74 3.47454
2.75 3.48038
2.76 3.49039
2.77 3.47807
2.78 3.41974
2.79 3.3544
2.8 3.36443
2.81 3.39215
2.82 3.38797
2.83 3.36251
2.84 3.35092
2.85 3.3711
2.86 3.39161
2.87 3.40057
2.88 3.40913
2.89 3.43045
2.9 3.4551
2.91 3.46205
2.92 3.4534
2.93 3.44293
2.94 3.43993
2.95 3.44715
2.96 3.45918
2.97 3.46795
2.98 3.46998
2.99 3.46712
3 3.4625
3.01 3.45731
3.02 3.45059
3.03 3.43997
3.04 3.42526
3.05 3.41611
3.06 3.42307
3.07 3.4371
3.08 3.44541
3.09 3.44634
3.1 3.44107
3.11 3.42916
3.12 3.41239
3.13 3.40252
3.14 3.41528
3.15 3.44436
3.16 3.46838
3.17 3.47678
3.18 3.46917
3.19 3.45146
3.2 3.43921
3.21 3.44038
3.22 3.4409
3.23 3.43209
3.24 3.42414
3.25 3.42906
3.26 3.44314
3.27 3.45274
3.28 3.45085
3.29 3.44083
3.3 3.42934
3.31 3.41798
3.32 3.40851
3.33 3.40972
3.34 3.42561
3.35 3.44989
3.36 3.47652
3.37 3.49521
3.38 3.49441
3.39 3.47256
3.4 3.44295
3.41 3.41536
3.42 3.39078
3.43 3.40901
3.44 3.45064
3.45 3.47278
3.46 3.465
3.47 3.42816
3.48 3.40491
3.49 3.42452
3.5 3.46362
3.51 3.49234
3.52 3.50177
3.53 3.50388
3.54 3.51081
3.55 3.52087
3.56 3.52857
3.57 3.53079
3.58 3.5252
3.59 3.51216
3.6 3.49879
3.61 3.49598
3.62 3.5042
3.63 3.51062
3.64 3.50491
3.65 3.49663
3.66 3.50362
3.67 3.51713
3.68 3.52111
3.69 3.51328
3.7 3.49528
3.71 3.46997
3.72 3.45215
3.73 3.45754
3.74 3.47814
3.75 3.50069
3.76 3.51774
3.77 3.5241
3.78 3.51719
3.79 3.50161
3.8 3.49547
3.81 3.5078
3.82 3.52304
3.83 3.52941
3.84 3.52514
3.85 3.51075
3.86 3.49113
3.87 3.47427
3.88 3.45852
3.89 3.43621
3.9 3.41412
3.91 3.42315
3.92 3.46901
3.93 3.51067
3.94 3.52641
3.95 3.52183
3.96 3.50819
3.97 3.4958
3.98 3.49156
3.99 3.49651
4 3.5053
4.01 3.50861
4.02 3.49778
4.03 3.47012
4.04 3.4418
4.05 3.44424
4.06 3.47307
4.07 3.49587
4.08 3.50514
4.09 3.50911
4.1 3.51231
4.11 3.50803
4.12 3.48757
4.13 3.45893
4.14 3.43351
4.15 3.42249
4.16 3.43885
4.17 3.47185
4.18 3.50053
4.19 3.51471
4.2 3.5153
4.21 3.50477
4.22 3.48374
4.23 3.4556
4.24 3.43283
4.25 3.43206
4.26 3.45442
4.27 3.48416
4.28 3.50897
4.29 3.52462
4.3 3.53062
4.31 3.52894
4.32 3.52277
4.33 3.51546
4.34 3.511
4.35 3.51321
4.36 3.52231
4.37 3.53402
4.38 3.54187
4.39 3.53674
4.4 3.5062
4.41 3.44786
4.42 3.39443
4.43 3.37281
4.44 3.37034
4.45 3.39613
4.46 3.44328
4.47 3.47086
4.48 3.4623
4.49 3.43382
4.5 3.4084
4.51 3.39713
4.52 3.41238
4.53 3.45645
4.54 3.49761
4.55 3.51023
4.56 3.50447
4.57 3.50441
4.58 3.51567
4.59 3.52624
4.6 3.52618
4.61 3.51049
4.62 3.48496
4.63 3.46369
4.64 3.44402
4.65 3.41921
4.66 3.40468
4.67 3.42371
4.68 3.46183
4.69 3.48671
4.7 3.49036
4.71 3.48015
4.72 3.4718
4.73 3.47643
4.74 3.48666
4.75 3.49123
4.76 3.48893
4.77 3.48699
4.78 3.49169
4.79 3.50259
4.8 3.514
4.81 3.51742
4.82 3.5048
4.83 3.47422
4.84 3.43728
4.85 3.41053
4.86 3.39064
4.87 3.38071
4.88 3.4045
4.89 3.44374
4.9 3.47282
4.91 3.49568
4.92 3.51258
4.93 3.52043
4.94 3.52192
4.95 3.52111
4.96 3.52068
4.97 3.52173
4.98 3.52337
4.99 3.52265
5 3.51525
5.01 3.49617
5.02 3.46274
5.03 3.42242
5.04 3.39163
5.05 3.37472
5.06 3.36282
5.07 3.34773
5.08 3.36607
5.09 3.44261
5.1 3.49504
5.11 3.50513
5.12 3.49513
5.13 3.48169
5.14 3.47304
5.15 3.47131
5.16 3.47782
5.17 3.48561
5.18 3.48224
5.19 3.4732
5.2 3.46883
5.21 3.46384
5.22 3.46025
5.23 3.47063
5.24 3.49505
5.25 3.51616
5.26 3.52054
5.27 3.50415
5.28 3.46404
5.29 3.40804
5.3 3.36925
5.31 3.37436
5.32 3.41981
5.33 3.47075
5.34 3.497
5.35 3.50192
5.36 3.50728
5.37 3.52066
5.38 3.5342
5.39 3.54262
5.4 3.5443
5.41 3.53823
5.42 3.52659
5.43 3.517
5.44 3.51455
5.45 3.51299
5.46 3.50867
5.47 3.5078
5.48 3.50778
5.49 3.50125
5.5 3.49511
5.51 3.49805
5.52 3.50662
5.53 3.51383
5.54 3.51298
5.55 3.4988
5.56 3.47512
5.57 3.46161
5.58 3.47285
5.59 3.49744
5.6 3.52046
5.61 3.53554
5.62 3.53849
5.63 3.52442
5.64 3.49148
5.65 3.45787
5.66 3.44884
5.67 3.4552
5.68 3.46607
5.69 3.48302
5.7 3.49369
5.71 3.48296
5.72 3.46909
5.73 3.48316
5.74 3.50547
5.75 3.51723
5.76 3.52044
5.77 3.518
5.78 3.51254
5.79 3.50589
5.8 3.49758
5.81 3.48644
5.82 3.47382
5.83 3.46409
5.84 3.45947
5.85 3.45617
5.86 3.45443
5.87 3.46084
5.88 3.46997
5.89 3.47025
5.9 3.46836
5.91 3.4797
5.92 3.50144
5.93 3.52013
5.94 3.53011
5.95 3.53196
5.96 3.52752
5.97 3.51912
5.98 3.50997
5.99 3.50335
6 3.50008
6.01 3.49772
6.02 3.49322
6.03 3.4867
6.04 3.48184
6.05 3.48069
6.06 3.47979
6.07 3.47578
6.08 3.46926
6.09 3.45362
6.1 3.43337
6.11 3.44086
6.12 3.45757
6.13 3.46084
6.14 3.46423
6.15 3.47594
6.16 3.48907
6.17 3.49342
6.18 3.48695
6.19 3.47963
6.2 3.48129
6.21 3.48709
6.22 3.48629
6.23 3.47593
6.24 3.46435
6.25 3.45761
6.26 3.44921
6.27 3.44334
6.28 3.44941
6.29 3.46392
6.3 3.47683
6.31 3.48086
6.32 3.47724
6.33 3.46913
6.34 3.4546
6.35 3.43458
6.36 3.43044
6.37 3.44491
6.38 3.44419
6.39 3.41045
6.4 3.39566
6.41 3.4242
6.42 3.42982
6.43 3.41721
6.44 3.42197
6.45 3.4471
6.46 3.47157
6.47 3.48271
6.48 3.47439
6.49 3.43788
6.5 3.37738
6.51 3.35914
6.52 3.41332
6.53 3.47545
6.54 3.50413
6.55 3.50479
6.56 3.48864
6.57 3.46165
6.58 3.43386
6.59 3.42144
6.6 3.42398
6.61 3.42312
6.62 3.4087
6.63 3.39166
6.64 3.39038
6.65 3.40039
6.66 3.41992
6.67 3.4533
6.68 3.48115
6.69 3.48538
6.7 3.46528
6.71 3.44976
6.72 3.46111
6.73 3.47462
6.74 3.47653
6.75 3.47114
6.76 3.4633
6.77 3.45712
6.78 3.45368
6.79 3.45296
6.8 3.45841
6.81 3.46686
6.82 3.46825
6.83 3.46023
6.84 3.44709
6.85 3.4313
6.86 3.42495
6.87 3.44401
6.88 3.46938
6.89 3.48564
6.9 3.49515
6.91 3.50013
6.92 3.50241
6.93 3.5043
6.94 3.50632
6.95 3.50509
6.96 3.49414
6.97 3.46942
6.98 3.43872
6.99 3.42019
7 3.4165
7.01 3.41314
7.02 3.412
7.03 3.42486
7.04 3.44346
7.05 3.45053
7.06 3.44146
7.07 3.43431
7.08 3.44602
7.09 3.46274
7.1 3.4724
7.11 3.47937
7.12 3.48744
7.13 3.49216
7.14 3.48606
7.15 3.46764
7.16 3.4488
7.17 3.44381
7.18 3.44883
7.19 3.4556
7.2 3.46803
7.21 3.48735
7.22 3.50195
7.23 3.50442
7.24 3.49612
7.25 3.48
7.26 3.46016
7.27 3.44472
7.28 3.43542
7.29 3.41274
7.3 3.3737
7.31 3.39398
7.32 3.45117
7.33 3.47539
7.34 3.47458
7.35 3.46736
7.36 3.46189
7.37 3.45857
7.38 3.45377
7.39 3.43814
7.4 3.41646
7.41 3.41458
7.42 3.43526
7.43 3.45669
7.44 3.46562
7.45 3.4581
7.46 3.4324
7.47 3.39831
7.48 3.382
7.49 3.39389
7.5 3.41861
7.51 3.43221
7.52 3.42896
7.53 3.43473
7.54 3.45019
7.55 3.45342
7.56 3.44642
7.57 3.43971
7.58 3.43627
7.59 3.43463
7.6 3.4328
7.61 3.41344
7.62 3.37205
7.63 3.37787
7.64 3.41067
7.65 3.41967
7.66 3.42241
7.67 3.43293
7.68 3.44554
7.69 3.45046
7.7 3.4498
7.71 3.45499
7.72 3.47012
7.73 3.48582
7.74 3.4922
7.75 3.48585
7.76 3.46869
7.77 3.443
7.78 3.41214
7.79 3.39667
7.8 3.41099
7.81 3.43607
7.82 3.45388
7.83 3.46286
7.84 3.46803
7.85 3.46869
7.86 3.45298
7.87 3.40841
7.88 3.36649
7.89 3.36174
7.9 3.38161
7.91 3.4172
7.92 3.44121
7.93 3.45838
7.94 3.48193
7.95 3.50818
7.96 3.52756
7.97 3.53619
7.98 3.53534
7.99 3.52589
8 3.50598
8.01 3.47952
8.02 3.46708
8.03 3.47307
8.04 3.47115
8.05 3.45016
8.06 3.44035
8.07 3.46765
8.08 3.50122
8.09 3.52168
8.1 3.53216
8.11 3.53064
8.12 3.51461
8.13 3.49008
8.14 3.47008
8.15 3.45765
8.16 3.44749
8.17 3.4476
8.18 3.46572
8.19 3.4933
8.2 3.5144
8.21 3.51173
8.22 3.48906
8.23 3.48864
8.24 3.50873
8.25 3.51002
8.26 3.4766
8.27 3.39389
8.28 3.30913
8.29 3.33483
8.3 3.41128
8.31 3.46314
8.32 3.49369
8.33 3.51199
8.34 3.51949
8.35 3.5188
8.36 3.51503
8.37 3.50991
8.38 3.50039
8.39 3.48557
8.4 3.47132
8.41 3.46513
8.42 3.46794
8.43 3.4731
8.44 3.47313
8.45 3.46683
8.46 3.46136
8.47 3.46534
8.48 3.47889
8.49 3.49488
8.5 3.50674
8.51 3.51028
8.52 3.50177
8.53 3.47862
8.54 3.44535
8.55 3.41647
8.56 3.4032
8.57 3.40299
8.58 3.40808
8.59 3.41859
8.6 3.44189
8.61 3.47705
8.62 3.512
8.63 3.53192
8.64 3.52667
8.65 3.49303
8.66 3.44478
8.67 3.41292
8.68 3.40396
8.69 3.39779
8.7 3.38856
8.71 3.38886
8.72 3.41094
8.73 3.43484
8.74 3.43899
8.75 3.4371
8.76 3.44564
8.77 3.45777
8.78 3.46347
8.79 3.46551
8.8 3.46992
8.81 3.47523
8.82 3.47348
8.83 3.45535
8.84 3.42013
8.85 3.39269
8.86 3.39511
8.87 3.40949
8.88 3.41785
8.89 3.41854
8.9 3.41215
8.91 3.40182
8.92 3.39682
8.93 3.40487
8.94 3.42612
8.95 3.44861
8.96 3.46033
8.97 3.46022
8.98 3.45394
8.99 3.44866
9 3.44724
9.01 3.44736
9.02 3.44668
9.03 3.44425
9.04 3.43941
9.05 3.43239
9.06 3.42515
9.07 3.42057
9.08 3.42073
9.09 3.42589
9.1 3.43436
9.11 3.44334
9.12 3.45041
9.13 3.45442
9.14 3.4553
9.15 3.45373
9.16 3.4509
9.17 3.44697
9.18 3.43974
9.19 3.42851
9.2 3.42107
9.21 3.42553
9.22 3.43828
9.23 3.45135
9.24 3.45906
9.25 3.45952
9.26 3.45543
9.27 3.45211
9.28 3.45364
9.29 3.4597
9.3 3.46705
9.31 3.47339
9.32 3.47866
9.33 3.48201
9.34 3.47875
9.35 3.46153
9.36 3.42171
9.37 3.35168
9.38 3.30179
9.39 3.33585
9.4 3.37172
9.41 3.39421
9.42 3.42065
9.43 3.44159
9.44 3.45295
9.45 3.45788
9.46 3.45953
9.47 3.45609
9.48 3.4403
9.49 3.41339
9.5 3.38736
9.51 3.36728
9.52 3.36517
9.53 3.40316
9.54 3.45073
9.55 3.47532
9.56 3.48303
9.57 3.48392
9.58 3.48195
9.59 3.47672
9.6 3.46531
9.61 3.44675
9.62 3.4293
9.63 3.42328
9.64 3.4256
9.65 3.43198
9.66 3.44423
9.67 3.45886
9.68 3.4683
9.69 3.46963
9.7 3.4643
9.71 3.45346
9.72 3.44027
9.73 3.434
9.74 3.44475
9.75 3.46813
9.76 3.48807
9.77 3.49997
9.78 3.50971
9.79 3.51885
9.8 3.52352
9.81 3.52056
9.82 3.5103
9.83 3.49668
9.84 3.4833
9.85 3.46682
9.86 3.44037
9.87 3.41083
9.88 3.4041
9.89 3.42327
9.9 3.44469
9.91 3.45576
9.92 3.44893
9.93 3.42047
9.94 3.41068
9.95 3.44892
9.96 3.48107
9.97 3.46596
9.98 3.40809
9.99 3.38235
10 3.44263
10.01 3.50747
10.02 3.53249
10.03 3.53159
10.04 3.52047
10.05 3.50839
10.06 3.50055
10.07 3.49563
10.08 3.48413
10.09 3.45785
10.1 3.42315
10.11 3.39746
10.12 3.39391
10.13 3.41925
10.14 3.44915
10.15 3.459
10.16 3.45988
10.17 3.46508
10.18 3.46615
10.19 3.45699
10.2 3.45191
10.21 3.45476
10.22 3.4554
10.23 3.45316
10.24 3.45104
10.25 3.44783
10.26 3.43988
10.27 3.42857
10.28 3.42336
10.29 3.4292
10.3 3.44165
10.31 3.45648
10.32 3.46912
10.33 3.47459
10.34 3.47108
10.35 3.46135
10.36 3.45187
10.37 3.44443
10.38 3.43138
10.39 3.40922
10.4 3.39367
10.41 3.40317
10.42 3.4271
10.43 3.44237
10.44 3.43901
10.45 3.42469
10.46 3.41656
10.47 3.42215
10.48 3.44032
10.49 3.46293
10.5 3.47949
10.51 3.48826
10.52 3.49116
10.53 3.48619
10.54 3.46718
10.55 3.42974
10.56 3.38461
10.57 3.36463
10.58 3.38637
10.59 3.4245
10.6 3.45433
10.61 3.47122
10.62 3.48033
10.63 3.49248
10.64 3.51071
10.65 3.52556
10.66 3.52928
10.67 3.5178
10.68 3.48221
10.69 3.4061
10.7 3.33513
10.71 3.35773
10.72 3.40073
10.73 3.43377
10.74 3.45091
10.75 3.44665
10.76 3.43238
10.77 3.41995
10.78 3.41417
10.79 3.41002
10.8 3.3987
10.81 3.39554
10.82 3.42502
10.83 3.47298
10.84 3.51037
10.85 3.53035
10.86 3.53844
10.87 3.53947
10.88 3.53506
10.89 3.5243
10.9 3.50585
10.91 3.48443
10.92 3.47349
10.93 3.47794
10.94 3.48522
10.95 3.48249
10.96 3.47092
10.97 3.46003
10.98 3.44549
10.99 3.42821
11 3.42868
11.01 3.43588
11.02 3.4316
11.03 3.42237
11.04 3.42177
11.05 3.43461
11.06 3.45291
11.07 3.46971
11.08 3.48686
11.09 3.50396
11.1 3.5133
11.11 3.50545
11.12 3.47557
11.13 3.44049
11.14 3.43926
11.15 3.4682
11.16 3.4874
11.17 3.48222
11.18 3.4637
11.19 3.45102
11.2 3.45433
11.21 3.46801
11.22 3.48081
11.23 3.4871
11.24 3.48972
11.25 3.49211
11.26 3.49053
11.27 3.48549
11.28 3.48947
11.29 3.50381
11.3 3.51401
11.31 3.50998
11.32 3.48715
11.33 3.44392
11.34 3.40353
11.35 3.40859
11.36 3.44052
11.37 3.4636
11.38 3.47371
11.39 3.47643
11.4 3.48148
11.41 3.49394
11.42 3.50766
11.43 3.51563
11.44 3.51699
11.45 3.51372
11.46 3.50698
11.47 3.49635
11.48 3.48066
11.49 3.45955
11.5 3.43447
11.51 3.41368
11.52 3.41482
11.53 3.43397
11.54 3.43983
11.55 3.42607
11.56 3.43083
11.57 3.45416
11.58 3.46339
11.59 3.46158
11.6 3.46257
11.61 3.46879
11.62 3.47303
11.63 3.46932
11.64 3.4575
11.65 3.43836
11.66 3.41799
11.67 3.42587
11.68 3.46217
11.69 3.4912
11.7 3.50028
11.71 3.48597
11.72 3.4487
11.73 3.41759
11.74 3.41482
11.75 3.41254
11.76 3.3979
11.77 3.37453
11.78 3.34814
11.79 3.34404
11.8 3.38299
11.81 3.4324
11.82 3.45597
11.83 3.46145
11.84 3.47575
11.85 3.50092
11.86 3.52127
11.87 3.52749
11.88 3.51449
11.89 3.48163
11.9 3.44669
11.91 3.43907
11.92 3.4593
11.93 3.47344
11.94 3.45747
11.95 3.44858
11.96 3.45535
11.97 3.4243
11.98 3.38952
11.99 3.41298
12 3.45988
12.01 3.48656
12.02 3.49123
12.03 3.48446
12.04 3.46692
12.05 3.43816
12.06 3.43998
12.07 3.48789
12.08 3.52755
12.09 3.53756
12.1 3.52642
12.11 3.51473
12.12 3.51468
12.13 3.51286
12.14 3.50489
12.15 3.50752
12.16 3.51763
12.17 3.51108
12.18 3.47705
12.19 3.40977
12.2 3.32438
12.21 3.30861
12.22 3.38109
12.23 3.46121
12.24 3.50408
12.25 3.5044
12.26 3.48554
12.27 3.48103
12.28 3.49287
12.29 3.50271
12.3 3.50599
12.31 3.50381
12.32 3.49578
12.33 3.48311
12.34 3.47164
12.35 3.46632
12.36 3.46594
12.37 3.47086
12.38 3.48594
12.39 3.50371
12.4 3.51146
12.41 3.50706
12.42 3.49606
12.43 3.48455
12.44 3.47103
12.45 3.45414
12.46 3.44702
12.47 3.45872
12.48 3.47769
12.49 3.49068
12.5 3.49483
12.51 3.49369
12.52 3.49154
12.53 3.48703
12.54 3.47631
12.55 3.46614
12.56 3.46918
12.57 3.48344
12.58 3.49871
12.59 3.50997
12.6 3.51766
12.61 3.52359
12.62 3.52767
12.63 3.52843
12.64 3.52487
12.65 3.51675
12.66 3.50192
12.67 3.47338
12.68 3.43647
12.69 3.42824
12.7 3.44357
12.71 3.45024
12.72 3.45376
12.73 3.46826
12.74 3.47996
12.75 3.4729
12.76 3.47139
12.77 3.50473
12.78 3.53839
12.79 3.54571
12.8 3.53065
12.81 3.50356
12.82 3.47385
12.83 3.44553
12.84 3.43032
12.85 3.44357
12.86 3.47688
12.87 3.51163
12.88 3.53747
12.89 3.54955
12.9 3.54597
12.91 3.53023
12.92 3.51616
12.93 3.51272
12.94 3.50901
12.95 3.49575
12.96 3.47828
12.97 3.46936
12.98 3.47163
12.99 3.47552
13 3.4778
13.01 3.48646
13.02 3.50219
13.03 3.51554
13.04 3.52626
13.05 3.53731
13.06 3.54381
13.07 3.53784
13.08 3.51622
13.09 3.48756
13.1 3.4746
13.11 3.4926
13.12 3.52698
13.13 3.55297
13.14 3.56464
13.15 3.57061
13.16 3.57475
13.17 3.56955
13.18 3.54597
13.19 3.50625
13.2 3.4669
13.21 3.44905
13.22 3.46117
13.23 3.48467
13.24 3.50126
13.25 3.51349
13.26 3.52278
13.27 3.5194
13.28 3.50567
13.29 3.49741
13.3 3.49642
13.31 3.50832
13.32 3.5364
13.33 3.55688
13.34 3.55016
13.35 3.50728
13.36 3.4502
13.37 3.45521
13.38 3.47715
13.39 3.44892
13.4 3.42004
13.41 3.4326
13.42 3.45863
13.43 3.48086
13.44 3.49235
13.45 3.50071
13.46 3.51898
13.47 3.5407
13.48 3.54952
13.49 3.53173
13.5 3.47638
13.51 3.41043
13.52 3.40194
13.53 3.42712
13.54 3.45353
13.55 3.47498
13.56 3.47348
13.57 3.43804
13.58 3.42616
13.59 3.4537
13.6 3.43688
13.61 3.39016
13.62 3.41737
13.63 3.48322
13.64 3.51385
13.65 3.51084
13.66 3.49227
13.67 3.47002
13.68 3.44928
13.69 3.43084
13.7 3.41378
13.71 3.39861
13.72 3.40118
13.73 3.43402
13.74 3.47262
13.75 3.49154
13.76 3.49437
13.77 3.50681
13.78 3.52857
13.79 3.53585
13.8 3.52016
13.81 3.49434
13.82 3.48306
13.83 3.48671
13.84 3.48887
13.85 3.4829
13.86 3.47132
13.87 3.4622
13.88 3.46087
13.89 3.46479
13.9 3.46857
13.91 3.4692
13.92 3.46851
13.93 3.46404
13.94 3.45271
13.95 3.44516
13.96 3.44493
13.97 3.45257
13.98 3.47231
13.99 3.50134
14 3.53202
14.01 3.55571
14.02 3.56098
14.03 3.54056
14.04 3.51791
14.05 3.5269
14.06 3.54651
14.07 3.55406
14.08 3.5524
14.09 3.54609
14.1 3.5373
14.11 3.52841
14.12 3.52273
14.13 3.52419
14.14 3.52981
14.15 3.52176
14.16 3.48106
14.17 3.44079
14.18 3.45246
14.19 3.48478
14.2 3.5056
14.21 3.51451
14.22 3.52243
14.23 3.53682
14.24 3.55223
14.25 3.56107
14.26 3.5628
14.27 3.56073
14.28 3.55767
14.29 3.5526
14.3 3.53951
14.31 3.51131
14.32 3.4712
14.33 3.43986
14.34 3.43181
14.35 3.44222
14.36 3.46442
14.37 3.49338
14.38 3.52191
14.39 3.53759
14.4 3.52946
14.41 3.49987
14.42 3.4735
14.43 3.47095
14.44 3.48195
14.45 3.50278
14.46 3.5366
14.47 3.56763
14.48 3.5829
14.49 3.57737
14.5 3.54372
14.51 3.48661
14.52 3.44687
14.53 3.45429
14.54 3.49423
14.55 3.52949
14.56 3.5408
14.57 3.53727
14.58 3.53143
14.59 3.52759
14.6 3.52341
14.61 3.51639
14.62 3.50748
14.63 3.4977
14.64 3.48515
14.65 3.4736
14.66 3.47397
14.67 3.48463
14.68 3.49444
14.69 3.50045
14.7 3.50508
14.71 3.51169
14.72 3.52159
14.73 3.53135
14.74 3.53496
14.75 3.5267
14.76 3.5045
14.77 3.48018
14.78 3.47756
14.79 3.49478
14.8 3.50672
14.81 3.50712
14.82 3.50779
14.83 3.51426
14.84 3.52193
14.85 3.52704
14.86 3.52757
14.87 3.52212
14.88 3.51209
14.89 3.50194
14.9 3.4963
14.91 3.49679
14.92 3.50026
14.93 3.50164
14.94 3.49927
14.95 3.4973
14.96 3.50139
14.97 3.51129
14.98 3.52234
14.99 3.53151
15 3.53833
15.01 3.54199
15.02 3.53934
15.03 3.5261
15.04 3.49967
15.05 3.46274
15.06 3.42996
15.07 3.42012
15.08 3.43491
15.09 3.46027
15.1 3.47023
15.11 3.45522
15.12 3.45006
15.13 3.46773
15.14 3.48068
15.15 3.4858
15.16 3.4913
15.17 3.50047
15.18 3.51135
15.19 3.5198
15.2 3.52312
15.21 3.5195
15.22 3.50475
15.23 3.47356
15.24 3.43105
15.25 3.40366
15.26 3.40179
15.27 3.40214
15.28 3.44918
15.29 3.49706
15.3 3.50514
15.31 3.47628
15.32 3.42804
15.33 3.43557
15.34 3.47408
15.35 3.47293
15.36 3.41288
15.37 3.34616
15.38 3.40126
15.39 3.47239
15.4 3.48516
15.41 3.47005
15.42 3.45126
15.43 3.43789
15.44 3.43285
15.45 3.44447
15.46 3.47116
15.47 3.48864
15.48 3.48974
15.49 3.48165
15.5 3.47015
15.51 3.4592
15.52 3.45403
15.53 3.4603
15.54 3.47561
15.55 3.48665
15.56 3.48113
15.57 3.46165
15.58 3.44436
15.59 3.43671
15.6 3.43252
15.61 3.44366
15.62 3.47131
15.63 3.48971
15.64 3.49397
15.65 3.49063
15.66 3.48344
15.67 3.47536
15.68 3.47196
15.69 3.47666
15.7 3.48789
15.71 3.5005
15.72 3.50697
15.73 3.49793
15.74 3.46929
15.75 3.44045
15.76 3.44122
15.77 3.46644
15.78 3.49105
15.79 3.5025
15.8 3.48442
15.81 3.41761
15.82 3.3973
15.83 3.46427
15.84 3.49302
15.85 3.49345
15.86 3.49641
15.87 3.50509
15.88 3.50404
15.89 3.48126
15.9 3.4363
15.91 3.39878
15.92 3.43628
15.93 3.5045
15.94 3.53945
15.95 3.54748
15.96 3.53971
15.97 3.52336
15.98 3.50794
15.99 3.5023
16 3.50387
16.01 3.50223
16.02 3.49143
16.03 3.4734
16.04 3.45726
16.05 3.43087
16.06 3.3866
16.07 3.40359
16.08 3.44805
16.09 3.48145
16.1 3.50741
16.11 3.52201
16.12 3.52543
16.13 3.52336
16.14 3.51946
16.15 3.51289
16.16 3.51097
16.17 3.5205
16.18 3.52701
16.19 3.51919
16.2 3.50346
16.21 3.49272
16.22 3.49216
16.23 3.49551
16.24 3.49572
16.25 3.49317
16.26 3.49582
16.27 3.50862
16.28 3.52253
16.29 3.52626
16.3 3.51742
16.31 3.50161
16.32 3.48877
16.33 3.48618
16.34 3.4921
16.35 3.49923
16.36 3.5051
16.37 3.50896
16.38 3.50611
16.39 3.50289
16.4 3.51295
16.41 3.53043
16.42 3.54263
16.43 3.5452
16.44 3.53808
16.45 3.52313
16.46 3.50699
16.47 3.49843
16.48 3.4941
16.49 3.48869
16.5 3.48842
16.51 3.49365
16.52 3.49178
16.53 3.47343
16.54 3.46239
16.55 3.48094
16.56 3.4996
16.57 3.50462
16.58 3.50711
16.59 3.51069
16.6 3.50538
16.61 3.4936
16.62 3.49898
16.63 3.51631
16.64 3.51825
16.65 3.50862
16.66 3.50926
16.67 3.51807
16.68 3.51875
16.69 3.50342
16.7 3.50087
16.71 3.52673
16.72 3.54154
16.73 3.53296
16.74 3.51845
16.75 3.50982
16.76 3.49869
16.77 3.48622
16.78 3.49328
16.79 3.52269
16.8 3.55329
16.81 3.57294
16.82 3.58136
16.83 3.58174
16.84 3.57704
16.85 3.56894
16.86 3.55776
16.87 3.54268
16.88 3.52244
16.89 3.49682
16.9 3.46542
16.91 3.43015
16.92 3.41587
16.93 3.44772
16.94 3.49609
16.95 3.52622
16.96 3.53625
16.97 3.53727
16.98 3.53378
16.99 3.51931
17 3.49623
17.01 3.48545
17.02 3.4964
17.03 3.51499
17.04 3.52659
17.05 3.52802
17.06 3.52259
17.07 3.51547
17.08 3.50915
17.09 3.5003
17.1 3.48513
17.11 3.46489
17.12 3.44685
17.13 3.44661
17.14 3.46725
17.15 3.47924
17.16 3.46352
17.17 3.44263
17.18 3.44883
17.19 3.4758
17.2 3.49877
17.21 3.50262
17.22 3.49161
17.23 3.47429
17.24 3.45483
17.25 3.43942
17.26 3.43898
17.27 3.45773
17.28 3.48577
17.29 3.50897
17.3 3.52025
17.31 3.5197
17.32 3.50972
17.33 3.4931
17.34 3.47539
17.35 3.46515
17.36 3.46433
17.37 3.46417
17.38 3.45977
17.39 3.45949
17.4 3.47263
17.41 3.49394
17.42 3.51135
17.43 3.52088
17.44 3.52521
17.45 3.52757
17.46 3.52949
17.47 3.53055
17.48 3.52828
17.49 3.5174
17.5 3.49169
17.51 3.45751
17.52 3.43573
17.53 3.42254
17.54 3.40488
17.55 3.39191
17.56 3.39355
17.57 3.40512
17.58 3.41351
17.59 3.41434
17.6 3.42228
17.61 3.44736
17.62 3.47091
17.63 3.47153
17.64 3.4531
17.65 3.43778
17.66 3.44156
17.67 3.45805
17.68 3.4751
17.69 3.48927
17.7 3.49873
17.71 3.50051
17.72 3.49561
17.73 3.49052
17.74 3.49156
17.75 3.49817
17.76 3.50548
17.77 3.50998
17.78 3.51009
17.79 3.50497
17.8 3.49491
17.81 3.48138
17.82 3.4632
17.83 3.43719
17.84 3.4142
17.85 3.41682
17.86 3.44128
17.87 3.46643
17.88 3.47967
17.89 3.47402
17.9 3.45333
17.91 3.44206
17.92 3.4602
17.93 3.48747
17.94 3.50124
17.95 3.50203
17.96 3.49587
17.97 3.48529
17.98 3.47561
17.99 3.48181
18 3.50055
18.01 3.50941
18.02 3.50016
18.03 3.47901
18.04 3.45812
18.05 3.4452
18.06 3.43914
18.07 3.43835
18.08 3.44223
18.09 3.4461
18.1 3.44288
18.11 3.43622
18.12 3.43928
18.13 3.44754
18.14 3.44769
18.15 3.44094
18.16 3.43734
18.17 3.43766
18.18 3.43578
18.19 3.42804
18.2 3.40679
18.21 3.3628
18.22 3.3524
18.23 3.41982
18.24 3.47658
18.25 3.50224
18.26 3.51211
18.27 3.51287
18.28 3.50865
18.29 3.50458
18.3 3.50069
18.31 3.48987
18.32 3.46881
18.33 3.44209
18.34 3.41463
18.35 3.38251
18.36 3.34214
18.37 3.33054
18.38 3.38056
18.39 3.45054
18.4 3.49588
18.41 3.5128
18.42 3.51243
18.43 3.5064
18.44 3.50294
18.45 3.50261
18.46 3.50036
18.47 3.49346
18.48 3.48572
18.49 3.48421
18.5 3.49017
18.51 3.49662
18.52 3.49568
18.53 3.48164
18.54 3.45103
18.55 3.41827
18.56 3.41689
18.57 3.44921
18.58 3.48151
18.59 3.49154
18.6 3.48181
18.61 3.47104
18.62 3.47312
18.63 3.47976
18.64 3.48049
18.65 3.47457
18.66 3.4692
18.67 3.47116
18.68 3.47716
18.69 3.48005
18.7 3.47322
18.71 3.44936
18.72 3.41288
18.73 3.39104
18.74 3.40862
18.75 3.4492
18.76 3.47928
18.77 3.48195
18.78 3.4608
18.79 3.44689
18.8 3.45821
18.81 3.47258
18.82 3.47981
18.83 3.48549
18.84 3.49242
18.85 3.49892
18.86 3.50333
18.87 3.50542
18.88 3.50562
18.89 3.50449
18.9 3.5027
18.91 3.50103
18.92 3.49983
18.93 3.4982
18.94 3.49371
18.95 3.48435
18.96 3.47301
18.97 3.46755
18.98 3.47078
18.99 3.47689
19 3.47867
19.01 3.46967
19.02 3.44464
19.03 3.41136
19.04 3.39648
19.05 3.40801
19.06 3.42662
19.07 3.42725
19.08 3.40681
19.09 3.39018
19.1 3.40183
19.11 3.43733
19.12 3.47474
19.13 3.49842
19.14 3.50273
19.15 3.48777
19.16 3.4591
19.17 3.42905
19.18 3.40779
19.19 3.39504
19.2 3.3937
19.21 3.41184
19.22 3.43988
19.23 3.45576
19.24 3.44804
19.25 3.42395
19.26 3.40464
19.27 3.40696
19.28 3.42407
19.29 3.43473
19.3 3.42961
19.31 3.41644
19.32 3.4056
19.33 3.40149
19.34 3.4035
19.35 3.40613
19.36 3.40443
19.37 3.40263
19.38 3.40787
19.39 3.41318
19.4 3.40592
19.41 3.39693
19.42 3.40856
19.43 3.42806
19.44 3.43514
19.45 3.42953
19.46 3.42135
19.47 3.42114
19.48 3.42766
19.49 3.43126
19.5 3.42523
19.51 3.40788
19.52 3.39197
19.53 3.40304
19.54 3.42998
19.55 3.44311
19.56 3.43874
19.57 3.42889
19.58 3.42486
19.59 3.4258
19.6 3.42493
19.61 3.41894
19.62 3.41192
19.63 3.41326
19.64 3.41646
19.65 3.40982
19.66 3.41188
19.67 3.43603
19.68 3.46206
19.69 3.46878
19.7 3.4323
19.71 3.40071
19.72 3.46966
19.73 3.52194
19.74 3.53096
19.75 3.5232
19.76 3.50974
19.77 3.49595
19.78 3.48636
19.79 3.48411
19.8 3.48905
19.81 3.49802
19.82 3.507
19.83 3.51315
19.84 3.51564
19.85 3.51448
19.86 3.5092
19.87 3.49999
19.88 3.48837
19.89 3.47387
19.9 3.4537
19.91 3.43361
19.92 3.4303
19.93 3.44672
19.94 3.45639
19.95 3.42723
19.96 3.38685
19.97 3.38836
19.98 3.40545
19.99 3.40801
20 3.40942
20.01 3.43454
20.02 3.47267
20.03 3.50054
20.04 3.49158
20.05 3.40748
20.06 3.38427
20.07 3.46074
20.08 3.4823
20.09 3.4821
20.1 3.48851
20.11 3.50385
20.12 3.5179
20.13 3.52374
20.14 3.52072
20.15 3.51088
20.16 3.49714
20.17 3.48345
20.18 3.47567
20.19 3.47766
20.2 3.48507
20.21 3.4884
20.22 3.48178
20.23 3.46771
20.24 3.45557
20.25 3.45247
20.26 3.45469
20.27 3.45343
20.28 3.44793
20.29 3.43686
20.3 3.40868
20.31 3.40345
20.32 3.44364
20.33 3.47352
20.34 3.48188
20.35 3.47619
20.36 3.46
20.37 3.43623
20.38 3.40153
20.39 3.34026
20.4 3.31105
20.41 3.37158
20.42 3.4199
20.43 3.44001
20.44 3.4477
20.45 3.44742
20.46 3.44009
20.47 3.42844
20.48 3.41917
20.49 3.41532
20.5 3.40983
20.51 3.40489
20.52 3.41705
20.53 3.43833
20.54 3.44662
20.55 3.44834
20.56 3.45277
20.57 3.45946
20.58 3.47811
20.59 3.49912
20.6 3.50749
20.61 3.50213
20.62 3.48328
20.63 3.45166
20.64 3.42122
20.65 3.41488
20.66 3.43332
20.67 3.45582
20.68 3.4613
20.69 3.44527
20.7 3.44619
20.71 3.47708
20.72 3.49809
20.73 3.50264
20.74 3.50044
20.75 3.49401
20.76 3.48082
20.77 3.4643
20.78 3.45765
20.79 3.4686
20.8 3.48774
20.81 3.50157
20.82 3.50676
20.83 3.51006
20.84 3.51713
20.85 3.52071
20.86 3.50735
20.87 3.47574
20.88 3.44994
20.89 3.45038
20.9 3.46148
20.91 3.47689
20.92 3.49956
20.93 3.51868
20.94 3.52839
20.95 3.52991
20.96 3.5235
20.97 3.50525
20.98 3.47477
20.99 3.45938
21 3.47811
21.01 3.49874
21.02 3.505
21.03 3.50485
21.04 3.50619
21.05 3.51055
21.06 3.51546
21.07 3.51901
21.08 3.52155
21.09 3.52301
21.1 3.51938
21.11 3.50634
21.12 3.48784
21.13 3.47639
21.14 3.47926
21.15 3.49134
21.16 3.50357
21.17 3.50955
21.18 3.50757
21.19 3.50165
21.2 3.49804
21.21 3.4974
21.22 3.49375
21.23 3.48264
21.24 3.4703
21.25 3.47148
21.26 3.4884
21.27 3.50525
21.28 3.51119
21.29 3.51303
21.3 3.52256
21.31 3.53831
21.32 3.55129
21.33 3.55515
21.34 3.54665
21.35 3.52483
21.36 3.49222
21.37 3.46463
21.38 3.46978
21.39 3.50246
21.4 3.53166
21.41 3.54534
21.42 3.54536
21.43 3.53472
21.44 3.51062
21.45 3.4634
21.46 3.44962
21.47 3.51312
21.48 3.5555
21.49 3.55975
21.5 3.55116
21.51 3.55176
21.52 3.56605
21.53 3.57911
21.54 3.5785
21.55 3.56042
21.56 3.53183
21.57 3.51134
21.58 3.49722
21.59 3.46783
21.6 3.41775
21.61 3.36242
21.62 3.33055
21.63 3.33631
21.64 3.36592
21.65 3.41059
21.66 3.4686
21.67 3.51847
21.68 3.54132
21.69 3.53785
21.7 3.51384
21.71 3.47845
21.72 3.45946
21.73 3.47522
21.74 3.50396
21.75 3.52155
21.76 3.52883
21.77 3.53416
21.78 3.53843
21.79 3.53888
21.8 3.53438
21.81 3.52622
21.82 3.51697
21.83 3.50753
21.84 3.49615
21.85 3.48621
21.86 3.48619
21.87 3.48984
21.88 3.48216
21.89 3.46132
21.9 3.44085
21.91 3.4379
21.92 3.45318
21.93 3.47199
21.94 3.48605
21.95 3.49672
21.96 3.5048
21.97 3.50877
21.98 3.50806
21.99 3.50334
22 3.4955
22.01 3.4853
22.02 3.47325
22.03 3.45944
22.04 3.44339
22.05 3.42469
22.06 3.40347
22.07 3.38148
22.08 3.37361
22.09 3.39632
22.1 3.42617
22.11 3.44207
22.12 3.45065
22.13 3.46098
22.14 3.4736
22.15 3.48251
22.16 3.4846
22.17 3.48548
22.18 3.4902
22.19 3.49563
22.2 3.49736
22.21 3.49465
22.22 3.48839
22.23 3.47977
22.24 3.47218
22.25 3.47162
22.26 3.47874
22.27 3.48511
22.28 3.48498
22.29 3.48118
22.3 3.47743
22.31 3.4728
22.32 3.46679
22.33 3.4618
22.34 3.45792
22.35 3.45014
22.36 3.43725
22.37 3.43026
22.38 3.43641
22.39 3.45112
22.4 3.46567
22.41 3.47281
22.42 3.47519
22.43 3.47808
22.44 3.47986
22.45 3.47514
22.46 3.46405
22.47 3.45865
22.48 3.47247
22.49 3.49851
22.5 3.52074
22.51 3.53464
22.52 3.54195
22.53 3.54259
22.54 3.53404
22.55 3.51136
22.56 3.46403
22.57 3.37777
22.58 3.28707
22.59 3.3193
22.6 3.44227
22.61 3.52448
22.62 3.56278
22.63 3.576
22.64 3.56247
22.65 3.51107
22.66 3.44781
22.67 3.43787
22.68 3.4506
22.69 3.44483
22.7 3.43211
22.71 3.44534
22.72 3.47839
22.73 3.50604
22.74 3.51735
22.75 3.51615
22.76 3.51094
22.77 3.51347
22.78 3.51577
22.79 3.49158
22.8 3.43829
22.81 3.41203
22.82 3.44574
22.83 3.47806
22.84 3.48752
22.85 3.49238
22.86 3.50387
22.87 3.50955
22.88 3.50107
22.89 3.48203
22.9 3.45496
22.91 3.42575
22.92 3.43394
22.93 3.48221
22.94 3.51234
22.95 3.50867
22.96 3.48135
22.97 3.44032
22.98 3.40442
22.99 3.4013
23 3.41177
23.01 3.41724
23.02 3.43885
23.03 3.4797
23.04 3.51628
23.05 3.53219
23.06 3.53108
23.07 3.51959
23.08 3.50426
23.09 3.49394
23.1 3.48751
23.11 3.47026
23.12 3.43816
23.13 3.41807
23.14 3.4383
23.15 3.47806
23.16 3.50596
23.17 3.51685
23.18 3.51652
23.19 3.5104
23.2 3.50448
23.21 3.50576
23.22 3.51805
23.23 3.53711
23.24 3.55199
23.25 3.55403
23.26 3.54298
23.27 3.52791
23.28 3.5213
23.29 3.52484
23.3 3.52822
23.31 3.51904
23.32 3.49602
23.33 3.49278
23.34 3.5233
23.35 3.5485
23.36 3.55205
23.37 3.54034
23.38 3.524
23.39 3.51435
23.4 3.51644
23.41 3.52574
23.42 3.53297
23.43 3.53109
23.44 3.52942
23.45 3.53772
23.46 3.53798
23.47 3.53188
23.48 3.54815
23.49 3.58062
23.5 3.60322
23.51 3.60845
23.52 3.59967
23.53 3.58198
23.54 3.56068
23.55 3.54131
23.56 3.52811
23.57 3.51985
23.58 3.51019
23.59 3.49931
23.6 3.49787
23.61 3.51705
23.62 3.54759
23.63 3.56175
23.64 3.55206
23.65 3.53177
23.66 3.51988
23.67 3.52576
23.68 3.54712
23.69 3.57016
23.7 3.58132
23.71 3.5804
23.72 3.57144
23.73 3.55563
23.74 3.5335
23.75 3.51113
23.76 3.49729
23.77 3.49001
23.78 3.48065
23.79 3.46928
23.8 3.46223
23.81 3.46435
23.82 3.47807
23.83 3.498
23.84 3.51357
23.85 3.51554
23.86 3.51248
23.87 3.52157
23.88 3.53425
23.89 3.53688
23.9 3.52784
23.91 3.50873
23.92 3.48357
23.93 3.46506
23.94 3.46359
23.95 3.46552
23.96 3.45736
23.97 3.45454
23.98 3.46835
23.99 3.48325
24 3.49787
24.01 3.51416
24.02 3.52415
24.03 3.52533
24.04 3.52787
24.05 3.53852
24.06 3.54697
24.07 3.54362
24.08 3.52816
24.09 3.5047
24.1 3.48103
24.11 3.46609
24.12 3.46296
24.13 3.46775
24.14 3.47501
24.15 3.48052
24.16 3.4817
24.17 3.47947
24.18 3.48141
24.19 3.49415
24.2 3.5098
24.21 3.51801
24.22 3.51836
24.23 3.5146
24.24 3.50842
24.25 3.50047
24.26 3.49711
24.27 3.50523
24.28 3.51859
24.29 3.5272
24.3 3.52815
24.31 3.52214
24.32 3.51066
24.33 3.49702
24.34 3.48624
24.35 3.48162
24.36 3.48467
24.37 3.49592
24.38 3.50955
24.39 3.51377
24.4 3.49227
24.41 3.43586
24.42 3.41475
24.43 3.44623
24.44 3.4565
24.45 3.45475
24.46 3.45364
24.47 3.44267
24.48 3.43125
24.49 3.43985
24.5 3.45762
24.51 3.47157
24.52 3.48312
24.53 3.49302
24.54 3.49857
24.55 3.49992
24.56 3.5018
24.57 3.50671
24.58 3.50872
24.59 3.49882
24.6 3.47508
24.61 3.44614
24.62 3.42956
24.63 3.43834
24.64 3.45319
24.65 3.45881
24.66 3.466
24.67 3.48079
24.68 3.49596
24.69 3.50514
24.7 3.50747
24.71 3.50347
24.72 3.49235
24.73 3.47008
24.74 3.42586
24.75 3.35516
24.76 3.31987
24.77 3.36804
24.78 3.43702
24.79 3.47706
24.8 3.49147
24.81 3.49433
24.82 3.49185
24.83 3.48567
24.84 3.47761
24.85 3.46903
24.86 3.45959
24.87 3.45063
24.88 3.44813
24.89 3.45733
24.9 3.47148
24.91 3.47889
24.92 3.4778
24.93 3.47429
24.94 3.47222
24.95 3.46908
24.96 3.46254
24.97 3.45557
24.98 3.45354
24.99 3.45891
25 3.46822
25.01 3.47418
25.02 3.47053
25.03 3.45563
25.04 3.43683
25.05 3.42386
25.06 3.41271
25.07 3.40279
25.08 3.41595
25.09 3.45443
25.1 3.48697
25.11 3.49825
25.12 3.49384
25.13 3.481
25.14 3.46324
25.15 3.44439
25.16 3.4313
25.17 3.42907
25.18 3.4374
25.19 3.45211
25.2 3.46632
25.21 3.47651
25.22 3.48425
25.23 3.48998
25.24 3.49175
25.25 3.48884
25.26 3.48059
25.27 3.46087
25.28 3.42738
25.29 3.41074
25.3 3.43288
25.31 3.46167
25.32 3.48009
25.33 3.49268
25.34 3.50216
25.35 3.50747
25.36 3.50745
25.37 3.50205
25.38 3.49189
25.39 3.48121
25.4 3.48147
25.41 3.49601
25.42 3.51108
25.43 3.51562
25.44 3.50689
25.45 3.48541
25.46 3.45687
25.47 3.4335
25.48 3.42248
25.49 3.41896
25.5 3.42414
25.51 3.44645
25.52 3.48104
25.53 3.51223
25.54 3.53167
25.55 3.53854
25.56 3.52935
25.57 3.49466
25.58 3.43086
25.59 3.37377
25.6 3.37409
25.61 3.41306
25.62 3.45023
25.63 3.47463
25.64 3.48709
25.65 3.4916
25.66 3.49189
25.67 3.48922
25.68 3.48331
25.69 3.47403
25.7 3.46403
25.71 3.45286
25.72 3.43177
25.73 3.40141
25.74 3.37772
25.75 3.38168
25.76 3.40373
25.77 3.40096
25.78 3.3819
25.79 3.4337
25.8 3.49998
25.81 3.52194
25.82 3.52075
25.83 3.51455
25.84 3.51152
25.85 3.51312
25.86 3.51696
25.87 3.52021
25.88 3.52082
25.89 3.51733
25.9 3.50897
25.91 3.49583
25.92 3.47711
25.93 3.45245
25.94 3.4341
25.95 3.43587
25.96 3.43873
25.97 3.43435
25.98 3.4564
25.99 3.48732
26 3.49573
26.01 3.49287
26.02 3.4927
26.03 3.48958
26.04 3.47565
26.05 3.4602
26.06 3.45249
26.07 3.44039
26.08 3.41421
26.09 3.39405
26.1 3.41547
26.11 3.46337
26.12 3.49465
26.13 3.49997
26.14 3.48566
26.15 3.45696
26.16 3.42602
26.17 3.42173
26.18 3.45894
26.19 3.5085
26.2 3.54192
26.21 3.5559
26.22 3.55608
26.23 3.54647
26.24 3.52908
26.25 3.50796
26.26 3.49056
26.27 3.48126
26.28 3.47637
26.29 3.47012
26.3 3.46187
26.31 3.45765
26.32 3.4668
26.33 3.48721
26.34 3.50054
26.35 3.49366
26.36 3.4707
26.37 3.4533
26.38 3.4556
26.39 3.46589
26.4 3.46878
26.41 3.46324
26.42 3.46374
26.43 3.47257
26.44 3.47944
26.45 3.48187
26.46 3.48035
26.47 3.47466
26.48 3.46589
26.49 3.45524
26.5 3.44078
26.51 3.42371
26.52 3.41108
26.53 3.40988
26.54 3.43044
26.55 3.46902
26.56 3.50305
26.57 3.52039
26.58 3.52307
26.59 3.51604
26.6 3.50369
26.61 3.49088
26.62 3.48141
26.63 3.4753
26.64 3.47052
26.65 3.46508
26.66 3.45649
26.67 3.44812
26.68 3.45178
26.69 3.46771
26.7 3.48402
26.71 3.49417
26.72 3.49474
26.73 3.48171
26.74 3.44714
26.75 3.38085
26.76 3.3336
26.77 3.36372
26.78 3.41346
26.79 3.44187
26.8 3.45434
26.81 3.46367
26.82 3.46747
26.83 3.46148
26.84 3.45291
26.85 3.44817
26.86 3.44396
26.87 3.43935
26.88 3.43863
26.89 3.4474
26.9 3.47208
26.91 3.50099
26.92 3.51699
26.93 3.51749
26.94 3.50591
26.95 3.48653
26.96 3.46778
26.97 3.46144
26.98 3.46679
26.99 3.4678
27 3.45595
27.01 3.43868
27.02 3.42915
27.03 3.43429
27.04 3.44593
27.05 3.45276
27.06 3.46194
27.07 3.48362
27.08 3.5051
27.09 3.51499
27.1 3.51707
27.11 3.51888
27.12 3.52381
27.13 3.52891
27.14 3.52793
27.15 3.51329
27.16 3.47389
27.17 3.4126
27.18 3.39615
27.19 3.43055
27.2 3.45058
27.21 3.45749
27.22 3.46406
27.23 3.47061
27.24 3.47362
27.25 3.47191
27.26 3.46574
27.27 3.45824
27.28 3.45751
27.29 3.46046
27.3 3.45833
27.31 3.45846
27.32 3.46391
27.33 3.47141
27.34 3.4838
27.35 3.49648
27.36 3.50052
27.37 3.49223
27.38 3.47329
27.39 3.44662
27.4 3.42033
27.41 3.41841
27.42 3.44197
27.43 3.4606
27.44 3.46506
27.45 3.46385
27.46 3.46422
27.47 3.46836
27.48 3.47335
27.49 3.47608
27.5 3.47866
27.51 3.48292
27.52 3.48362
27.53 3.47758
27.54 3.47632
27.55 3.48501
27.56 3.48524
27.57 3.46448
27.58 3.4323
27.59 3.41327
27.6 3.40987
27.61 3.40723
27.62 3.41003
27.63 3.4167
27.64 3.42569
27.65 3.44155
27.66 3.45633
27.67 3.46315
27.68 3.46159
27.69 3.45187
27.7 3.42831
27.71 3.37591
27.72 3.29224
27.73 3.2525
27.74 3.33221
27.75 3.4229
27.76 3.46668
27.77 3.4786
27.78 3.47092
27.79 3.43809
27.8 3.37481
27.81 3.323
27.82 3.33109
27.83 3.40552
27.84 3.48629
27.85 3.52173
27.86 3.52465
27.87 3.51094
27.88 3.4907
27.89 3.47343
27.9 3.46243
27.91 3.45354
27.92 3.44104
27.93 3.42064
27.94 3.39754
27.95 3.38475
27.96 3.39731
27.97 3.44474
27.98 3.49193
27.99 3.50545
28 3.4869
28.01 3.44564
28.02 3.4017
28.03 3.38973
28.04 3.41355
28.05 3.43125
28.06 3.41363
28.07 3.36715
28.08 3.34355
28.09 3.38441
28.1 3.44663
28.11 3.47884
28.12 3.47203
28.13 3.45129
28.14 3.45365
28.15 3.45316
28.16 3.41354
28.17 3.39642
28.18 3.43723
28.19 3.46503
28.2 3.47125
28.21 3.47374
28.22 3.48133
28.23 3.49264
28.24 3.50032
28.25 3.49596
28.26 3.47453
28.27 3.44239
28.28 3.41085
28.29 3.38313
28.3 3.38397
28.31 3.42836
28.32 3.47672
28.33 3.49538
28.34 3.48551
28.35 3.4595
28.36 3.43247
28.37 3.4337
28.38 3.46216
28.39 3.48147
28.4 3.4911
28.41 3.50373
28.42 3.51326
28.43 3.50792
28.44 3.48345
28.45 3.44826
28.46 3.42864
28.47 3.44076
28.48 3.46334
28.49 3.47478
28.5 3.47856
28.51 3.47138
28.52 3.4334
28.53 3.40379
28.54 3.44995
28.55 3.49252
28.56 3.49229
28.57 3.4648
28.58 3.43492
28.59 3.43379
28.6 3.45755
28.61 3.48261
28.62 3.49691
28.63 3.49977
28.64 3.48517
28.65 3.45076
28.66 3.43137
28.67 3.44552
28.68 3.458
28.69 3.4561
28.7 3.45055
28.71 3.44089
28.72 3.41845
28.73 3.40194
28.74 3.40823
28.75 3.42426
28.76 3.44597
28.77 3.46652
28.78 3.47819
28.79 3.47991
28.8 3.47159
28.81 3.45408
28.82 3.43453
28.83 3.42596
28.84 3.42951
28.85 3.43247
28.86 3.42838
28.87 3.42507
28.88 3.43631
28.89 3.45877
28.9 3.47796
28.91 3.48639
28.92 3.48366
28.93 3.47666
28.94 3.47693
28.95 3.48559
28.96 3.49309
28.97 3.49371
28.98 3.48717
28.99 3.47541
29 3.46327
29.01 3.45677
29.02 3.45785
29.03 3.46471
29.04 3.47533
29.05 3.48652
29.06 3.49397
29.07 3.49354
29.08 3.48214
29.09 3.46477
29.1 3.45958
29.11 3.47382
29.12 3.49058
29.13 3.49763
29.14 3.49783
29.15 3.49465
29.16 3.48311
29.17 3.46087
29.18 3.43901
29.19 3.43305
29.2 3.44029
29.21 3.42341
29.22 3.29937
29.23 3.30312
29.24 3.44603
29.25 3.49521
29.26 3.52034
29.27 3.53792
29.28 3.54825
29.29 3.55228
29.3 3.55107
29.31 3.54417
29.32 3.52819
29.33 3.49685
29.34 3.4519
29.35 3.42134
29.36 3.43943
29.37 3.48472
29.38 3.51157
29.39 3.51836
29.4 3.51788
29.41 3.51409
29.42 3.50314
29.43 3.48224
29.44 3.4574
29.45 3.44359
29.46 3.4489
29.47 3.45635
29.48 3.44937
29.49 3.44322
29.5 3.44474
29.51 3.44764
29.52 3.45174
29.53 3.43611
29.54 3.4211
29.55 3.47071
29.56 3.51814
29.57 3.53091
29.58 3.52682
29.59 3.51738
29.6 3.50779
29.61 3.497
29.62 3.48137
29.63 3.46482
29.64 3.45659
29.65 3.45575
29.66 3.45616
29.67 3.45999
29.68 3.47288
29.69 3.49123
29.7 3.5006
29.71 3.49134
29.72 3.47177
29.73 3.46318
29.74 3.46841
29.75 3.46742
29.76 3.45537
29.77 3.44889
29.78 3.45824
29.79 3.47475
29.8 3.48617
29.81 3.4868
29.82 3.47656
29.83 3.46455
29.84 3.46433
29.85 3.47254
29.86 3.47798
29.87 3.48012
29.88 3.48086
29.89 3.47567
29.9 3.4579
29.91 3.43684
29.92 3.4382
29.93 3.45985
29.94 3.48011
29.95 3.4912
29.96 3.49447
29.97 3.49225
29.98 3.48543
29.99 3.47464
30 3.46306
30.01 3.45532
30.02 3.45111
30.03 3.44544
30.04 3.43799
30.05 3.43652
30.06 3.44622
30.07 3.46302
30.08 3.47959
30.09 3.49087
30.1 3.49506
30.11 3.49213
30.12 3.48081
30.13 3.4558
30.14 3.42075
30.15 3.40984
30.16 3.42898
30.17 3.44571
30.18 3.45335
30.19 3.4571
30.2 3.46057
30.21 3.46505
30.22 3.46731
30.23 3.45902
30.24 3.42966
30.25 3.38533
30.26 3.37725
30.27 3.42159
30.28 3.46865
30.29 3.48978
30.3 3.48794
30.31 3.48374
30.32 3.48466
30.33 3.47104
30.34 3.43106
30.35 3.40218
30.36 3.40279
30.37 3.41791
30.38 3.44179
30.39 3.4541
30.4 3.44962
30.41 3.44309
30.42 3.4473
30.43 3.45354
30.44 3.45412
30.45 3.46739
30.46 3.48892
30.47 3.49032
30.48 3.46659
30.49 3.43454
30.5 3.42046
30.51 3.4341
30.52 3.45641
30.53 3.47198
30.54 3.48107
30.55 3.48888
30.56 3.4921
30.57 3.48206
30.58 3.45927
30.59 3.43314
30.6 3.40988
30.61 3.39529
30.62 3.40414
30.63 3.42462
30.64 3.43579
30.65 3.45237
30.66 3.47989
30.67 3.49802
30.68 3.49343
30.69 3.46947
30.7 3.45887
30.71 3.48284
30.72 3.50676
30.73 3.51043
30.74 3.50071
30.75 3.48179
30.76 3.44856
30.77 3.41162
30.78 3.40558
30.79 3.42497
30.8 3.43771
30.81 3.45562
30.82 3.48779
30.83 3.50939
30.84 3.51017
30.85 3.49343
30.86 3.4634
30.87 3.43263
30.88 3.42946
30.89 3.45835
30.9 3.49233
30.91 3.51711
30.92 3.53087
30.93 3.53551
30.94 3.53157
30.95 3.51681
30.96 3.49442
30.97 3.48079
30.98 3.48386
30.99 3.4918
31 3.49795
31.01 3.50145
31.02 3.49842
31.03 3.48783
31.04 3.48069
31.05 3.48754
31.06 3.49645
31.07 3.48576
31.08 3.452
31.09 3.41762
31.1 3.40203
31.11 3.42282
31.12 3.45986
31.13 3.48098
31.14 3.48862
31.15 3.49376
31.16 3.50123
31.17 3.50701
31.18 3.50225
31.19 3.4839
31.2 3.46845
31.21 3.4715
31.22 3.47601
31.23 3.46735
31.24 3.45535
31.25 3.45687
31.26 3.46827
31.27 3.47175
31.28 3.46145
31.29 3.44321
31.3 3.42315
31.31 3.42292
31.32 3.4576
31.33 3.49231
31.34 3.50551
31.35 3.49085
31.36 3.43347
31.37 3.35612
31.38 3.36856
31.39 3.43207
31.4 3.46104
31.41 3.4678
31.42 3.46535
31.43 3.45926
31.44 3.44904
31.45 3.42846
31.46 3.39912
31.47 3.38666
31.48 3.41767
31.49 3.46538
31.5 3.49992
31.51 3.52088
31.52 3.53158
31.53 3.53249
31.54 3.5242
31.55 3.50858
31.56 3.48922
31.57 3.4707
31.58 3.45664
31.59 3.44887
31.6 3.44973
31.61 3.46092
31.62 3.47483
31.63 3.47541
31.64 3.46465
31.65 3.47604
31.66 3.50159
31.67 3.51117
31.68 3.50896
31.69 3.50659
31.7 3.50649
31.71 3.50483
31.72 3.49998
31.73 3.49572
31.74 3.4955
31.75 3.49648
31.76 3.49304
31.77 3.48238
31.78 3.46687
31.79 3.45942
31.8 3.46949
31.81 3.48386
31.82 3.49164
31.83 3.4959
31.84 3.50036
31.85 3.50397
31.86 3.50311
31.87 3.49415
31.88 3.47522
31.89 3.44655
31.9 3.41493
31.91 3.39534
31.92 3.39799
31.93 3.42552
31.94 3.45763
31.95 3.47963
31.96 3.49139
31.97 3.49337
31.98 3.48845
31.99 3.48219
32 3.47962
32.01 3.4811
32.02 3.48263
32.03 3.47911
32.04 3.46616
32.05 3.44281
32.06 3.41457
32.07 3.38949
32.08 3.37772
32.09 3.39388
32.1 3.42968
32.11 3.45856
32.12 3.46962
32.13 3.46369
32.14 3.44483
32.15 3.42554
32.16 3.41466
32.17 3.40764
32.18 3.40441
32.19 3.40088
32.2 3.39403
32.21 3.40331
32.22 3.43712
32.23 3.46553
32.24 3.47295
32.25 3.46614
32.26 3.44958
32.27 3.41738
32.28 3.38291
32.29 3.38842
32.3 3.42397
32.31 3.43873
32.32 3.42551
32.33 3.43396
32.34 3.47279
32.35 3.5035
32.36 3.51571
32.37 3.51287
32.38 3.49652
32.39 3.4678
32.4 3.43503
32.41 3.41423
32.42 3.41411
32.43 3.4273
32.44 3.43863
32.45 3.44563
32.46 3.46073
32.47 3.48438
32.48 3.50435
32.49 3.51251
32.5 3.50696
32.51 3.48789
32.52 3.4668
32.53 3.46245
32.54 3.46093
32.55 3.4436
32.56 3.42928
32.57 3.43794
32.58 3.45889
32.59 3.47437
32.6 3.47585
32.61 3.46378
32.62 3.45157
32.63 3.45847
32.64 3.47636
32.65 3.48761
32.66 3.49289
32.67 3.49837
32.68 3.50462
32.69 3.50615
32.7 3.49207
32.71 3.44938
32.72 3.4113
32.73 3.43019
32.74 3.44892
32.75 3.43512
32.76 3.40918
32.77 3.39909
32.78 3.41586
32.79 3.4486
32.8 3.48147
32.81 3.50054
32.82 3.49844
32.83 3.48584
32.84 3.48571
32.85 3.49447
32.86 3.49565
32.87 3.48873
32.88 3.47824
32.89 3.46596
32.9 3.45497
32.91 3.45286
32.92 3.46273
32.93 3.47743
32.94 3.48911
32.95 3.4948
32.96 3.4952
32.97 3.49198
32.98 3.4832
32.99 3.47075
33 3.46906
33.01 3.46524
33.02 3.43626
33.03 3.41244
33.04 3.42804
33.05 3.45128
33.06 3.44036
33.07 3.39178
33.08 3.3732
33.09 3.43104
33.1 3.49475
33.11 3.51901
33.12 3.50318
33.13 3.46262
33.14 3.44055
33.15 3.45024
33.16 3.46762
33.17 3.47813
33.18 3.47346
33.19 3.45987
33.2 3.45467
33.21 3.468
33.22 3.49031
33.23 3.50805
33.24 3.51659
33.25 3.51668
33.26 3.51128
33.27 3.50435
33.28 3.49924
33.29 3.49716
33.3 3.49543
33.31 3.48344
33.32 3.4429
33.33 3.41731
33.34 3.46819
33.35 3.51029
33.36 3.51623
33.37 3.5034
33.38 3.48231
33.39 3.46262
33.4 3.45216
33.41 3.45021
33.42 3.45263
33.43 3.45642
33.44 3.45452
33.45 3.44306
33.46 3.4326
33.47 3.43642
33.48 3.44884
33.49 3.46159
33.5 3.47959
33.51 3.49728
33.52 3.50687
33.53 3.51079
33.54 3.51205
33.55 3.51179
33.56 3.51146
33.57 3.51287
33.58 3.51595
33.59 3.51565
33.6 3.50143
33.61 3.46309
33.62 3.41133
33.63 3.39003
33.64 3.41353
33.65 3.4332
33.66 3.44618
33.67 3.4694
33.68 3.46449
33.69 3.4214
33.7 3.40473
33.71 3.44806
33.72 3.48324
33.73 3.50284
33.74 3.52211
33.75 3.53414
33.76 3.52645
33.77 3.49893
33.78 3.4753
33.79 3.47635
33.8 3.4793
33.81 3.46333
33.82 3.44822
33.83 3.46524
33.84 3.50086
33.85 3.52537
33.86 3.53621
33.87 3.53801
33.88 3.53007
33.89 3.51078
33.9 3.48305
33.91 3.45796
33.92 3.44361
33.93 3.43427
33.94 3.43649
33.95 3.46348
33.96 3.48942
33.97 3.48698
33.98 3.47834
33.99 3.50032
34 3.52878
34.01 3.53946
34.02 3.53395
34.03 3.51374
34.04 3.48699
34.05 3.47188
34.06 3.46802
34.07 3.46431
34.08 3.46559
34.09 3.48068
34.1 3.49342
34.11 3.49133
34.12 3.48071
34.13 3.46745
34.14 3.45282
34.15 3.43537
34.16 3.41692
34.17 3.41806
34.18 3.45085
34.19 3.48701
34.2 3.50404
34.21 3.50227
34.22 3.48716
34.23 3.47102
34.24 3.46976
34.25 3.48241
34.26 3.4927
34.27 3.49411
34.28 3.49604
34.29 3.4989
34.3 3.49528
34.31 3.48939
34.32 3.48799
34.33 3.48826
34.34 3.48189
34.35 3.4639
34.36 3.43871
34.37 3.42105
34.38 3.41905
34.39 3.42329
34.4 3.42709
34.41 3.4343
34.42 3.44441
34.43 3.45255
34.44 3.45918
34.45 3.46615
34.46 3.47006
34.47 3.46507
34.48 3.45093
34.49 3.43902
34.5 3.4425
34.51 3.45479
34.52 3.45857
34.53 3.44757
34.54 3.43232
34.55 3.42413
34.56 3.41763
34.57 3.41282
34.58 3.41923
34.59 3.43384
34.6 3.4463
34.61 3.45224
34.62 3.45198
34.63 3.44561
34.64 3.43036
34.65 3.40759
34.66 3.39756
34.67 3.41701
34.68 3.4452
34.69 3.45769
34.7 3.45313
34.71 3.44364
34.72 3.44154
34.73 3.44523
34.74 3.44422
34.75 3.43614
34.76 3.43026
34.77 3.43795
34.78 3.45735
34.79 3.47371
34.8 3.46922
34.81 3.42594
34.82 3.38258
34.83 3.40242
34.84 3.42661
34.85 3.44323
34.86 3.46856
34.87 3.49481
34.88 3.50889
34.89 3.50432
34.9 3.48422
34.91 3.47022
34.92 3.48081
34.93 3.49853
34.94 3.50765
34.95 3.51254
34.96 3.51792
34.97 3.51784
34.98 3.50576
34.99 3.49751
35 3.50698
35.01 3.51349
35.02 3.50959
35.03 3.50831
35.04 3.51273
35.05 3.51565
35.06 3.51373
35.07 3.50986
35.08 3.50521
35.09 3.49824
35.1 3.48997
35.11 3.48104
35.12 3.47137
35.13 3.46334
35.14 3.45784
35.15 3.45726
35.16 3.46673
35.17 3.48605
35.18 3.51064
35.19 3.5347
35.2 3.55209
35.21 3.55839
35.22 3.55144
35.23 3.52998
35.24 3.4992
35.25 3.48207
35.26 3.48852
35.27 3.49704
35.28 3.49981
35.29 3.5034
35.3 3.51104
35.31 3.52111
35.32 3.52929
35.33 3.53133
35.34 3.52466
35.35 3.50566
35.36 3.46449
35.37 3.38685
35.38 3.29494
35.39 3.29479
35.4 3.38772
35.41 3.45145
35.42 3.47322
35.43 3.47973
35.44 3.47582
35.45 3.46984
35.46 3.46751
35.47 3.45771
35.48 3.43841
35.49 3.41606
35.5 3.39813
35.51 3.40334
35.52 3.42346
35.53 3.43416
35.54 3.43911
35.55 3.44313
35.56 3.43955
35.57 3.4356
35.58 3.44274
35.59 3.45663
35.6 3.46615
35.61 3.46641
35.62 3.45647
35.63 3.43991
35.64 3.43187
35.65 3.44199
35.66 3.45626
35.67 3.46212
35.68 3.45863
35.69 3.44703
35.7 3.42762
35.71 3.40202
35.72 3.37699
35.73 3.36508
35.74 3.3724
35.75 3.38772
35.76 3.39998
35.77 3.40694
35.78 3.40821
35.79 3.40592
35.8 3.40654
35.81 3.41316
35.82 3.41873
35.83 3.41962
35.84 3.42551
35.85 3.4394
35.86 3.4499
35.87 3.44967
35.88 3.43896
35.89 3.42158
35.9 3.40525
35.91 3.39875
35.92 3.40531
35.93 3.4204
35.94 3.43379
35.95 3.43222
35.96 3.41372
35.97 3.41768
35.98 3.45545
35.99 3.48483
36 3.49776
36.01 3.50317
36.02 3.5055
36.03 3.5053
36.04 3.50138
36.05 3.49218
36.06 3.47706
36.07 3.4594
36.08 3.44973
36.09 3.45634
36.1 3.46734
36.11 3.46297
36.12 3.44632
36.13 3.43709
36.14 3.43446
36.15 3.42464
36.16 3.41397
36.17 3.42454
36.18 3.4533
36.19 3.47459
36.2 3.48024
36.21 3.4699
36.22 3.43749
36.23 3.40011
36.24 3.4026
36.25 3.45177
36.26 3.50541
36.27 3.52303
36.28 3.51115
36.29 3.4957
36.3 3.48806
36.31 3.48409
36.32 3.48278
36.33 3.4852
36.34 3.48954
36.35 3.49127
36.36 3.48579
36.37 3.4783
36.38 3.48168
36.39 3.49367
36.4 3.50184
36.41 3.50276
36.42 3.49725
36.43 3.48558
36.44 3.47106
36.45 3.45828
36.46 3.44865
36.47 3.45154
36.48 3.47339
36.49 3.50121
36.5 3.51914
36.51 3.52185
36.52 3.51117
36.53 3.49077
36.54 3.46546
36.55 3.44257
36.56 3.42778
36.57 3.41858
36.58 3.41694
36.59 3.42738
36.6 3.44232
36.61 3.45036
36.62 3.4402
36.63 3.4114
36.64 3.39063
36.65 3.41082
36.66 3.45699
36.67 3.49417
36.68 3.51133
36.69 3.51266
36.7 3.50508
36.71 3.49487
36.72 3.48648
36.73 3.48015
36.74 3.47001
36.75 3.44997
36.76 3.43707
36.77 3.45057
36.78 3.46628
36.79 3.46796
36.8 3.4631
36.81 3.46014
36.82 3.46167
36.83 3.46452
36.84 3.46406
36.85 3.4639
36.86 3.47128
36.87 3.48096
36.88 3.48619
36.89 3.48967
36.9 3.49428
36.91 3.49686
36.92 3.48923
36.93 3.46319
36.94 3.4415
36.95 3.45399
36.96 3.45885
36.97 3.43871
36.98 3.42892
36.99 3.43933
37 3.45237
37.01 3.46668
37.02 3.48046
37.03 3.4838
37.04 3.48263
37.05 3.48887
37.06 3.49329
37.07 3.46513
37.08 3.38751
37.09 3.39767
37.1 3.4657
37.11 3.48271
37.12 3.47594
37.13 3.45733
37.14 3.43352
37.15 3.41934
37.16 3.4202
37.17 3.42933
37.18 3.44595
37.19 3.47063
37.2 3.49415
37.21 3.50842
37.22 3.51287
37.23 3.50982
37.24 3.50286
37.25 3.49743
37.26 3.49593
37.27 3.49099
37.28 3.46598
37.29 3.4016
37.3 3.30967
37.31 3.25622
37.32 3.2978
37.33 3.37993
37.34 3.44196
37.35 3.4812
37.36 3.50118
37.37 3.50096
37.38 3.47651
37.39 3.42888
37.4 3.39917
37.41 3.42871
37.42 3.46954
37.43 3.48696
37.44 3.48798
37.45 3.48115
37.46 3.46924
37.47 3.44508
37.48 3.40506
37.49 3.37714
37.5 3.38075
37.51 3.38952
37.52 3.39741
37.53 3.40335
37.54 3.40232
37.55 3.38616
37.56 3.36793
37.57 3.37281
37.58 3.38817
37.59 3.40496
37.6 3.41707
37.61 3.44671
37.62 3.4772
37.63 3.48489
37.64 3.47629
37.65 3.46467
37.66 3.46135
37.67 3.46873
37.68 3.48027
37.69 3.48973
37.7 3.4957
37.71 3.49962
37.72 3.50281
37.73 3.50506
37.74 3.50466
37.75 3.49898
37.76 3.48554
37.77 3.46266
37.78 3.42675
37.79 3.37584
37.8 3.3468
37.81 3.38393
37.82 3.42971
37.83 3.45021
37.84 3.46443
37.85 3.47923
37.86 3.48915
37.87 3.49196
37.88 3.48741
37.89 3.47172
37.9 3.437
37.91 3.37959
37.92 3.3283
37.93 3.34171
37.94 3.37316
37.95 3.38488
37.96 3.40021
37.97 3.42353
37.98 3.4389
37.99 3.44971
38 3.4662
38.01 3.47976
38.02 3.47993
38.03 3.47238
38.04 3.46568
38.05 3.46254
38.06 3.46184
38.07 3.46151
38.08 3.46169
38.09 3.46329
38.1 3.46102
38.11 3.44296
38.12 3.41592
38.13 3.40445
38.14 3.40924
38.15 3.41782
38.16 3.40053
38.17 3.37668
38.18 3.37568
38.19 3.37932
38.2 3.38166
38.21 3.40289
38.22 3.44371
38.23 3.4798
38.24 3.48426
38.25 3.4603
38.26 3.46867
38.27 3.50575
38.28 3.52471
38.29 3.52678
38.3 3.51674
38.31 3.49289
38.32 3.45819
38.33 3.42853
38.34 3.41977
38.35 3.4316
38.36 3.45689
38.37 3.47556
38.38 3.45726
38.39 3.39602
38.4 3.38118
38.41 3.43332
38.42 3.48131
38.43 3.52257
38.44 3.54944
38.45 3.55287
38.46 3.52769
38.47 3.48133
38.48 3.46837
38.49 3.48092
38.5 3.47542
38.51 3.47235
38.52 3.48617
38.53 3.50414
38.54 3.51487
38.55 3.52163
38.56 3.53026
38.57 3.54167
38.58 3.55538
38.59 3.56711
38.6 3.56935
38.61 3.55634
38.62 3.52807
38.63 3.49629
38.64 3.48005
38.65 3.48318
38.66 3.49224
38.67 3.50122
38.68 3.51478
38.69 3.53117
38.7 3.54062
38.71 3.5353
38.72 3.51904
38.73 3.51217
38.74 3.5179
38.75 3.51568
38.76 3.49267
38.77 3.45321
38.78 3.44009
38.79 3.46064
38.8 3.47315
38.81 3.48303
38.82 3.49446
38.83 3.49247
38.84 3.47886
38.85 3.47048
38.86 3.47243
38.87 3.47323
38.88 3.47616
38.89 3.49765
38.9 3.51638
38.91 3.51618
38.92 3.51036
38.93 3.51087
38.94 3.51553
38.95 3.51792
38.96 3.51373
38.97 3.49908
38.98 3.47626
38.99 3.45825
39 3.4535
39.01 3.45995
39.02 3.4694
39.03 3.47488
39.04 3.47886
39.05 3.48438
39.06 3.4846
39.07 3.47588
39.08 3.46958
39.09 3.47552
39.1 3.48881
39.11 3.49581
39.12 3.48627
39.13 3.46335
39.14 3.45854
39.15 3.47587
39.16 3.47931
39.17 3.47623
39.18 3.47716
39.19 3.47507
39.2 3.47344
39.21 3.47927
39.22 3.48414
39.23 3.47859
39.24 3.46763
39.25 3.4663
39.26 3.47936
39.27 3.49644
39.28 3.50864
39.29 3.51265
39.3 3.50591
39.31 3.48657
39.32 3.46185
39.33 3.44966
39.34 3.45586
39.35 3.47083
39.36 3.48594
39.37 3.49627
39.38 3.50146
39.39 3.50314
39.4 3.49998
39.41 3.48576
39.42 3.45321
39.43 3.40422
39.44 3.35658
39.45 3.33106
39.46 3.32448
39.47 3.34646
39.48 3.4071
39.49 3.46141
39.5 3.48031
39.51 3.47154
39.52 3.45902
39.53 3.45487
39.54 3.46113
39.55 3.46914
39.56 3.46058
39.57 3.44469
39.58 3.43396
39.59 3.42912
39.6 3.43211
39.61 3.44073
39.62 3.44371
39.63 3.42488
39.64 3.39173
39.65 3.38545
39.66 3.39791
39.67 3.40673
39.68 3.41992
39.69 3.43195
39.7 3.43453
39.71 3.42693
39.72 3.41703
39.73 3.42719
39.74 3.45008
39.75 3.45676
39.76 3.43957
39.77 3.40956
39.78 3.39186
39.79 3.39853
39.8 3.41531
39.81 3.43604
39.82 3.45894
39.83 3.47548
39.84 3.48027
39.85 3.47282
39.86 3.45494
39.87 3.42707
39.88 3.38825
39.89 3.35957
39.9 3.35029
39.91 3.3428
39.92 3.37821
39.93 3.42958
39.94 3.46029
39.95 3.47678
39.96 3.48663
39.97 3.49267
39.98 3.49217
39.99 3.48156
40 3.46306
40.01 3.44638
40.02 3.44035
40.03 3.44458
40.04 3.4512
40.05 3.45272
40.06 3.44986
40.07 3.45074
40.08 3.46044
40.09 3.47513
40.1 3.48639
40.11 3.4874
40.12 3.47755
40.13 3.46478
40.14 3.45819
40.15 3.45646
40.16 3.4538
40.17 3.45236
40.18 3.4565
40.19 3.46383
40.2 3.46743
40.21 3.45952
40.22 3.43553
40.23 3.40261
40.24 3.38126
40.25 3.38086
40.26 3.39572
40.27 3.41828
40.28 3.44016
40.29 3.45759
40.3 3.47038
40.31 3.47797
40.32 3.47913
40.33 3.47212
40.34 3.45494
40.35 3.4308
40.36 3.41321
40.37 3.41178
40.38 3.42355
40.39 3.44086
40.4 3.4545
40.41 3.46002
40.42 3.45937
40.43 3.45537
40.44 3.44653
40.45 3.42833
40.46 3.40302
40.47 3.38926
40.48 3.40364
40.49 3.43411
40.5 3.45784
40.51 3.46473
40.52 3.46418
40.53 3.47179
40.54 3.48337
40.55 3.48732
40.56 3.48186
40.57 3.47075
40.58 3.45882
40.59 3.4491
40.6 3.44301
40.61 3.44192
40.62 3.44141
40.63 3.42875
40.64 3.39198
40.65 3.34295
40.66 3.31816
40.67 3.31242
40.68 3.29324
40.69 3.298
40.7 3.36221
40.71 3.41823
40.72 3.44587
40.73 3.46637
40.74 3.47653
40.75 3.47077
40.76 3.45497
40.77 3.44245
40.78 3.43373
40.79 3.42639
40.8 3.42905
40.81 3.43873
40.82 3.44007
40.83 3.43312
40.84 3.4356
40.85 3.44507
40.86 3.43456
40.87 3.41737
40.88 3.42108
40.89 3.42309
40.9 3.40398
40.91 3.3876
40.92 3.39478
40.93 3.40012
40.94 3.39351
40.95 3.37904
40.96 3.36459
40.97 3.36657
40.98 3.39206
40.99 3.42051
41 3.44141
41.01 3.45713
41.02 3.46344
41.03 3.46313
41.04 3.4654
41.05 3.46576
41.06 3.45904
41.07 3.45233
41.08 3.44087
41.09 3.40654
41.1 3.38075
41.11 3.40473
41.12 3.45532
41.13 3.49401
41.14 3.50742
41.15 3.50518
41.16 3.49606
41.17 3.4813
41.18 3.45757
41.19 3.42516
41.2 3.39093
41.21 3.37269
41.22 3.39778
41.23 3.4461
41.24 3.47882
41.25 3.4917
41.26 3.49519
41.27 3.49726
41.28 3.49954
41.29 3.50033
41.3 3.49892
41.31 3.49649
41.32 3.49444
41.33 3.493
41.34 3.49069
41.35 3.48454
41.36 3.47192
41.37 3.45558
41.38 3.44523
41.39 3.44188
41.4 3.43182
41.41 3.41337
41.42 3.40393
41.43 3.4068
41.44 3.40879
41.45 3.40908
41.46 3.41402
41.47 3.42489
41.48 3.43848
41.49 3.44929
41.5 3.45504
41.51 3.4588
41.52 3.46336
41.53 3.4661
41.54 3.4609
41.55 3.44522
41.56 3.43087
41.57 3.43463
41.58 3.44477
41.59 3.44207
41.6 3.43137
41.61 3.42472
41.62 3.41923
41.63 3.42391
41.64 3.44481
41.65 3.45705
41.66 3.4504
41.67 3.43342
41.68 3.42069
41.69 3.42314
41.7 3.43549
41.71 3.44334
41.72 3.44055
41.73 3.43393
41.74 3.43413
41.75 3.44113
41.76 3.43908
41.77 3.40025
41.78 3.36324
41.79 3.41419
41.8 3.45833
41.81 3.46293
41.82 3.45101
41.83 3.43678
41.84 3.42863
41.85 3.4286
41.86 3.43482
41.87 3.44408
41.88 3.45207
41.89 3.45687
41.9 3.45923
41.91 3.45764
41.92 3.44734
41.93 3.42873
41.94 3.40463
41.95 3.36842
41.96 3.36307
41.97 3.41768
41.98 3.46387
41.99 3.47662
42 3.47163
42.01 3.46479
42.02 3.46322
42.03 3.46359
42.04 3.45992
42.05 3.45367
42.06 3.45097
42.07 3.44732
42.08 3.42696
42.09 3.40006
42.1 3.41697
42.11 3.45438
42.12 3.44886
42.13 3.37618
42.14 3.33439
42.15 3.35569
42.16 3.36012
42.17 3.37331
42.18 3.40266
42.19 3.42868
42.2 3.44451
42.21 3.45582
42.22 3.46632
42.23 3.47607
42.24 3.48329
42.25 3.48584
42.26 3.48303
42.27 3.47606
42.28 3.46572
42.29 3.44988
42.3 3.42982
42.31 3.41974
42.32 3.42837
42.33 3.43894
42.34 3.43243
42.35 3.41212
42.36 3.40158
42.37 3.42213
42.38 3.46211
42.39 3.49379
42.4 3.5091
42.41 3.51166
42.42 3.50343
42.43 3.48316
42.44 3.45362
42.45 3.42846
42.46 3.42086
42.47 3.42862
42.48 3.43973
42.49 3.4437
42.5 3.44052
42.51 3.44417
42.52 3.4628
42.53 3.48493
42.54 3.49411
42.55 3.48075
42.56 3.44727
42.57 3.4154
42.58 3.41493
42.59 3.44185
42.6 3.46808
42.61 3.48232
42.62 3.48801
42.63 3.48881
42.64 3.48509
42.65 3.47825
42.66 3.47038
42.67 3.46134
42.68 3.45104
42.69 3.44005
42.7 3.43166
42.71 3.43394
42.72 3.44807
42.73 3.46344
42.74 3.47009
42.75 3.46843
42.76 3.46693
42.77 3.46817
42.78 3.47128
42.79 3.47865
42.8 3.48168
42.81 3.47186
42.82 3.45878
42.83 3.45342
42.84 3.45345
42.85 3.45945
42.86 3.47658
42.87 3.49858
42.88 3.51482
42.89 3.52055
42.9 3.51402
42.91 3.49518
42.92 3.47253
42.93 3.46691
42.94 3.48174
42.95 3.49024
42.96 3.47327
42.97 3.45159
42.98 3.46079
42.99 3.47914
43 3.48776
43.01 3.49412
43.02 3.496
43.03 3.47986
43.04 3.43107
43.05 3.41083
43.06 3.46096
43.07 3.48755
43.08 3.48976
43.09 3.49292
43.1 3.49515
43.11 3.47636
43.12 3.44646
43.13 3.45279
43.14 3.46502
43.15 3.44819
43.16 3.44521
43.17 3.48279
43.18 3.51323
43.19 3.51956
43.2 3.52107
43.21 3.52593
43.22 3.52653
43.23 3.51724
43.24 3.49866
43.25 3.47728
43.26 3.4739
43.27 3.49608
43.28 3.51344
43.29 3.51141
43.3 3.50227
43.31 3.49823
43.32 3.50155
43.33 3.50855
43.34 3.51287
43.35 3.50756
43.36 3.48772
43.37 3.45195
43.38 3.41691
43.39 3.41694
43.4 3.44535
43.41 3.47451
43.42 3.49426
43.43 3.50243
43.44 3.50311
43.45 3.50236
43.46 3.5017
43.47 3.49791
43.48 3.486
43.49 3.46211
43.5 3.4307
43.51 3.4093
43.52 3.41405
43.53 3.43893
43.54 3.46602
43.55 3.48433
43.56 3.49043
43.57 3.48276
43.58 3.45987
43.59 3.42887
43.6 3.40487
43.61 3.38676
43.62 3.39402
43.63 3.44525
43.64 3.48439
43.65 3.49557
43.66 3.49359
43.67 3.48704
43.68 3.47808
43.69 3.46629
43.7 3.45235
43.71 3.44161
43.72 3.4435
43.73 3.45783
43.74 3.46858
43.75 3.45155
43.76 3.39026
43.77 3.37053
43.78 3.41822
43.79 3.43727
43.8 3.42647
43.81 3.40449
43.82 3.39051
43.83 3.39653
43.84 3.41819
43.85 3.44103
43.86 3.4488
43.87 3.42734
43.88 3.38825
43.89 3.39063
43.9 3.42646
43.91 3.45038
43.92 3.46197
43.93 3.46938
43.94 3.4772
43.95 3.48594
43.96 3.49242
43.97 3.4921
43.98 3.48258
43.99 3.46896
44 3.46088
44.01 3.45332
44.02 3.43347
44.03 3.41803
44.04 3.42616
44.05 3.43188
44.06 3.4197
44.07 3.40146
44.08 3.39431
44.09 3.40472
44.1 3.42721
44.11 3.45387
44.12 3.47557
44.13 3.4814
44.14 3.46348
44.15 3.43421
44.16 3.42565
44.17 3.43203
44.18 3.42967
44.19 3.41603
44.2 3.39672
44.21 3.40046
44.22 3.43089
44.23 3.44665
44.24 3.43475
44.25 3.41225
44.26 3.3965
44.27 3.39677
44.28 3.41295
44.29 3.43483
44.3 3.45355
44.31 3.46685
44.32 3.4743
44.33 3.47474
44.34 3.46761
44.35 3.45572
44.36 3.44681
44.37 3.44885
44.38 3.4605
44.39 3.47268
44.4 3.48006
44.41 3.48258
44.42 3.47842
44.43 3.45571
44.44 3.40696
44.45 3.40145
44.46 3.4437
44.47 3.45192
44.48 3.43586
44.49 3.43162
44.5 3.44392
44.51 3.45519
44.52 3.45936
44.53 3.45413
44.54 3.43316
44.55 3.40633
44.56 3.40893
44.57 3.43884
44.58 3.46834
44.59 3.48973
44.6 3.50327
44.61 3.50916
44.62 3.50579
44.63 3.49007
44.64 3.46251
44.65 3.43329
44.66 3.41532
44.67 3.40932
44.68 3.4073
44.69 3.41234
44.7 3.43431
44.71 3.46675
44.72 3.49156
44.73 3.49627
44.74 3.48135
44.75 3.4586
44.76 3.42774
44.77 3.41529
44.78 3.4457
44.79 3.45781
44.8 3.45314
44.81 3.46739
44.82 3.48721
44.83 3.49263
44.84 3.48516
44.85 3.4723
44.86 3.46539
44.87 3.47032
44.88 3.47947
44.89 3.48381
44.9 3.4783
44.91 3.46176
44.92 3.44276
44.93 3.43805
44.94 3.45088
44.95 3.46706
44.96 3.47948
44.97 3.48756
44.98 3.49076
44.99 3.49147
45 3.49239
45.01 3.49493
45.02 3.50032
45.03 3.50815
45.04 3.51571
45.05 3.51946
45.06 3.51614
45.07 3.50255
45.08 3.47671
45.09 3.44479
45.1 3.42311
45.11 3.41883
45.12 3.42398
45.13 3.42975
45.14 3.4297
45.15 3.41918
45.16 3.41748
45.17 3.4468
45.18 3.47287
45.19 3.47701
45.2 3.47737
45.21 3.48616
45.22 3.49667
45.23 3.50215
45.24 3.49985
45.25 3.48679
45.26 3.46831
45.27 3.45844
45.28 3.4613
45.29 3.46882
45.3 3.46562
45.31 3.4427
45.32 3.4006
45.33 3.36522
45.34 3.3899
45.35 3.45202
45.36 3.50344
45.37 3.53131
45.38 3.54102
45.39 3.53533
45.4 3.50986
45.41 3.46977
45.42 3.45765
45.43 3.48219
45.44 3.50186
45.45 3.50401
45.46 3.48811
45.47 3.459
45.48 3.44242
45.49 3.45273
45.5 3.46826
45.51 3.47587
45.52 3.47743
45.53 3.47758
45.54 3.47985
45.55 3.48383
45.56 3.48762
45.57 3.4902
45.58 3.49057
45.59 3.48649
45.6 3.47646
45.61 3.46587
45.62 3.4635
45.63 3.46558
45.64 3.45944
45.65 3.44524
45.66 3.43758
45.67 3.44538
45.68 3.46422
45.69 3.48299
45.7 3.49278
45.71 3.49401
45.72 3.49404
45.73 3.49633
45.74 3.49566
45.75 3.48613
45.76 3.47046
45.77 3.46374
45.78 3.47265
45.79 3.47829
45.8 3.46441
45.81 3.43359
45.82 3.40589
45.83 3.40573
45.84 3.42513
45.85 3.43484
45.86 3.42737
45.87 3.44302
45.88 3.47458
45.89 3.48241
45.9 3.47218
45.91 3.46066
45.92 3.45965
45.93 3.47037
45.94 3.47842
45.95 3.46783
45.96 3.43632
45.97 3.39731
45.98 3.41056
45.99 3.46145
46 3.48236
46.01 3.47894
46.02 3.47288
46.03 3.48015
46.04 3.49379
46.05 3.497
46.06 3.48431
46.07 3.46202
46.08 3.44391
46.09 3.43584
46.1 3.43285
46.11 3.43445
46.12 3.44523
46.13 3.46466
46.14 3.48396
46.15 3.49498
46.16 3.49471
46.17 3.483
46.18 3.46289
46.19 3.44435
46.2 3.43697
46.21 3.44118
46.22 3.45589
46.23 3.47733
46.24 3.49655
46.25 3.50649
46.26 3.5053
46.27 3.49297
46.28 3.47391
46.29 3.46686
46.3 3.47995
46.31 3.48789
46.32 3.46803
46.33 3.43128
46.34 3.40932
46.35 3.40685
46.36 3.41723
46.37 3.44048
46.38 3.46757
46.39 3.48827
46.4 3.50006
46.41 3.50497
46.42 3.50781
46.43 3.51114
46.44 3.50882
46.45 3.49347
46.46 3.46797
46.47 3.44762
46.48 3.44002
46.49 3.43961
46.5 3.44655
46.51 3.45879
46.52 3.46889
46.53 3.47234
46.54 3.46825
46.55 3.46015
46.56 3.45455
46.57 3.4523
46.58 3.44876
46.59 3.44329
46.6 3.43957
46.61 3.44049
46.62 3.44438
46.63 3.44416
46.64 3.4349
46.65 3.423
46.66 3.41776
46.67 3.41693
46.68 3.41863
46.69 3.42154
46.7 3.41477
46.71 3.39687
46.72 3.38644
46.73 3.36928
46.74 3.32899
46.75 3.31396
46.76 3.34884
46.77 3.38322
46.78 3.38863
46.79 3.39055
46.8 3.40871
46.81 3.43423
46.82 3.45202
46.83 3.4581
46.84 3.45386
46.85 3.43592
46.86 3.40139
46.87 3.37642
46.88 3.38143
46.89 3.39742
46.9 3.41458
46.91 3.42193
46.92 3.4096
46.93 3.38732
46.94 3.37629
46.95 3.38416
46.96 3.41125
46.97 3.43928
46.98 3.45538
46.99 3.4574
47 3.4474
47.01 3.42917
47.02 3.41033
47.03 3.40354
47.04 3.41502
47.05 3.43436
47.06 3.44636
47.07 3.44627
47.08 3.44313
47.09 3.44885
47.1 3.46226
47.11 3.47618
47.12 3.48731
47.13 3.49474
47.14 3.4996
47.15 3.50249
47.16 3.50066
47.17 3.4916
47.18 3.47466
47.19 3.43712
47.2 3.4011
47.21 3.44464
47.22 3.48455
47.23 3.47209
47.24 3.43178
47.25 3.40663
47.26 3.41731
47.27 3.44421
47.28 3.47602
47.29 3.50463
47.3 3.5235
47.31 3.53237
47.32 3.53407
47.33 3.53209
47.34 3.53031
47.35 3.53179
47.36 3.53655
47.37 3.54203
47.38 3.54613
47.39 3.54838
47.4 3.54833
47.41 3.54424
47.42 3.53352
47.43 3.51342
47.44 3.48508
47.45 3.4645
47.46 3.46535
47.47 3.47407
47.48 3.48083
47.49 3.48772
47.5 3.49926
47.51 3.52096
47.52 3.54521
47.53 3.56031
47.54 3.56256
47.55 3.55021
47.56 3.52572
47.57 3.50722
47.58 3.49953
47.59 3.4954
47.6 3.49746
47.61 3.48382
47.62 3.45733
47.63 3.43977
47.64 3.41719
47.65 3.4048
47.66 3.43935
47.67 3.48828
47.68 3.51867
47.69 3.52862
47.7 3.5248
47.71 3.51424
47.72 3.50289
47.73 3.49125
47.74 3.47241
47.75 3.44397
47.76 3.4231
47.77 3.42757
47.78 3.44836
47.79 3.4704
47.8 3.48799
47.81 3.49986
47.82 3.50645
47.83 3.50795
47.84 3.50519
47.85 3.50045
47.86 3.49611
47.87 3.49347
47.88 3.49154
47.89 3.48428
47.9 3.46387
47.91 3.43601
47.92 3.42496
47.93 3.43508
47.94 3.4276
47.95 3.36601
47.96 3.37722
47.97 3.46606
47.98 3.49878
47.99 3.49591
48 3.4764
48.01 3.448
48.02 3.42448
48.03 3.42293
48.04 3.44249
48.05 3.46485
48.06 3.47761
48.07 3.47969
48.08 3.47253
48.09 3.45116
48.1 3.41459
48.11 3.41407
48.12 3.4607
48.13 3.49188
48.14 3.49804
48.15 3.49021
48.16 3.47782
48.17 3.4694
48.18 3.46729
48.19 3.46911
48.2 3.47268
48.21 3.47571
48.22 3.47614
48.23 3.47257
48.24 3.46333
48.25 3.44478
48.26 3.41793
48.27 3.40563
48.28 3.42251
48.29 3.44845
48.3 3.46945
48.31 3.48189
48.32 3.4828
48.33 3.46978
48.34 3.44452
48.35 3.41375
48.36 3.39255
48.37 3.40545
48.38 3.43914
48.39 3.45946
48.4 3.4558
48.41 3.43231
48.42 3.40211
48.43 3.39384
48.44 3.42382
48.45 3.45712
48.46 3.47197
48.47 3.47523
48.48 3.47397
48.49 3.4692
48.5 3.45775
48.51 3.43635
48.52 3.41018
48.53 3.39974
48.54 3.41587
48.55 3.43786
48.56 3.44915
48.57 3.4509
48.58 3.44125
48.59 3.41829
48.6 3.40639
48.61 3.42005
48.62 3.43623
48.63 3.43965
48.64 3.43439
48.65 3.43423
48.66 3.4352
48.67 3.41347
48.68 3.37711
48.69 3.38632
48.7 3.43287
48.71 3.45925
48.72 3.46245
48.73 3.4668
48.74 3.47213
48.75 3.45225
48.76 3.43739
48.77 3.45472
48.78 3.45553
48.79 3.43031
48.8 3.39486
48.81 3.35967
48.82 3.36589
48.83 3.42335
48.84 3.4742
48.85 3.50045
48.86 3.51073
48.87 3.51225
48.88 3.50777
48.89 3.49754
48.9 3.48283
48.91 3.47028
48.92 3.46812
48.93 3.47471
48.94 3.48861
48.95 3.5067
48.96 3.51585
48.97 3.51119
48.98 3.49741
48.99 3.47885
49 3.4563
49.01 3.43313
49.02 3.42255
49.03 3.42935
49.04 3.43193
49.05 3.41306
49.06 3.39045
49.07 3.3909
49.08 3.40492
49.09 3.40108
49.1 3.39159
49.11 3.40361
49.12 3.4224
49.13 3.4314
49.14 3.43978
49.15 3.45943
49.16 3.48436
49.17 3.50337
49.18 3.51368
49.19 3.51629
49.2 3.51082
49.21 3.49511
49.22 3.46858
49.23 3.43872
49.24 3.41667
49.25 3.3982
49.26 3.37052
49.27 3.35069
49.28 3.35803
49.29 3.37555
49.3 3.393
49.31 3.41095
49.32 3.43467
49.33 3.45993
49.34 3.47915
49.35 3.49103
49.36 3.49402
49.37 3.48297
49.38 3.45377
49.39 3.39498
49.4 3.30273
49.41 3.34602
49.42 3.40929
49.43 3.3928
49.44 3.36866
49.45 3.37479
49.46 3.39274
49.47 3.40885
49.48 3.42766
49.49 3.4412
49.5 3.44211
49.51 3.4359
49.52 3.42799
49.53 3.42168
49.54 3.41399
49.55 3.40031
49.56 3.39072
49.57 3.39681
49.58 3.40885
49.59 3.39954
49.6 3.36994
49.61 3.39332
49.62 3.44483
49.63 3.46829
49.64 3.47318
49.65 3.47014
49.66 3.46216
49.67 3.44866
49.68 3.42551
49.69 3.38934
49.7 3.36268
49.71 3.38474
49.72 3.43098
49.73 3.45817
49.74 3.45645
49.75 3.43232
49.76 3.4029
49.77 3.39439
49.78 3.41575
49.79 3.44402
49.8 3.46053
49.81 3.46597
49.82 3.46647
49.83 3.46194
49.84 3.45219
49.85 3.44537
49.86 3.44996
49.87 3.46242
49.88 3.47366
49.89 3.47808
49.9 3.47203
49.91 3.45792
49.92 3.44878
49.93 3.45182
49.94 3.45591
49.95 3.44495
49.96 3.4194
49.97 3.40903
49.98 3.42805
49.99 3.44419
50 3.43273
50.01 3.42104
50.02 3.44119
50.03 3.46504
50.04 3.47136
50.05 3.4696
50.06 3.47535
50.07 3.49071
50.08 3.50462
50.09 3.50728
50.1 3.49304
50.11 3.46529
50.12 3.45617
50.13 3.47916
50.14 3.49873
50.15 3.49889
50.16 3.48345
50.17 3.46004
50.18 3.43877
50.19 3.42994
50.2 3.43789
50.21 3.45158
50.22 3.45781
50.23 3.4552
50.24 3.44698
50.25 3.43366
50.26 3.42132
50.27 3.42555
50.28 3.44939
50.29 3.47272
50.3 3.47999
50.31 3.47045
50.32 3.45388
50.33 3.44653
50.34 3.45266
50.35 3.4629
50.36 3.47156
50.37 3.47837
50.38 3.48361
50.39 3.4863
50.4 3.48507
50.41 3.4794
50.42 3.46799
50.43 3.44883
50.44 3.43078
50.45 3.42442
50.46 3.4244
50.47 3.41782
50.48 3.40718
50.49 3.41619
50.5 3.43922
50.51 3.45417
50.52 3.46155
50.53 3.46875
50.54 3.47093
50.55 3.45603
50.56 3.41684
50.57 3.36509
50.58 3.34759
50.59 3.38943
50.6 3.44272
50.61 3.47648
50.62 3.49286
50.63 3.49233
50.64 3.45906
50.65 3.38777
50.66 3.3412
50.67 3.34493
50.68 3.41586
50.69 3.47578
50.7 3.49141
50.71 3.49008
50.72 3.4899
50.73 3.4957
50.74 3.50175
50.75 3.49802
50.76 3.48163
50.77 3.46859
50.78 3.47111
50.79 3.48274
50.8 3.49642
50.81 3.5029
50.82 3.50175
50.83 3.49277
50.84 3.47452
50.85 3.45861
50.86 3.45742
50.87 3.46974
50.88 3.48568
50.89 3.49404
50.9 3.49091
50.91 3.48086
50.92 3.46922
50.93 3.45824
50.94 3.45265
50.95 3.46228
50.96 3.49002
50.97 3.51903
50.98 3.53568
50.99 3.53913
