x y
0 2.44944
0.01 2.43694
0.02 2.41611
0.03 2.40138
0.04 2.40907
0.05 2.43164
0.06 2.45103
0.07 2.45969
0.08 2.45792
0.09 2.44723
0.1 2.43367
0.11 2.43101
0.12 2.44366
0.13 2.46132
0.14 2.47611
0.15 2.48335
0.16 2.47791
0.17 2.46266
0.18 2.45753
0.19 2.47233
0.2 2.49138
0.21 2.50429
0.22 2.51037
0.23 2.50639
0.24 2.4953
0.25 2.49441
0.26 2.50256
0.27 2.50241
0.28 2.4969
0.29 2.49932
0.3 2.50911
0.31 2.51529
0.32 2.51331
0.33 2.51063
0.34 2.51335
0.35 2.51044
0.36 2.50383
0.37 2.5322
0.38 2.58369
0.39 2.61425
0.4 2.6223
0.41 2.61781
0.42 2.60473
0.43 2.58184
0.44 2.5488
0.45 2.52079
0.46 2.52762
0.47 2.56268
0.48 2.59003
0.49 2.6004
0.5 2.59929
0.51 2.58798
0.52 2.56645
0.53 2.5464
0.54 2.5474
0.55 2.57381
0.56 2.60944
0.57 2.63708
0.58 2.65296
0.59 2.65891
0.6 2.65585
0.61 2.64535
0.62 2.63106
0.63 2.61788
0.64 2.61135
0.65 2.61476
0.66 2.62341
0.67 2.62888
0.68 2.62844
0.69 2.62309
0.7 2.61209
0.71 2.59557
0.72 2.58343
0.73 2.59396
0.74 2.62475
0.75 2.65355
0.76 2.66868
0.77 2.67051
0.78 2.66416
0.79 2.65839
0.8 2.66219
0.81 2.67473
0.82 2.68712
0.83 2.69395
0.84 2.6947
0.85 2.69047
0.86 2.68277
0.87 2.67367
0.88 2.66644
0.89 2.66466
0.9 2.66852
0.91 2.67418
0.92 2.67707
0.93 2.67365
0.94 2.66221
0.95 2.64665
0.96 2.637
0.97 2.64091
0.98 2.65714
0.99 2.67766
1 2.69443
1.01 2.70436
1.02 2.70868
1.03 2.71044
1.04 2.71178
1.05 2.71136
1.06 2.70412
1.07 2.68554
1.08 2.6605
1.09 2.64381
1.1 2.64026
1.11 2.63946
1.12 2.63117
1.13 2.61655
1.14 2.60945
1.15 2.6193
1.16 2.64066
1.17 2.66066
1.18 2.67061
1.19 2.67181
1.2 2.67229
1.21 2.6768
1.22 2.68047
1.23 2.67435
1.24 2.65313
1.25 2.62518
1.26 2.61391
1.27 2.63126
1.28 2.66341
1.29 2.68856
1.3 2.6985
1.31 2.69513
1.32 2.68285
1.33 2.67175
1.34 2.67181
1.35 2.67796
1.36 2.67896
1.37 2.66938
1.38 2.64764
1.39 2.62192
1.4 2.61698
1.41 2.63891
1.42 2.65985
1.43 2.66204
1.44 2.64576
1.45 2.61649
1.46 2.5903
1.47 2.59211
1.48 2.61829
1.49 2.64659
1.5 2.66596
1.51 2.67373
1.52 2.67014
1.53 2.65781
1.54 2.64215
1.55 2.63002
1.56 2.62544
1.57 2.62595
1.58 2.6283
1.59 2.63626
1.6 2.65157
1.61 2.66668
1.62 2.67555
1.63 2.67774
1.64 2.67453
1.65 2.66685
1.66 2.65546
1.67 2.64142
1.68 2.62543
1.69 2.60549
1.7 2.57743
1.71 2.54825
1.72 2.53932
1.73 2.55585
1.74 2.58707
1.75 2.61565
1.76 2.63424
1.77 2.64566
1.78 2.649
1.79 2.64293
1.8 2.63256
1.81 2.62614
1.82 2.62291
1.83 2.61233
1.84 2.58958
1.85 2.56736
1.86 2.56323
1.87 2.57644
1.88 2.59374
1.89 2.60509
1.9 2.60581
1.91 2.59172
1.92 2.57312
1.93 2.58821
1.94 2.6285
1.95 2.6519
1.96 2.64901
1.97 2.62048
1.98 2.58076
1.99 2.57315
2 2.59986
2.01 2.62318
2.02 2.63211
2.03 2.63095
2.04 2.62434
2.05 2.61497
2.06 2.60409
2.07 2.59248
2.08 2.58377
2.09 2.58704
2.1 2.60608
2.11 2.63006
2.12 2.64769
2.13 2.65676
2.14 2.65963
2.15 2.65915
2.16 2.65727
2.17 2.65443
2.18 2.65004
2.19 2.64307
2.2 2.63219
2.21 2.61761
2.22 2.60485
2.23 2.60145
2.24 2.6044
2.25 2.60276
2.26 2.60502
2.27 2.62645
2.28 2.65032
2.29 2.66219
2.3 2.66363
2.31 2.65665
2.32 2.64269
2.33 2.62869
2.34 2.62375
2.35 2.62655
2.36 2.62853
2.37 2.62717
2.38 2.6284
2.39 2.63725
2.4 2.65183
2.41 2.6677
2.42 2.68092
2.43 2.68865
2.44 2.68937
2.45 2.68239
2.46 2.66804
2.47 2.65083
2.48 2.63912
2.49 2.63455
2.5 2.63036
2.51 2.62498
2.52 2.62668
2.53 2.63952
2.54 2.65505
2.55 2.66556
2.56 2.67036
2.57 2.67162
2.58 2.67157
2.59 2.67182
2.6 2.67291
2.61 2.67432
2.62 2.67493
2.63 2.67394
2.64 2.67172
2.65 2.66992
2.66 2.67056
2.67 2.67466
2.68 2.68155
2.69 2.68891
2.7 2.69317
2.71 2.69087
2.72 2.68074
2.73 2.66644
2.74 2.65721
2.75 2.66113
2.76 2.67522
2.77 2.68851
2.78 2.69335
2.79 2.68901
2.8 2.67596
2.81 2.65084
2.82 2.62314
2.83 2.62074
2.84 2.63878
2.85 2.65752
2.86 2.67294
2.87 2.68277
2.88 2.68501
2.89 2.68097
2.9 2.67584
2.91 2.67565
2.92 2.6813
2.93 2.68833
2.94 2.69162
2.95 2.6862
2.96 2.66673
2.97 2.64083
2.98 2.63308
2.99 2.63857
3 2.6387
3.01 2.63891
3.02 2.64705
3.03 2.65963
3.04 2.66887
3.05 2.67069
3.06 2.66607
3.07 2.65922
3.08 2.65521
3.09 2.65674
3.1 2.6623
3.11 2.66795
3.12 2.67031
3.13 2.66802
3.14 2.66168
3.15 2.65329
3.16 2.64564
3.17 2.64091
3.18 2.63776
3.19 2.63088
3.2 2.61952
3.21 2.61303
3.22 2.61427
3.23 2.60846
3.24 2.5836
3.25 2.55049
3.26 2.52732
3.27 2.53677
3.28 2.59435
3.29 2.64522
3.3 2.66115
3.31 2.65685
3.32 2.6453
3.33 2.63136
3.34 2.61446
3.35 2.59502
3.36 2.58134
3.37 2.58328
3.38 2.59815
3.39 2.61631
3.4 2.63298
3.41 2.64759
3.42 2.65998
3.43 2.66894
3.44 2.67154
3.45 2.66087
3.46 2.62727
3.47 2.58935
3.48 2.58924
3.49 2.59988
3.5 2.59353
3.51 2.5807
3.52 2.58139
3.53 2.59755
3.54 2.60491
3.55 2.59058
3.56 2.57177
3.57 2.57658
3.58 2.60114
3.59 2.61908
3.6 2.62263
3.61 2.62248
3.62 2.62634
3.63 2.63288
3.64 2.64003
3.65 2.6465
3.66 2.65107
3.67 2.65277
3.68 2.65029
3.69 2.64271
3.7 2.63179
3.71 2.62347
3.72 2.62295
3.73 2.62819
3.74 2.63295
3.75 2.63231
3.76 2.62455
3.77 2.61417
3.78 2.61043
3.79 2.61168
3.8 2.60371
3.81 2.59061
3.82 2.59474
3.83 2.6137
3.84 2.63093
3.85 2.64149
3.86 2.64489
3.87 2.63874
3.88 2.62254
3.89 2.60393
3.9 2.59547
3.91 2.60789
3.92 2.63195
3.93 2.64764
3.94 2.64959
3.95 2.63765
3.96 2.61166
3.97 2.58545
3.98 2.58123
3.99 2.59312
4 2.60443
4.01 2.61125
4.02 2.61536
4.03 2.62027
4.04 2.62839
4.05 2.63803
4.06 2.64552
4.07 2.64864
4.08 2.64649
4.09 2.63853
4.1 2.62685
4.11 2.61899
4.12 2.61966
4.13 2.62123
4.14 2.61555
4.15 2.60517
4.16 2.60069
4.17 2.61294
4.18 2.63576
4.19 2.65193
4.2 2.65486
4.21 2.64679
4.22 2.63366
4.23 2.62565
4.24 2.63136
4.25 2.64722
4.26 2.66188
4.27 2.67006
4.28 2.674
4.29 2.67611
4.3 2.67717
4.31 2.67929
4.32 2.68393
4.33 2.68847
4.34 2.68916
4.35 2.68554
4.36 2.68059
4.37 2.67704
4.38 2.67322
4.39 2.66455
4.4 2.64854
4.41 2.62715
4.42 2.60587
4.43 2.59441
4.44 2.60364
4.45 2.62956
4.46 2.65522
4.47 2.66964
4.48 2.67263
4.49 2.67185
4.5 2.67392
4.51 2.67619
4.52 2.67369
4.53 2.66763
4.54 2.66368
4.55 2.6657
4.56 2.6724
4.57 2.67967
4.58 2.68383
4.59 2.68277
4.6 2.67579
4.61 2.66304
4.62 2.64434
4.63 2.6206
4.64 2.59906
4.65 2.59297
4.66 2.60659
4.67 2.62767
4.68 2.64561
4.69 2.66255
4.7 2.6811
4.71 2.69602
4.72 2.70189
4.73 2.69642
4.74 2.67769
4.75 2.64455
4.76 2.60336
4.77 2.57423
4.78 2.57537
4.79 2.59857
4.8 2.62509
4.81 2.6486
4.82 2.66613
4.83 2.67448
4.84 2.67457
4.85 2.66902
4.86 2.65773
4.87 2.6389
4.88 2.61815
4.89 2.61182
4.9 2.62719
4.91 2.6506
4.92 2.67013
4.93 2.6826
4.94 2.68668
4.95 2.68234
4.96 2.67654
4.97 2.6821
4.98 2.69721
4.99 2.70705
5 2.70409
5.01 2.69221
5.02 2.68182
5.03 2.67963
5.04 2.6807
5.05 2.67618
5.06 2.66642
5.07 2.66438
5.08 2.67691
5.09 2.69091
5.1 2.69337
5.11 2.68536
5.12 2.67967
5.13 2.6799
5.14 2.67304
5.15 2.65845
5.16 2.65128
5.17 2.66195
5.18 2.68155
5.19 2.69332
5.2 2.6904
5.21 2.67452
5.22 2.64808
5.23 2.62074
5.24 2.62699
5.25 2.66394
5.26 2.69172
5.27 2.69626
5.28 2.6727
5.29 2.61789
5.3 2.56549
5.31 2.57256
5.32 2.61281
5.33 2.64177
5.34 2.65032
5.35 2.64509
5.36 2.64418
5.37 2.65789
5.38 2.67222
5.39 2.67469
5.4 2.6648
5.41 2.64665
5.42 2.62721
5.43 2.61311
5.44 2.60968
5.45 2.6236
5.46 2.64735
5.47 2.66431
5.48 2.66983
5.49 2.66684
5.5 2.65833
5.51 2.64554
5.52 2.62844
5.53 2.6098
5.54 2.5994
5.55 2.60502
5.56 2.62139
5.57 2.63858
5.58 2.65227
5.59 2.6626
5.6 2.67023
5.61 2.6748
5.62 2.6753
5.63 2.67081
5.64 2.66149
5.65 2.65078
5.66 2.64613
5.67 2.65212
5.68 2.664
5.69 2.67358
5.7 2.67588
5.71 2.66862
5.72 2.65056
5.73 2.6237
5.74 2.60064
5.75 2.59767
5.76 2.60907
5.77 2.61914
5.78 2.62615
5.79 2.636
5.8 2.64879
5.81 2.66158
5.82 2.67335
5.83 2.68115
5.84 2.68098
5.85 2.67039
5.86 2.64822
5.87 2.6175
5.88 2.59496
5.89 2.60104
5.9 2.62757
5.91 2.65387
5.92 2.67088
5.93 2.67603
5.94 2.6688
5.95 2.65193
5.96 2.63452
5.97 2.62859
5.98 2.63642
5.99 2.64942
6 2.65992
6.01 2.66538
6.02 2.6656
6.03 2.65799
6.04 2.62969
6.05 2.57832
6.06 2.57782
6.07 2.62767
6.08 2.6628
6.09 2.683
6.1 2.69375
6.11 2.69488
6.12 2.68432
6.13 2.66077
6.14 2.62697
6.15 2.59191
6.16 2.58136
6.17 2.60241
6.18 2.61158
6.19 2.5961
6.2 2.59955
6.21 2.63379
6.22 2.65239
6.23 2.65364
6.24 2.65926
6.25 2.66925
6.26 2.67156
6.27 2.66509
6.28 2.66244
6.29 2.66966
6.3 2.67658
6.31 2.67513
6.32 2.66646
6.33 2.65612
6.34 2.64905
6.35 2.64712
6.36 2.64996
6.37 2.65618
6.38 2.66422
6.39 2.67185
6.4 2.67539
6.41 2.67129
6.42 2.65974
6.43 2.64729
6.44 2.6383
6.45 2.62608
6.46 2.60549
6.47 2.58143
6.48 2.56974
6.49 2.59282
6.5 2.64076
6.51 2.67748
6.52 2.6909
6.53 2.68917
6.54 2.68234
6.55 2.67675
6.56 2.6739
6.57 2.67212
6.58 2.66928
6.59 2.66463
6.6 2.65977
6.61 2.65825
6.62 2.66154
6.63 2.66676
6.64 2.67049
6.65 2.67204
6.66 2.67217
6.67 2.67152
6.68 2.67087
6.69 2.6723
6.7 2.6771
6.71 2.6819
6.72 2.68169
6.73 2.6755
6.74 2.66647
6.75 2.65846
6.76 2.65425
6.77 2.65473
6.78 2.65577
6.79 2.64948
6.8 2.63738
6.81 2.63668
6.82 2.65111
6.83 2.66577
6.84 2.67464
6.85 2.68217
6.86 2.69204
6.87 2.70122
6.88 2.70539
6.89 2.70368
6.9 2.69837
6.91 2.69361
6.92 2.6915
6.93 2.68864
6.94 2.68318
6.95 2.68378
6.96 2.69549
6.97 2.7074
6.98 2.70894
6.99 2.69626
7 2.66948
7.01 2.63645
7.02 2.61384
7.03 2.6215
7.04 2.65268
7.05 2.67984
7.06 2.69361
7.07 2.69284
7.08 2.67908
7.09 2.66926
7.1 2.6753
7.11 2.67794
7.12 2.6639
7.13 2.64831
7.14 2.65359
7.15 2.67321
7.16 2.68581
7.17 2.68602
7.18 2.67797
7.19 2.66747
7.2 2.65729
7.21 2.64518
7.22 2.63077
7.23 2.6253
7.24 2.64499
7.25 2.67997
7.26 2.70484
7.27 2.71042
7.28 2.70095
7.29 2.6841
7.3 2.66701
7.31 2.65432
7.32 2.64742
7.33 2.64599
7.34 2.64979
7.35 2.65762
7.36 2.66687
7.37 2.67664
7.38 2.6876
7.39 2.69813
7.4 2.70413
7.41 2.70298
7.42 2.69718
7.43 2.69338
7.44 2.69331
7.45 2.69083
7.46 2.68132
7.47 2.66722
7.48 2.65778
7.49 2.66119
7.5 2.67316
7.51 2.68127
7.52 2.67565
7.53 2.65345
7.54 2.62328
7.55 2.59984
7.56 2.59426
7.57 2.6088
7.58 2.62229
7.59 2.62624
7.6 2.63398
7.61 2.65107
7.62 2.66991
7.63 2.68391
7.64 2.69138
7.65 2.69216
7.66 2.68563
7.67 2.67226
7.68 2.65755
7.69 2.65086
7.7 2.65529
7.71 2.66701
7.72 2.68146
7.73 2.69226
7.74 2.69246
7.75 2.67395
7.76 2.63367
7.77 2.60204
7.78 2.59837
7.79 2.59721
7.8 2.60206
7.81 2.61474
7.82 2.62288
7.83 2.62199
7.84 2.61446
7.85 2.60741
7.86 2.60981
7.87 2.62047
7.88 2.62626
7.89 2.61841
7.9 2.60163
7.91 2.58953
7.92 2.60037
7.93 2.62964
7.94 2.65197
7.95 2.65409
7.96 2.6365
7.97 2.61497
7.98 2.61364
7.99 2.62162
8 2.61257
8.01 2.59512
8.02 2.59944
8.03 2.62594
8.04 2.64973
8.05 2.66038
8.06 2.66
8.07 2.65055
8.08 2.63186
8.09 2.60898
8.1 2.59795
8.11 2.60783
8.12 2.62777
8.13 2.64504
8.14 2.65581
8.15 2.66139
8.16 2.66368
8.17 2.66382
8.18 2.66255
8.19 2.66076
8.2 2.65966
8.21 2.6602
8.22 2.6619
8.23 2.66307
8.24 2.66264
8.25 2.66093
8.26 2.6574
8.27 2.64933
8.28 2.63582
8.29 2.62115
8.3 2.60898
8.31 2.59784
8.32 2.58919
8.33 2.59036
8.34 2.60668
8.35 2.63204
8.36 2.65118
8.37 2.65431
8.38 2.64173
8.39 2.62265
8.4 2.61589
8.41 2.63252
8.42 2.65738
8.43 2.67287
8.44 2.67665
8.45 2.67404
8.46 2.6708
8.47 2.66911
8.48 2.66744
8.49 2.66413
8.5 2.65898
8.51 2.65276
8.52 2.64728
8.53 2.64509
8.54 2.64692
8.55 2.65015
8.56 2.65064
8.57 2.64514
8.58 2.63306
8.59 2.61885
8.6 2.6116
8.61 2.61734
8.62 2.6328
8.63 2.65004
8.64 2.66327
8.65 2.66966
8.66 2.66669
8.67 2.65134
8.68 2.62251
8.69 2.58365
8.7 2.55683
8.71 2.55988
8.72 2.56994
8.73 2.58209
8.74 2.60244
8.75 2.62447
8.76 2.64032
8.77 2.64863
8.78 2.65181
8.79 2.65291
8.8 2.65449
8.81 2.65579
8.82 2.65251
8.83 2.63915
8.84 2.61358
8.85 2.58432
8.86 2.56772
8.87 2.57871
8.88 2.61076
8.89 2.63583
8.9 2.64231
8.91 2.63463
8.92 2.62019
8.93 2.60647
8.94 2.60007
8.95 2.60271
8.96 2.60817
8.97 2.60609
8.98 2.59102
8.99 2.57666
9 2.58608
9.01 2.60925
9.02 2.62302
9.03 2.62646
9.04 2.62751
9.05 2.6251
9.06 2.61536
9.07 2.60049
9.08 2.58438
9.09 2.57372
9.1 2.5797
9.11 2.59769
9.12 2.61301
9.13 2.62489
9.14 2.63916
9.15 2.65335
9.16 2.661
9.17 2.65921
9.18 2.64671
9.19 2.62047
9.2 2.58123
9.21 2.5528
9.22 2.5635
9.23 2.59256
9.24 2.61012
9.25 2.61387
9.26 2.60917
9.27 2.59726
9.28 2.58065
9.29 2.57097
9.3 2.57787
9.31 2.59347
9.32 2.60257
9.33 2.59605
9.34 2.57365
9.35 2.54892
9.36 2.54583
9.37 2.56793
9.38 2.59421
9.39 2.61003
9.4 2.61465
9.41 2.61304
9.42 2.60878
9.43 2.6029
9.44 2.59829
9.45 2.59617
9.46 2.59291
9.47 2.59641
9.48 2.61314
9.49 2.62632
9.5 2.62499
9.51 2.61319
9.52 2.59821
9.53 2.58426
9.54 2.5725
9.55 2.5659
9.56 2.56697
9.57 2.57198
9.58 2.57443
9.59 2.57522
9.6 2.58566
9.61 2.60703
9.62 2.62496
9.63 2.63329
9.64 2.63419
9.65 2.62633
9.66 2.60297
9.67 2.56794
9.68 2.56059
9.69 2.58801
9.7 2.60646
9.71 2.60442
9.72 2.59276
9.73 2.58276
9.74 2.57911
9.75 2.58436
9.76 2.59946
9.77 2.61859
9.78 2.6345
9.79 2.644
9.8 2.64596
9.81 2.63862
9.82 2.6207
9.83 2.59703
9.84 2.57911
9.85 2.56919
9.86 2.56024
9.87 2.55741
9.88 2.55292
9.89 2.53854
9.9 2.55319
9.91 2.60467
9.92 2.6467
9.93 2.66524
9.94 2.67025
9.95 2.66789
9.96 2.65746
9.97 2.63376
9.98 2.59384
9.99 2.54748
10 2.52129
10.01 2.53698
10.02 2.58979
10.03 2.645
10.04 2.67592
10.05 2.68413
10.06 2.67989
10.07 2.67105
10.08 2.66275
10.09 2.65879
10.1 2.66124
10.11 2.67032
10.12 2.6838
10.13 2.69616
10.14 2.70324
10.15 2.70569
10.16 2.70568
10.17 2.70345
10.18 2.69801
10.19 2.68971
10.2 2.68068
10.21 2.67371
10.22 2.67154
10.23 2.67288
10.24 2.67357
10.25 2.677
10.26 2.68747
10.27 2.69987
10.28 2.70889
10.29 2.7147
10.3 2.71886
10.31 2.7213
10.32 2.72028
10.33 2.71391
10.34 2.70148
10.35 2.68435
10.36 2.66707
10.37 2.65903
10.38 2.6684
10.39 2.68982
10.4 2.70912
10.41 2.71795
10.42 2.71525
10.43 2.70049
10.44 2.67015
10.45 2.62668
10.46 2.60109
10.47 2.62335
10.48 2.66401
10.49 2.68611
10.5 2.68393
10.51 2.66313
10.52 2.63822
10.53 2.637
10.54 2.65328
10.55 2.66152
10.56 2.66289
10.57 2.66149
10.58 2.64858
10.59 2.62267
10.6 2.60915
10.61 2.62022
10.62 2.64811
10.63 2.67586
10.64 2.68452
10.65 2.67819
10.66 2.66634
10.67 2.65286
10.68 2.64371
10.69 2.64745
10.7 2.66183
10.71 2.67573
10.72 2.68201
10.73 2.67745
10.74 2.65711
10.75 2.61298
10.76 2.5487
10.77 2.50079
10.78 2.50073
10.79 2.54008
10.8 2.58062
10.81 2.5956
10.82 2.59483
10.83 2.59409
10.84 2.59722
10.85 2.60093
10.86 2.60447
10.87 2.61128
10.88 2.62321
10.89 2.63625
10.9 2.64482
10.91 2.64589
10.92 2.63834
10.93 2.62327
10.94 2.60763
10.95 2.60158
10.96 2.6067
10.97 2.61598
10.98 2.62393
10.99 2.62866
11 2.62847
11.01 2.61693
11.02 2.5857
11.03 2.56383
11.04 2.59092
11.05 2.62486
11.06 2.6388
11.07 2.63978
11.08 2.63419
11.09 2.62682
11.1 2.62266
11.11 2.62412
11.12 2.62929
11.13 2.63471
11.14 2.63745
11.15 2.63449
11.16 2.62309
11.17 2.60334
11.18 2.58049
11.19 2.56189
11.2 2.54533
11.21 2.52153
11.22 2.53058
11.23 2.59066
11.24 2.63208
11.25 2.63839
11.26 2.61813
11.27 2.58865
11.28 2.59123
11.29 2.62078
11.3 2.64376
11.31 2.65297
11.32 2.64951
11.33 2.63603
11.34 2.61705
11.35 2.60038
11.36 2.59775
11.37 2.60827
11.38 2.6186
11.39 2.62546
11.4 2.62936
11.41 2.62395
11.42 2.60275
11.43 2.56768
11.44 2.53646
11.45 2.54013
11.46 2.57334
11.47 2.60428
11.48 2.62662
11.49 2.6424
11.5 2.65059
11.51 2.65
11.52 2.64098
11.53 2.62638
11.54 2.61261
11.55 2.60784
11.56 2.61204
11.57 2.61602
11.58 2.61703
11.59 2.61997
11.6 2.62607
11.61 2.62776
11.62 2.61641
11.63 2.60475
11.64 2.6175
11.65 2.63938
11.66 2.64887
11.67 2.6472
11.68 2.64039
11.69 2.63234
11.7 2.62538
11.71 2.62101
11.72 2.61992
11.73 2.62237
11.74 2.6298
11.75 2.6426
11.76 2.65526
11.77 2.65914
11.78 2.64815
11.79 2.62433
11.8 2.60424
11.81 2.60593
11.82 2.62447
11.83 2.64347
11.84 2.65539
11.85 2.65948
11.86 2.65627
11.87 2.64515
11.88 2.62527
11.89 2.60267
11.9 2.59369
11.91 2.60938
11.92 2.64053
11.93 2.66778
11.94 2.67796
11.95 2.66779
11.96 2.64457
11.97 2.6274
11.98 2.63175
11.99 2.654
12 2.67954
12.01 2.69554
12.02 2.69451
12.03 2.6723
12.04 2.63484
12.05 2.6061
12.06 2.60058
12.07 2.6104
12.08 2.62647
12.09 2.64342
12.1 2.65992
12.11 2.67401
12.12 2.68058
12.13 2.67649
12.14 2.66565
12.15 2.65809
12.16 2.65731
12.17 2.64965
12.18 2.61951
12.19 2.59178
12.2 2.60096
12.21 2.62178
12.22 2.64308
12.23 2.66072
12.24 2.66886
12.25 2.6705
12.26 2.6699
12.27 2.66961
12.28 2.67173
12.29 2.67637
12.3 2.68082
12.31 2.68274
12.32 2.68163
12.33 2.67733
12.34 2.66889
12.35 2.65595
12.36 2.64213
12.37 2.63383
12.38 2.63167
12.39 2.63174
12.4 2.63679
12.41 2.64977
12.42 2.66241
12.43 2.66494
12.44 2.65439
12.45 2.63442
12.46 2.62177
12.47 2.63205
12.48 2.65014
12.49 2.65715
12.5 2.65144
12.51 2.63978
12.52 2.63099
12.53 2.63062
12.54 2.64045
12.55 2.65524
12.56 2.66528
12.57 2.66913
12.58 2.67059
12.59 2.66879
12.6 2.66097
12.61 2.65033
12.62 2.64528
12.63 2.65048
12.64 2.66049
12.65 2.66619
12.66 2.66405
12.67 2.65656
12.68 2.64895
12.69 2.64712
12.7 2.6519
12.71 2.6574
12.72 2.65947
12.73 2.65919
12.74 2.65912
12.75 2.66006
12.76 2.66089
12.77 2.65908
12.78 2.65071
12.79 2.63479
12.8 2.62255
12.81 2.62568
12.82 2.6321
12.83 2.62575
12.84 2.61048
12.85 2.60876
12.86 2.62597
12.87 2.64053
12.88 2.64133
12.89 2.63167
12.9 2.62091
12.91 2.61983
12.92 2.63024
12.93 2.64268
12.94 2.64791
12.95 2.64343
12.96 2.63475
12.97 2.6383
12.98 2.65885
12.99 2.67888
13 2.688
13.01 2.6869
13.02 2.67946
13.03 2.67214
13.04 2.66987
13.05 2.67006
13.06 2.66719
13.07 2.6601
13.08 2.65185
13.09 2.6458
13.1 2.64291
13.11 2.64218
13.12 2.64247
13.13 2.64331
13.14 2.64433
13.15 2.64488
13.16 2.64503
13.17 2.64571
13.18 2.64672
13.19 2.64549
13.2 2.63813
13.21 2.62327
13.22 2.60963
13.23 2.60974
13.24 2.61735
13.25 2.61872
13.26 2.61053
13.27 2.5976
13.28 2.59166
13.29 2.59986
13.3 2.61544
13.31 2.63071
13.32 2.64141
13.33 2.6454
13.34 2.64376
13.35 2.63864
13.36 2.63159
13.37 2.62501
13.38 2.62046
13.39 2.61501
13.4 2.60827
13.41 2.61127
13.42 2.63187
13.43 2.65893
13.44 2.67665
13.45 2.67763
13.46 2.66437
13.47 2.65473
13.48 2.65844
13.49 2.65478
13.5 2.62913
13.51 2.59226
13.52 2.57076
13.53 2.57765
13.54 2.59869
13.55 2.61573
13.56 2.62041
13.57 2.61736
13.58 2.61865
13.59 2.62265
13.6 2.61952
13.61 2.61612
13.62 2.63003
13.63 2.65777
13.64 2.68155
13.65 2.69536
13.66 2.70155
13.67 2.70277
13.68 2.70012
13.69 2.69358
13.7 2.68258
13.71 2.6666
13.72 2.64604
13.73 2.62419
13.74 2.60862
13.75 2.60729
13.76 2.62029
13.77 2.63901
13.78 2.65567
13.79 2.66812
13.8 2.67643
13.81 2.67932
13.82 2.67247
13.83 2.64928
13.84 2.61162
13.85 2.58366
13.86 2.5809
13.87 2.59246
13.88 2.61117
13.89 2.63191
13.9 2.64926
13.91 2.6617
13.92 2.66883
13.93 2.66854
13.94 2.65916
13.95 2.64414
13.96 2.63231
13.97 2.62819
13.98 2.63306
13.99 2.64607
14 2.65767
14.01 2.65969
14.02 2.65413
14.03 2.64855
14.04 2.64662
14.05 2.64659
14.06 2.64658
14.07 2.64523
14.08 2.6415
14.09 2.63654
14.1 2.63347
14.11 2.63366
14.12 2.63481
14.13 2.63351
14.14 2.62953
14.15 2.62866
14.16 2.63858
14.17 2.65708
14.18 2.67384
14.19 2.684
14.2 2.68861
14.21 2.68735
14.22 2.67719
14.23 2.65563
14.24 2.62618
14.25 2.60521
14.26 2.60968
14.27 2.63577
14.28 2.66503
14.29 2.68193
14.3 2.68264
14.31 2.67384
14.32 2.66585
14.33 2.6629
14.34 2.66473
14.35 2.67445
14.36 2.69249
14.37 2.70921
14.38 2.71323
14.39 2.69931
14.4 2.67067
14.41 2.64722
14.42 2.65762
14.43 2.69215
14.44 2.71761
14.45 2.72478
14.46 2.71885
14.47 2.70818
14.48 2.70419
14.49 2.71152
14.5 2.72108
14.51 2.72423
14.52 2.72037
14.53 2.71284
14.54 2.70587
14.55 2.7034
14.56 2.70752
14.57 2.71644
14.58 2.72299
14.59 2.71812
14.6 2.69758
14.61 2.66798
14.62 2.64851
14.63 2.65462
14.64 2.67743
14.65 2.69696
14.66 2.70259
14.67 2.69525
14.68 2.68544
14.69 2.68567
14.7 2.69721
14.71 2.70992
14.72 2.71641
14.73 2.71673
14.74 2.71346
14.75 2.70811
14.76 2.70152
14.77 2.69535
14.78 2.69037
14.79 2.68392
14.8 2.67209
14.81 2.65471
14.82 2.63857
14.83 2.63159
14.84 2.63569
14.85 2.64901
14.86 2.66494
14.87 2.67519
14.88 2.67547
14.89 2.66929
14.9 2.66615
14.91 2.66909
14.92 2.66708
14.93 2.65059
14.94 2.63491
14.95 2.63536
14.96 2.63326
14.97 2.62002
14.98 2.61153
14.99 2.61941
15 2.63647
15.01 2.65113
15.02 2.6593
15.03 2.66141
15.04 2.65797
15.05 2.64891
15.06 2.63556
15.07 2.62161
15.08 2.60833
15.09 2.59728
15.1 2.59829
15.11 2.61401
15.12 2.63349
15.13 2.6495
15.14 2.66058
15.15 2.66543
15.16 2.6624
15.17 2.6503
15.18 2.63123
15.19 2.61506
15.2 2.61549
15.21 2.63305
15.22 2.65448
15.23 2.66925
15.24 2.67346
15.25 2.66694
15.26 2.651
15.27 2.62206
15.28 2.57315
15.29 2.53076
15.3 2.54134
15.31 2.57365
15.32 2.5861
15.33 2.58936
15.34 2.5968
15.35 2.59834
15.36 2.58587
15.37 2.56863
15.38 2.57234
15.39 2.60849
15.4 2.64884
15.41 2.67376
15.42 2.68429
15.43 2.68432
15.44 2.67658
15.45 2.66429
15.46 2.64978
15.47 2.6317
15.48 2.61621
15.49 2.6244
15.5 2.63986
15.51 2.63198
15.52 2.6149
15.53 2.59224
15.54 2.57063
15.55 2.62551
15.56 2.67852
15.57 2.68559
15.58 2.66117
15.59 2.62567
15.6 2.63352
15.61 2.66307
15.62 2.67411
15.63 2.67385
15.64 2.66802
15.65 2.65078
15.66 2.62644
15.67 2.6159
15.68 2.62504
15.69 2.63742
15.7 2.64212
15.71 2.64035
15.72 2.63737
15.73 2.63643
15.74 2.63577
15.75 2.63332
15.76 2.63069
15.77 2.62214
15.78 2.59646
15.79 2.57346
15.8 2.59121
15.81 2.63279
15.82 2.66419
15.83 2.68024
15.84 2.68546
15.85 2.68156
15.86 2.66694
15.87 2.64031
15.88 2.61077
15.89 2.60093
15.9 2.61301
15.91 2.62428
15.92 2.62683
15.93 2.62763
15.94 2.63242
15.95 2.6404
15.96 2.64762
15.97 2.65151
15.98 2.65236
15.99 2.65271
16 2.65546
16.01 2.66191
16.02 2.67114
16.03 2.68097
16.04 2.68909
16.05 2.69312
16.06 2.69057
16.07 2.67981
16.08 2.66148
16.09 2.63919
16.1 2.61318
16.11 2.55106
16.12 2.49686
16.13 2.58141
16.14 2.62188
16.15 2.62445
16.16 2.62451
16.17 2.61209
16.18 2.59632
16.19 2.61481
16.2 2.66021
16.21 2.69197
16.22 2.70532
16.23 2.7088
16.24 2.70571
16.25 2.69534
16.26 2.67812
16.27 2.66043
16.28 2.65295
16.29 2.6607
16.3 2.67545
16.31 2.68614
16.32 2.69109
16.33 2.69306
16.34 2.6932
16.35 2.69137
16.36 2.68716
16.37 2.68
16.38 2.67014
16.39 2.6615
16.4 2.65979
16.41 2.66366
16.42 2.66877
16.43 2.67427
16.44 2.67666
16.45 2.66963
16.46 2.65571
16.47 2.65279
16.48 2.66629
16.49 2.67976
16.5 2.68545
16.51 2.68561
16.52 2.6828
16.53 2.67892
16.54 2.67556
16.55 2.67253
16.56 2.66759
16.57 2.65957
16.58 2.65057
16.59 2.64406
16.6 2.642
16.61 2.64515
16.62 2.65282
16.63 2.66089
16.64 2.66319
16.65 2.65722
16.66 2.6484
16.67 2.64191
16.68 2.63392
16.69 2.62847
16.7 2.63736
16.71 2.65243
16.72 2.6593
16.73 2.65782
16.74 2.65312
16.75 2.64516
16.76 2.62771
16.77 2.59983
16.78 2.58338
16.79 2.59875
16.8 2.62883
16.81 2.65219
16.82 2.66019
16.83 2.65048
16.84 2.6346
16.85 2.63426
16.86 2.64869
16.87 2.66267
16.88 2.671
16.89 2.67284
16.9 2.67019
16.91 2.6695
16.92 2.67717
16.93 2.6919
16.94 2.70599
16.95 2.71346
16.96 2.71179
16.97 2.70029
16.98 2.68098
16.99 2.6593
17 2.64375
17.01 2.64855
17.02 2.67086
17.03 2.68147
17.04 2.66076
17.05 2.59905
17.06 2.55237
17.07 2.5964
17.08 2.64188
17.09 2.66166
17.1 2.66743
17.11 2.65949
17.12 2.64115
17.13 2.62992
17.14 2.64323
17.15 2.67337
17.16 2.69872
17.17 2.70483
17.18 2.6837
17.19 2.64454
17.2 2.6319
17.21 2.64775
17.22 2.65961
17.23 2.66749
17.24 2.67367
17.25 2.67587
17.26 2.67535
17.27 2.67417
17.28 2.67226
17.29 2.66948
17.3 2.6671
17.31 2.66626
17.32 2.66485
17.33 2.65794
17.34 2.64531
17.35 2.63681
17.36 2.64083
17.37 2.65037
17.38 2.65345
17.39 2.64653
17.4 2.64118
17.41 2.65395
17.42 2.67319
17.43 2.68036
17.44 2.67443
17.45 2.65895
17.46 2.63546
17.47 2.61569
17.48 2.62127
17.49 2.63914
17.5 2.64134
17.51 2.63284
17.52 2.63257
17.53 2.63865
17.54 2.64218
17.55 2.64547
17.56 2.64826
17.57 2.64346
17.58 2.62883
17.59 2.61223
17.6 2.60743
17.61 2.61957
17.62 2.6361
17.63 2.63884
17.64 2.61978
17.65 2.60104
17.66 2.60947
17.67 2.62296
17.68 2.62648
17.69 2.62791
17.7 2.62948
17.71 2.62861
17.72 2.62772
17.73 2.63282
17.74 2.64573
17.75 2.66202
17.76 2.67631
17.77 2.68593
17.78 2.69039
17.79 2.68962
17.8 2.68327
17.81 2.67143
17.82 2.65606
17.83 2.641
17.84 2.63054
17.85 2.62876
17.86 2.63496
17.87 2.63966
17.88 2.63541
17.89 2.63119
17.9 2.64255
17.91 2.66397
17.92 2.6817
17.93 2.69144
17.94 2.69377
17.95 2.69122
17.96 2.6875
17.97 2.68523
17.98 2.68445
17.99 2.68354
18 2.67878
18.01 2.66562
18.02 2.64485
18.03 2.62657
18.04 2.62221
18.05 2.63035
18.06 2.64141
18.07 2.64628
18.08 2.63483
18.09 2.60829
18.1 2.6038
18.11 2.62524
18.12 2.63481
18.13 2.64847
18.14 2.67641
18.15 2.69745
18.16 2.70607
18.17 2.7069
18.18 2.70287
18.19 2.69572
18.2 2.68736
18.21 2.67922
18.22 2.67094
18.23 2.66179
18.24 2.65682
18.25 2.66317
18.26 2.67316
18.27 2.6745
18.28 2.67155
18.29 2.67774
18.3 2.69326
18.31 2.70793
18.32 2.71669
18.33 2.71938
18.34 2.7159
18.35 2.70424
18.36 2.68206
18.37 2.65413
18.38 2.63572
18.39 2.63621
18.4 2.64554
18.41 2.65198
18.42 2.66159
18.43 2.67473
18.44 2.67749
18.45 2.66388
18.46 2.64429
18.47 2.63522
18.48 2.64447
18.49 2.6674
18.5 2.69063
18.51 2.70343
18.52 2.7026
18.53 2.68823
18.54 2.66137
18.55 2.6242
18.56 2.58493
18.57 2.57335
18.58 2.60387
18.59 2.64416
18.6 2.66982
18.61 2.67558
18.62 2.66799
18.63 2.66278
18.64 2.66952
18.65 2.67761
18.66 2.6795
18.67 2.67962
18.68 2.68109
18.69 2.68108
18.7 2.67602
18.71 2.66642
18.72 2.65672
18.73 2.65041
18.74 2.64521
18.75 2.63518
18.76 2.61989
18.77 2.60966
18.78 2.61173
18.79 2.61902
18.8 2.62284
18.81 2.62004
18.82 2.61318
18.83 2.61217
18.84 2.62251
18.85 2.63582
18.86 2.64241
18.87 2.64078
18.88 2.63555
18.89 2.632
18.9 2.63185
18.91 2.63417
18.92 2.63787
18.93 2.64207
18.94 2.64577
18.95 2.64816
18.96 2.64903
18.97 2.64923
18.98 2.65051
18.99 2.65351
19 2.65422
19.01 2.64038
19.02 2.59687
19.03 2.57014
19.04 2.61004
19.05 2.64433
19.06 2.65281
19.07 2.65017
19.08 2.64275
19.09 2.63212
19.1 2.61871
19.11 2.60446
19.12 2.59594
19.13 2.59901
19.14 2.61086
19.15 2.62578
19.16 2.64108
19.17 2.65526
19.18 2.66553
19.19 2.66774
19.2 2.65788
19.21 2.6352
19.22 2.60669
19.23 2.58476
19.24 2.57402
19.25 2.57118
19.26 2.57144
19.27 2.56654
19.28 2.55375
19.29 2.5451
19.3 2.55823
19.31 2.59169
19.32 2.62832
19.33 2.65646
19.34 2.67272
19.35 2.67787
19.36 2.67246
19.37 2.65544
19.38 2.62802
19.39 2.59956
19.4 2.58268
19.41 2.57856
19.42 2.5799
19.43 2.58343
19.44 2.58726
19.45 2.58891
19.46 2.58788
19.47 2.58783
19.48 2.59456
19.49 2.60861
19.5 2.62409
19.51 2.6325
19.52 2.62509
19.53 2.59544
19.54 2.55449
19.55 2.53539
19.56 2.54424
19.57 2.55896
19.58 2.57323
19.59 2.5918
19.6 2.61179
19.61 2.62782
19.62 2.63883
19.63 2.64565
19.64 2.64844
19.65 2.64616
19.66 2.63679
19.67 2.61884
19.68 2.5959
19.69 2.57962
19.7 2.57863
19.71 2.58877
19.72 2.60219
19.73 2.61346
19.74 2.6194
19.75 2.61969
19.76 2.61578
19.77 2.60902
19.78 2.60061
19.79 2.59234
19.8 2.58655
19.81 2.58601
19.82 2.59207
19.83 2.60116
19.84 2.60872
19.85 2.61531
19.86 2.62297
19.87 2.6302
19.88 2.63288
19.89 2.62672
19.9 2.61257
19.91 2.60531
19.92 2.615
19.93 2.62826
19.94 2.63606
19.95 2.64077
19.96 2.64394
19.97 2.64386
19.98 2.63624
19.99 2.61324
20 2.57401
20.01 2.55137
20.02 2.56568
20.03 2.59208
20.04 2.60731
20.05 2.59907
20.06 2.57687
20.07 2.56691
20.08 2.5785
20.09 2.59508
20.1 2.60502
20.11 2.61267
20.12 2.62446
20.13 2.6347
20.14 2.63683
20.15 2.63324
20.16 2.63022
20.17 2.63199
20.18 2.63859
20.19 2.64681
20.2 2.65206
20.21 2.64957
20.22 2.63553
20.23 2.60826
20.24 2.56759
20.25 2.51574
20.26 2.49191
20.27 2.54727
20.28 2.61554
20.29 2.65146
20.3 2.66725
20.31 2.67341
20.32 2.67309
20.33 2.66642
20.34 2.65283
20.35 2.63241
20.36 2.6079
20.37 2.58697
20.38 2.57898
20.39 2.58611
20.4 2.60208
20.41 2.61882
20.42 2.63021
20.43 2.63115
20.44 2.61926
20.45 2.60345
20.46 2.60211
20.47 2.61906
20.48 2.63969
20.49 2.65459
20.5 2.66337
20.51 2.66678
20.52 2.66655
20.53 2.66622
20.54 2.66813
20.55 2.67136
20.56 2.67373
20.57 2.67446
20.58 2.67401
20.59 2.67111
20.6 2.65932
20.61 2.63109
20.62 2.59578
20.63 2.5858
20.64 2.61627
20.65 2.66141
20.66 2.69265
20.67 2.70388
20.68 2.70152
20.69 2.69266
20.7 2.68082
20.71 2.66519
20.72 2.64424
20.73 2.62252
20.74 2.61152
20.75 2.61896
20.76 2.6396
20.77 2.66096
20.78 2.67367
20.79 2.67424
20.8 2.66446
20.81 2.65079
20.82 2.6397
20.83 2.63491
20.84 2.63917
20.85 2.65063
20.86 2.661
20.87 2.66473
20.88 2.66371
20.89 2.66197
20.9 2.66174
20.91 2.66359
20.92 2.66652
20.93 2.66815
20.94 2.66588
20.95 2.65823
20.96 2.64774
20.97 2.64299
20.98 2.6469
20.99 2.65077
21 2.65218
21.01 2.65759
21.02 2.66878
21.03 2.68111
21.04 2.68961
21.05 2.69115
21.06 2.68366
21.07 2.66698
21.08 2.64513
21.09 2.62407
21.1 2.61576
21.11 2.6335
21.12 2.65713
21.13 2.6545
21.14 2.62641
21.15 2.61432
21.16 2.63161
21.17 2.66112
21.18 2.68384
21.19 2.69507
21.2 2.70102
21.21 2.70481
21.22 2.70538
21.23 2.70037
21.24 2.68818
21.25 2.66987
21.26 2.65052
21.27 2.63617
21.28 2.62818
21.29 2.62296
21.3 2.61685
21.31 2.6155
21.32 2.62989
21.33 2.65137
21.34 2.66591
21.35 2.67474
21.36 2.68471
21.37 2.69715
21.38 2.70756
21.39 2.7109
21.4 2.70455
21.41 2.68822
21.42 2.66571
21.43 2.64613
21.44 2.64055
21.45 2.65186
21.46 2.6693
21.47 2.6796
21.48 2.67698
21.49 2.6661
21.5 2.65698
21.51 2.64992
21.52 2.63801
21.53 2.61875
21.54 2.60498
21.55 2.61999
21.56 2.65661
21.57 2.68508
21.58 2.69415
21.59 2.68983
21.6 2.67956
21.61 2.66763
21.62 2.6558
21.63 2.64817
21.64 2.65855
21.65 2.68364
21.66 2.70358
21.67 2.71495
21.68 2.72206
21.69 2.72493
21.7 2.7211
21.71 2.70902
21.72 2.69014
21.73 2.66968
21.74 2.65422
21.75 2.6475
21.76 2.64883
21.77 2.65493
21.78 2.66456
21.79 2.67887
21.8 2.69698
21.81 2.71494
21.82 2.72905
21.83 2.7375
21.84 2.73934
21.85 2.73305
21.86 2.71611
21.87 2.68785
21.88 2.65774
21.89 2.64803
21.9 2.66962
21.91 2.70392
21.92 2.72846
21.93 2.73644
21.94 2.72957
21.95 2.71126
21.96 2.69153
21.97 2.68355
21.98 2.68117
21.99 2.66855
22 2.6471
22.01 2.6364
22.02 2.64575
22.03 2.6616
22.04 2.67791
22.05 2.69555
22.06 2.70885
22.07 2.71275
22.08 2.70838
22.09 2.70067
22.1 2.6945
22.11 2.69196
22.12 2.69279
22.13 2.69665
22.14 2.7027
22.15 2.70607
22.16 2.69942
22.17 2.67773
22.18 2.6465
22.19 2.62794
22.2 2.62385
22.21 2.61436
22.22 2.61156
22.23 2.63108
22.24 2.65942
22.25 2.68226
22.26 2.69579
22.27 2.69962
22.28 2.69375
22.29 2.6778
22.3 2.65266
22.31 2.62652
22.32 2.61754
22.33 2.63168
22.34 2.6516
22.35 2.66462
22.36 2.67037
22.37 2.67177
22.38 2.67106
22.39 2.66813
22.4 2.66039
22.41 2.64375
22.42 2.61487
22.43 2.58071
22.44 2.5648
22.45 2.57629
22.46 2.59649
22.47 2.61886
22.48 2.64512
22.49 2.66674
22.5 2.6785
22.51 2.68251
22.52 2.68118
22.53 2.67507
22.54 2.6668
22.55 2.66338
22.56 2.66837
22.57 2.67622
22.58 2.67917
22.59 2.67236
22.6 2.65385
22.61 2.62693
22.62 2.60212
22.63 2.59858
22.64 2.62319
22.65 2.64279
22.66 2.6399
22.67 2.62634
22.68 2.62066
22.69 2.62892
22.7 2.63493
22.71 2.6341
22.72 2.6373
22.73 2.6486
22.74 2.66207
22.75 2.67165
22.76 2.67515
22.77 2.67195
22.78 2.66161
22.79 2.64709
22.8 2.63685
22.81 2.63562
22.82 2.63926
22.83 2.64267
22.84 2.64325
22.85 2.64312
22.86 2.65004
22.87 2.66628
22.88 2.68251
22.89 2.69041
22.9 2.68829
22.91 2.67585
22.92 2.65076
22.93 2.61418
22.94 2.58541
22.95 2.59334
22.96 2.62976
22.97 2.66175
22.98 2.67772
22.99 2.68317
23 2.68434
23.01 2.68215
23.02 2.67157
23.03 2.64561
23.04 2.61021
23.05 2.60227
23.06 2.63884
23.07 2.67682
23.08 2.69238
23.09 2.69079
23.1 2.67831
23.11 2.66038
23.12 2.64763
23.13 2.64544
23.14 2.6422
23.15 2.62827
23.16 2.61118
23.17 2.60135
23.18 2.60809
23.19 2.63158
23.2 2.65249
23.21 2.6629
23.22 2.66812
23.23 2.67367
23.24 2.6816
23.25 2.68995
23.26 2.69374
23.27 2.68771
23.28 2.66928
23.29 2.64231
23.3 2.61781
23.31 2.60591
23.32 2.61282
23.33 2.6352
23.34 2.65748
23.35 2.66564
23.36 2.65042
23.37 2.61287
23.38 2.58519
23.39 2.59317
23.4 2.61865
23.41 2.64137
23.42 2.65038
23.43 2.64399
23.44 2.63475
23.45 2.63858
23.46 2.65173
23.47 2.66419
23.48 2.67424
23.49 2.68176
23.5 2.68506
23.51 2.68068
23.52 2.66279
23.53 2.63106
23.54 2.60705
23.55 2.60792
23.56 2.62023
23.57 2.62515
23.58 2.62113
23.59 2.62507
23.6 2.63946
23.61 2.65278
23.62 2.658
23.63 2.6539
23.64 2.64628
23.65 2.6397
23.66 2.62763
23.67 2.61079
23.68 2.61208
23.69 2.64314
23.7 2.67797
23.71 2.69542
23.72 2.69855
23.73 2.6975
23.74 2.69871
23.75 2.70259
23.76 2.70588
23.77 2.70499
23.78 2.69728
23.79 2.6817
23.8 2.66319
23.81 2.65564
23.82 2.66401
23.83 2.67235
23.84 2.66562
23.85 2.64428
23.86 2.62503
23.87 2.62471
23.88 2.641
23.89 2.66364
23.9 2.68702
23.91 2.70769
23.92 2.72168
23.93 2.72631
23.94 2.72023
23.95 2.70342
23.96 2.68166
23.97 2.67071
23.98 2.68135
23.99 2.7011
24 2.71199
24.01 2.70631
24.02 2.68427
24.03 2.65818
24.04 2.64501
24.05 2.6453
24.06 2.65315
24.07 2.66701
24.08 2.68314
24.09 2.696
24.1 2.69613
24.11 2.67452
24.12 2.64463
24.13 2.63768
24.14 2.66283
24.15 2.69399
24.16 2.70847
24.17 2.71094
24.18 2.71006
24.19 2.70926
24.2 2.70963
24.21 2.71002
24.22 2.70585
24.23 2.7004
24.24 2.70445
24.25 2.71248
24.26 2.71415
24.27 2.71144
24.28 2.70969
24.29 2.71098
24.3 2.71416
24.31 2.71638
24.32 2.7148
24.33 2.70809
24.34 2.6971
24.35 2.68621
24.36 2.68201
24.37 2.68869
24.38 2.70515
24.39 2.72336
24.4 2.72905
24.41 2.7094
24.42 2.67991
24.43 2.67185
24.44 2.67076
24.45 2.6775
24.46 2.69102
24.47 2.69828
24.48 2.70426
24.49 2.71385
24.5 2.72457
24.51 2.7342
24.52 2.74209
24.53 2.7458
24.54 2.74239
24.55 2.73374
24.56 2.72793
24.57 2.72812
24.58 2.72582
24.59 2.71427
24.6 2.70216
24.61 2.70328
24.62 2.70712
24.63 2.69211
24.64 2.66189
24.65 2.65729
24.66 2.6828
24.67 2.70236
24.68 2.70616
24.69 2.69159
24.7 2.65465
24.71 2.62582
24.72 2.63271
24.73 2.64067
24.74 2.64164
24.75 2.6478
24.76 2.65334
24.77 2.64545
24.78 2.63371
24.79 2.6369
24.8 2.63932
24.81 2.62871
24.82 2.61052
24.83 2.57859
24.84 2.54835
24.85 2.57494
24.86 2.63132
24.87 2.65917
24.88 2.65621
24.89 2.63256
24.9 2.61205
24.91 2.62038
24.92 2.64029
24.93 2.65182
24.94 2.65609
24.95 2.65926
24.96 2.66517
24.97 2.6741
24.98 2.68409
24.99 2.69285
25 2.69862
25.01 2.70007
25.02 2.69579
25.03 2.68387
25.04 2.66086
25.05 2.62117
25.06 2.58741
25.07 2.61673
25.08 2.67223
25.09 2.70329
25.1 2.71261
25.11 2.70913
25.12 2.69757
25.13 2.68031
25.14 2.65882
25.15 2.63329
25.16 2.61055
25.17 2.61285
25.18 2.63804
25.19 2.65685
25.2 2.66289
25.21 2.66644
25.22 2.67306
25.23 2.68026
25.24 2.68474
25.25 2.68626
25.26 2.68603
25.27 2.68436
25.28 2.67944
25.29 2.66991
25.3 2.66036
25.31 2.65549
25.32 2.65242
25.33 2.64942
25.34 2.64792
25.35 2.6481
25.36 2.64881
25.37 2.6478
25.38 2.64399
25.39 2.63997
25.4 2.63952
25.41 2.64417
25.42 2.65183
25.43 2.65689
25.44 2.65434
25.45 2.64407
25.46 2.63088
25.47 2.62112
25.48 2.61454
25.49 2.60971
25.5 2.61631
25.51 2.63258
25.52 2.6443
25.53 2.64264
25.54 2.62623
25.55 2.60923
25.56 2.60939
25.57 2.62173
25.58 2.63168
25.59 2.64191
25.6 2.65671
25.61 2.66914
25.62 2.67578
25.63 2.67912
25.64 2.68167
25.65 2.68423
25.66 2.68669
25.67 2.68875
25.68 2.69005
25.69 2.68998
25.7 2.68774
25.71 2.68263
25.72 2.67489
25.73 2.6667
25.74 2.6613
25.75 2.66054
25.76 2.66508
25.77 2.67478
25.78 2.6863
25.79 2.69521
25.8 2.6997
25.81 2.69865
25.82 2.68815
25.83 2.6658
25.84 2.64275
25.85 2.6328
25.86 2.62202
25.87 2.60942
25.88 2.63672
25.89 2.68299
25.9 2.7072
25.91 2.71217
25.92 2.69861
25.93 2.66519
25.94 2.66964
25.95 2.72106
25.96 2.75332
25.97 2.76197
25.98 2.76017
25.99 2.75549
26 2.75172
26.01 2.74865
26.02 2.74328
26.03 2.73324
26.04 2.71898
26.05 2.70459
26.06 2.69664
26.07 2.6983
26.08 2.70619
26.09 2.71555
26.1 2.72271
26.11 2.72297
26.12 2.71295
26.13 2.69911
26.14 2.69387
26.15 2.6977
26.16 2.69578
26.17 2.67884
26.18 2.67325
26.19 2.69261
26.2 2.71393
26.21 2.72784
26.22 2.73352
26.23 2.73133
26.24 2.72602
26.25 2.72039
26.26 2.70468
26.27 2.66391
26.28 2.62656
26.29 2.63697
26.3 2.66029
26.31 2.68184
26.32 2.70825
26.33 2.72979
26.34 2.73967
26.35 2.73984
26.36 2.7349
26.37 2.72979
26.38 2.72821
26.39 2.73045
26.4 2.73417
26.41 2.73757
26.42 2.74048
26.43 2.74288
26.44 2.7434
26.45 2.73873
26.46 2.72504
26.47 2.70469
26.48 2.69046
26.49 2.68937
26.5 2.70066
26.51 2.72056
26.52 2.73676
26.53 2.74242
26.54 2.7386
26.55 2.72898
26.56 2.71893
26.57 2.71263
26.58 2.7078
26.59 2.69886
26.6 2.6877
26.61 2.68507
26.62 2.69528
26.63 2.70837
26.64 2.71399
26.65 2.71151
26.66 2.70683
26.67 2.70568
26.68 2.70963
26.69 2.7151
26.7 2.71695
26.71 2.71291
26.72 2.70375
26.73 2.6936
26.74 2.69134
26.75 2.70175
26.76 2.7174
26.77 2.72974
26.78 2.73666
26.79 2.73893
26.8 2.73704
26.81 2.73091
26.82 2.72125
26.83 2.71089
26.84 2.70277
26.85 2.6971
26.86 2.69064
26.87 2.67815
26.88 2.66408
26.89 2.65532
26.9 2.63936
26.91 2.61813
26.92 2.61769
26.93 2.64183
26.94 2.6678
26.95 2.6815
26.96 2.68285
26.97 2.67404
26.98 2.65785
26.99 2.64535
27 2.64648
27.01 2.65132
27.02 2.64982
27.03 2.6482
27.04 2.65352
27.05 2.6609
27.06 2.66253
27.07 2.65428
27.08 2.63199
27.09 2.59712
27.1 2.57744
27.11 2.59088
27.12 2.61205
27.13 2.62705
27.14 2.63684
27.15 2.64156
27.16 2.64026
27.17 2.63286
27.18 2.62165
27.19 2.61195
27.2 2.60988
27.21 2.6169
27.22 2.6285
27.23 2.63952
27.24 2.64704
27.25 2.64935
27.26 2.64514
27.27 2.63565
27.28 2.62947
27.29 2.63639
27.3 2.65191
27.31 2.66477
27.32 2.67048
27.33 2.66949
27.34 2.66422
27.35 2.65994
27.36 2.66238
27.37 2.67128
27.38 2.67934
27.39 2.67886
27.4 2.66974
27.41 2.66266
27.42 2.66464
27.43 2.66933
27.44 2.67377
27.45 2.68056
27.46 2.68858
27.47 2.69487
27.48 2.69716
27.49 2.69309
27.5 2.68066
27.51 2.66131
27.52 2.64159
27.53 2.62646
27.54 2.61383
27.55 2.60134
27.56 2.59262
27.57 2.59246
27.58 2.60268
27.59 2.62404
27.6 2.65252
27.61 2.67656
27.62 2.68939
27.63 2.69275
27.64 2.69009
27.65 2.68378
27.66 2.67591
27.67 2.66913
27.68 2.66563
27.69 2.66535
27.7 2.66606
27.71 2.66527
27.72 2.66109
27.73 2.65226
27.74 2.6391
27.75 2.62554
27.76 2.61831
27.77 2.62069
27.78 2.62982
27.79 2.64112
27.8 2.65059
27.81 2.65479
27.82 2.6532
27.83 2.64881
27.84 2.64014
27.85 2.61869
27.86 2.60195
27.87 2.62259
27.88 2.65062
27.89 2.66328
27.9 2.66677
27.91 2.66826
27.92 2.67222
27.93 2.67427
27.94 2.67013
27.95 2.66339
27.96 2.65997
27.97 2.66196
27.98 2.66691
27.99 2.67011
28 2.6663
28.01 2.65182
28.02 2.63014
28.03 2.61963
28.04 2.6399
28.05 2.67222
28.06 2.68945
28.07 2.68982
28.08 2.68164
28.09 2.67336
28.1 2.67059
28.11 2.67439
28.12 2.68109
28.13 2.68472
28.14 2.68292
28.15 2.67952
28.16 2.68072
28.17 2.69136
28.18 2.7065
28.19 2.71669
28.2 2.7196
28.21 2.71709
28.22 2.71082
28.23 2.70162
28.24 2.6897
28.25 2.67483
28.26 2.65737
28.27 2.63996
28.28 2.62677
28.29 2.62449
28.3 2.64145
28.31 2.66794
28.32 2.68752
28.33 2.69602
28.34 2.69143
28.35 2.67191
28.36 2.65389
28.37 2.65699
28.38 2.66351
28.39 2.66215
28.4 2.66585
28.41 2.68078
28.42 2.69949
28.43 2.71413
28.44 2.72205
28.45 2.72359
28.46 2.71998
28.47 2.71278
28.48 2.704
28.49 2.69632
28.5 2.69261
28.51 2.69392
28.52 2.6971
28.53 2.69711
28.54 2.69255
28.55 2.68696
28.56 2.68506
28.57 2.68598
28.58 2.68136
28.59 2.66414
28.6 2.6358
28.61 2.60822
28.62 2.59682
28.63 2.60811
28.64 2.6316
28.65 2.65072
28.66 2.66201
28.67 2.67097
28.68 2.67983
28.69 2.68539
28.7 2.68391
28.71 2.67222
28.72 2.64878
28.73 2.62589
28.74 2.6212
28.75 2.62705
28.76 2.6292
28.77 2.62525
28.78 2.62171
28.79 2.62902
28.8 2.64663
28.81 2.66239
28.82 2.66895
28.83 2.66557
28.84 2.6533
28.85 2.63592
28.86 2.62224
28.87 2.6187
28.88 2.62058
28.89 2.62034
28.9 2.61675
28.91 2.61305
28.92 2.61264
28.93 2.61626
28.94 2.62281
28.95 2.63183
28.96 2.6425
28.97 2.65184
28.98 2.6567
28.99 2.65608
29 2.65071
29.01 2.6413
29.02 2.63091
29.03 2.63157
29.04 2.64998
29.05 2.67201
29.06 2.68511
29.07 2.68695
29.08 2.67721
29.09 2.66108
29.1 2.6524
29.11 2.65265
29.12 2.64816
29.13 2.63447
29.14 2.6174
29.15 2.60079
29.16 2.59248
29.17 2.60717
29.18 2.63497
29.19 2.65161
29.2 2.65776
29.21 2.66311
29.22 2.66566
29.23 2.66407
29.24 2.66196
29.25 2.66143
29.26 2.66342
29.27 2.66924
29.28 2.67814
29.29 2.68486
29.3 2.68167
29.31 2.66375
29.32 2.63593
29.33 2.61995
29.34 2.63014
29.35 2.6479
29.36 2.65634
29.37 2.65388
29.38 2.64583
29.39 2.6439
29.4 2.65729
29.41 2.67746
29.42 2.68953
29.43 2.68773
29.44 2.67201
29.45 2.63963
29.46 2.59334
29.47 2.57036
29.48 2.58689
29.49 2.60515
29.5 2.61004
29.51 2.61275
29.52 2.62278
29.53 2.64946
29.54 2.68353
29.55 2.70723
29.56 2.7159
29.57 2.71324
29.58 2.70397
29.59 2.69203
29.6 2.68229
29.61 2.67768
29.62 2.67116
29.63 2.65473
29.64 2.63624
29.65 2.62945
29.66 2.62669
29.67 2.6132
29.68 2.61376
29.69 2.64513
29.7 2.67675
29.71 2.6941
29.72 2.70088
29.73 2.70182
29.74 2.701
29.75 2.69863
29.76 2.6892
29.77 2.66844
29.78 2.63954
29.79 2.61231
29.8 2.59733
29.81 2.58666
29.82 2.56793
29.83 2.56943
29.84 2.60297
29.85 2.63643
29.86 2.65693
29.87 2.66873
29.88 2.67585
29.89 2.67985
29.9 2.68052
29.91 2.67628
29.92 2.66518
29.93 2.64716
29.94 2.62712
29.95 2.61618
29.96 2.62494
29.97 2.64681
29.98 2.6651
29.99 2.67395
30 2.67599
30.01 2.67441
30.02 2.67144
30.03 2.66899
30.04 2.66772
30.05 2.66609
30.06 2.66244
30.07 2.65715
30.08 2.65234
30.09 2.65417
30.1 2.66501
30.11 2.67393
30.12 2.67104
30.13 2.65498
30.14 2.6335
30.15 2.62134
30.16 2.62172
30.17 2.62755
30.18 2.63683
30.19 2.65196
30.2 2.66878
30.21 2.67926
30.22 2.67975
30.23 2.66362
30.24 2.62134
30.25 2.57876
30.26 2.58925
30.27 2.6352
30.28 2.66666
30.29 2.67298
30.3 2.66367
30.31 2.6477
30.32 2.63474
30.33 2.63189
30.34 2.63716
30.35 2.64387
30.36 2.6493
30.37 2.6562
30.38 2.66779
30.39 2.68267
30.4 2.69614
30.41 2.70435
30.42 2.70506
30.43 2.69601
30.44 2.67442
30.45 2.64139
30.46 2.6114
30.47 2.60515
30.48 2.62031
30.49 2.63588
30.5 2.64274
30.51 2.64993
30.52 2.66293
30.53 2.67321
30.54 2.67476
30.55 2.66899
30.56 2.65855
30.57 2.64393
30.58 2.62364
30.59 2.59995
30.6 2.58713
30.61 2.59797
30.62 2.62025
30.63 2.63264
30.64 2.62652
30.65 2.60675
30.66 2.58952
30.67 2.59271
30.68 2.61708
30.69 2.64718
30.7 2.66959
30.71 2.67797
30.72 2.67005
30.73 2.65268
30.74 2.64234
30.75 2.63952
30.76 2.62837
30.77 2.60299
30.78 2.57907
30.79 2.58322
30.8 2.61246
30.81 2.641
30.82 2.65479
30.83 2.6528
30.84 2.6385
30.85 2.61926
30.86 2.60901
30.87 2.61899
30.88 2.63713
30.89 2.65012
30.9 2.65719
30.91 2.66081
30.92 2.6635
30.93 2.66584
30.94 2.66643
30.95 2.66358
30.96 2.65667
30.97 2.64873
30.98 2.64801
30.99 2.65836
31 2.67336
31.01 2.68676
31.02 2.69655
31.03 2.70155
31.04 2.70038
31.05 2.69243
31.06 2.67874
31.07 2.65868
31.08 2.62543
31.09 2.58869
31.1 2.58869
31.11 2.61488
31.12 2.63155
31.13 2.63532
31.14 2.62926
31.15 2.6235
31.16 2.63559
31.17 2.6623
31.18 2.68544
31.19 2.69753
31.2 2.70057
31.21 2.69847
31.22 2.69492
31.23 2.69249
31.24 2.69129
31.25 2.68868
31.26 2.68109
31.27 2.66694
31.28 2.64596
31.29 2.62202
31.3 2.6162
31.31 2.63445
31.32 2.65443
31.33 2.6664
31.34 2.67195
31.35 2.67228
31.36 2.66647
31.37 2.65542
31.38 2.64425
31.39 2.64025
31.4 2.64568
31.41 2.65254
31.42 2.65508
31.43 2.6606
31.44 2.67139
31.45 2.6779
31.46 2.67972
31.47 2.68267
31.48 2.68597
31.49 2.68775
31.5 2.68753
31.51 2.68275
31.52 2.66898
31.53 2.6481
31.54 2.6335
31.55 2.62766
31.56 2.62558
31.57 2.62862
31.58 2.6283
31.59 2.62265
31.6 2.62979
31.61 2.65715
31.62 2.68687
31.63 2.70369
31.64 2.70481
31.65 2.69142
31.66 2.6713
31.67 2.65919
31.68 2.65591
31.69 2.65156
31.7 2.64522
31.71 2.63924
31.72 2.63467
31.73 2.63297
31.74 2.63549
31.75 2.64247
31.76 2.65084
31.77 2.65677
31.78 2.65931
31.79 2.6597
31.8 2.65935
31.81 2.65938
31.82 2.66057
31.83 2.6618
31.84 2.66099
31.85 2.65853
31.86 2.65601
31.87 2.65179
31.88 2.64554
31.89 2.64328
31.9 2.64428
31.91 2.63851
31.92 2.62721
31.93 2.61973
31.94 2.61801
31.95 2.62221
31.96 2.62926
31.97 2.63407
31.98 2.63514
31.99 2.62919
32 2.61313
32.01 2.59717
32.02 2.60062
32.03 2.62444
32.04 2.65012
32.05 2.66515
32.06 2.66951
32.07 2.66717
32.08 2.66084
32.09 2.65175
32.1 2.64215
32.11 2.63656
32.12 2.63798
32.13 2.64401
32.14 2.64969
32.15 2.65227
32.16 2.65184
32.17 2.64719
32.18 2.63983
32.19 2.63553
32.2 2.62957
32.21 2.61585
32.22 2.6091
32.23 2.62312
32.24 2.64549
32.25 2.66273
32.26 2.67133
32.27 2.67047
32.28 2.66052
32.29 2.64163
32.3 2.61051
32.31 2.5664
32.32 2.52595
32.33 2.52907
32.34 2.57466
32.35 2.61657
32.36 2.64279
32.37 2.65574
32.38 2.65727
32.39 2.65089
32.4 2.63969
32.41 2.62783
32.42 2.62317
32.43 2.62907
32.44 2.6415
32.45 2.65438
32.46 2.66224
32.47 2.66249
32.48 2.65539
32.49 2.64251
32.5 2.62626
32.51 2.61007
32.52 2.59834
32.53 2.59486
32.54 2.59791
32.55 2.59884
32.56 2.59192
32.57 2.58858
32.58 2.60799
32.59 2.63847
32.6 2.65722
32.61 2.66145
32.62 2.65793
32.63 2.6543
32.64 2.65572
32.65 2.66173
32.66 2.66758
32.67 2.66925
32.68 2.66786
32.69 2.66896
32.7 2.67267
32.71 2.67145
32.72 2.66067
32.73 2.64527
32.74 2.63665
32.75 2.63669
32.76 2.63245
32.77 2.61201
32.78 2.57994
32.79 2.55864
32.8 2.56186
32.81 2.57854
32.82 2.59304
32.83 2.6008
32.84 2.60598
32.85 2.6128
32.86 2.62318
32.87 2.63806
32.88 2.65451
32.89 2.66561
32.9 2.66517
32.91 2.65132
32.92 2.633
32.93 2.6274
32.94 2.63077
32.95 2.62566
32.96 2.61092
32.97 2.59668
32.98 2.5928
32.99 2.60342
33 2.61738
33.01 2.62176
33.02 2.61703
33.03 2.60989
33.04 2.60399
33.05 2.5967
33.06 2.58756
33.07 2.58433
33.08 2.59047
33.09 2.60029
33.1 2.60603
33.11 2.60509
33.12 2.60772
33.13 2.62021
33.14 2.62965
33.15 2.62766
33.16 2.61976
33.17 2.6148
33.18 2.61334
33.19 2.60727
33.2 2.59851
33.21 2.59885
33.22 2.59738
33.23 2.57075
33.24 2.5473
33.25 2.58771
33.26 2.62634
33.27 2.63029
33.28 2.63013
33.29 2.63715
33.3 2.64247
33.31 2.64277
33.32 2.64389
33.33 2.64997
33.34 2.65919
33.35 2.66661
33.36 2.66838
33.37 2.66524
33.38 2.66239
33.39 2.66305
33.4 2.6639
33.41 2.66033
33.42 2.65118
33.43 2.63774
33.44 2.62233
33.45 2.61096
33.46 2.61439
33.47 2.63332
33.48 2.65206
33.49 2.65903
33.5 2.6553
33.51 2.6477
33.52 2.64232
33.53 2.64073
33.54 2.64089
33.55 2.64057
33.56 2.63854
33.57 2.63
33.58 2.60993
33.59 2.58873
33.6 2.5818
33.61 2.58036
33.62 2.57486
33.63 2.59246
33.64 2.63111
33.65 2.65533
33.66 2.66164
33.67 2.65713
33.68 2.64331
33.69 2.62058
33.7 2.60142
33.71 2.6058
33.72 2.62356
33.73 2.6301
33.74 2.62413
33.75 2.61989
33.76 2.62347
33.77 2.62927
33.78 2.63348
33.79 2.63747
33.8 2.64281
33.81 2.64812
33.82 2.65157
33.83 2.65275
33.84 2.65145
33.85 2.64754
33.86 2.6428
33.87 2.64127
33.88 2.64488
33.89 2.65085
33.9 2.65551
33.91 2.6578
33.92 2.65861
33.93 2.65937
33.94 2.66116
33.95 2.66417
33.96 2.66762
33.97 2.67005
33.98 2.66926
33.99 2.66268
34 2.64957
34.01 2.63541
34.02 2.63106
34.03 2.64124
34.04 2.6583
34.05 2.67041
34.06 2.67129
34.07 2.66169
34.08 2.64685
34.09 2.63625
34.1 2.64058
34.11 2.65823
34.12 2.67597
34.13 2.68653
34.14 2.69071
34.15 2.6904
34.16 2.68618
34.17 2.68212
34.18 2.68563
34.19 2.69272
34.2 2.69238
34.21 2.68533
34.22 2.68171
34.23 2.68651
34.24 2.69397
34.25 2.69459
34.26 2.68213
34.27 2.65879
34.28 2.63821
34.29 2.63488
34.3 2.64402
34.31 2.64399
34.32 2.62671
34.33 2.60878
34.34 2.59376
34.35 2.58392
34.36 2.60085
34.37 2.6408
34.38 2.6752
34.39 2.68813
34.4 2.68412
34.41 2.67813
34.42 2.6825
34.43 2.69473
34.44 2.70495
34.45 2.70885
34.46 2.70671
34.47 2.70037
34.48 2.69154
34.49 2.67883
34.5 2.65652
34.51 2.62493
34.52 2.60621
34.53 2.61439
34.54 2.63654
34.55 2.65909
34.56 2.67415
34.57 2.6737
34.58 2.64803
34.59 2.6263
34.6 2.6462
34.61 2.66827
34.62 2.67664
34.63 2.6791
34.64 2.67531
34.65 2.66366
34.66 2.64533
34.67 2.62564
34.68 2.61465
34.69 2.61871
34.7 2.63171
34.71 2.64473
34.72 2.65528
34.73 2.66149
34.74 2.65547
34.75 2.6356
34.76 2.62091
34.77 2.62105
34.78 2.63647
34.79 2.65994
34.8 2.6744
34.81 2.67678
34.82 2.6719
34.83 2.66705
34.84 2.66621
34.85 2.66302
34.86 2.65086
34.87 2.63571
34.88 2.6343
34.89 2.64848
34.9 2.66218
34.91 2.67036
34.92 2.67653
34.93 2.67916
34.94 2.67323
34.95 2.65819
34.96 2.64394
34.97 2.64455
34.98 2.65697
34.99 2.66515
35 2.662
35.01 2.6537
35.02 2.64592
35.03 2.63305
35.04 2.61592
35.05 2.60857
35.06 2.6173
35.07 2.63475
35.08 2.65333
35.09 2.66958
35.1 2.68029
35.11 2.68203
35.12 2.67222
35.13 2.65271
35.14 2.63901
35.15 2.64436
35.16 2.65447
35.17 2.65628
35.18 2.65603
35.19 2.66304
35.2 2.67543
35.21 2.68443
35.22 2.68468
35.23 2.67548
35.24 2.65852
35.25 2.63732
35.26 2.61588
35.27 2.59616
35.28 2.57994
35.29 2.57388
35.3 2.5838
35.31 2.60349
35.32 2.62003
35.33 2.62695
35.34 2.62653
35.35 2.62434
35.36 2.62429
35.37 2.62685
35.38 2.63048
35.39 2.63399
35.4 2.63721
35.41 2.64001
35.42 2.64202
35.43 2.64284
35.44 2.64206
35.45 2.63911
35.46 2.63332
35.47 2.62447
35.48 2.61394
35.49 2.60536
35.5 2.60173
35.51 2.60201
35.52 2.60135
35.53 2.59395
35.54 2.5789
35.55 2.56694
35.56 2.57288
35.57 2.59275
35.58 2.61141
35.59 2.62319
35.6 2.62987
35.61 2.63395
35.62 2.63633
35.63 2.63627
35.64 2.63291
35.65 2.62687
35.66 2.61892
35.67 2.60548
35.68 2.58347
35.69 2.56723
35.7 2.57958
35.71 2.61336
35.72 2.63642
35.73 2.62481
35.74 2.58452
35.75 2.58928
35.76 2.6367
35.77 2.65929
35.78 2.66169
35.79 2.66013
35.8 2.65951
35.81 2.65869
35.82 2.65551
35.83 2.64807
35.84 2.63528
35.85 2.61847
35.86 2.60226
35.87 2.59214
35.88 2.59084
35.89 2.59845
35.9 2.6112
35.91 2.62165
35.92 2.62695
35.93 2.62968
35.94 2.63057
35.95 2.62897
35.96 2.63068
35.97 2.64326
35.98 2.6618
35.99 2.6775
36 2.68821
36.01 2.69378
36.02 2.69246
36.03 2.68211
36.04 2.6632
36.05 2.64102
36.06 2.62371
36.07 2.61812
36.08 2.62372
36.09 2.62895
36.1 2.61801
36.11 2.59098
36.12 2.59265
36.13 2.63178
36.14 2.663
36.15 2.67759
36.16 2.68227
36.17 2.67878
36.18 2.66438
36.19 2.63885
36.2 2.61745
36.21 2.61584
36.22 2.61859
36.23 2.61004
36.24 2.59976
36.25 2.59905
36.26 2.6047
36.27 2.61244
36.28 2.62262
36.29 2.63309
36.3 2.6392
36.31 2.63859
36.32 2.63323
36.33 2.62686
36.34 2.62251
36.35 2.62507
36.36 2.63437
36.37 2.6409
36.38 2.63947
36.39 2.63445
36.4 2.63154
36.41 2.62872
36.42 2.62139
36.43 2.61458
36.44 2.61867
36.45 2.63395
36.46 2.65057
36.47 2.66124
36.48 2.66453
36.49 2.66055
36.5 2.6492
36.51 2.632
36.52 2.61535
36.53 2.60985
36.54 2.61865
36.55 2.63136
36.56 2.63931
36.57 2.64242
36.58 2.63971
36.59 2.62607
36.6 2.60129
36.61 2.58096
36.62 2.5808
36.63 2.5898
36.64 2.60321
36.65 2.62564
36.66 2.64239
36.67 2.64904
36.68 2.65007
36.69 2.64338
36.7 2.62442
36.71 2.60703
36.72 2.61291
36.73 2.62619
36.74 2.62916
36.75 2.6271
36.76 2.62761
36.77 2.62944
36.78 2.62799
36.79 2.62636
36.8 2.6313
36.81 2.64089
36.82 2.64787
36.83 2.6495
36.84 2.64647
36.85 2.63876
36.86 2.6273
36.87 2.61762
36.88 2.61655
36.89 2.62308
36.9 2.62738
36.91 2.62025
36.92 2.60258
36.93 2.59031
36.94 2.59366
36.95 2.59809
36.96 2.59641
36.97 2.59572
36.98 2.59347
36.99 2.58222
37 2.57705
37.01 2.59861
37.02 2.62781
37.03 2.64212
37.04 2.63724
37.05 2.6154
37.06 2.59562
37.07 2.6038
37.08 2.62497
37.09 2.63787
37.1 2.64374
37.11 2.64831
37.12 2.65409
37.13 2.66009
37.14 2.66364
37.15 2.6616
37.16 2.65008
37.17 2.62595
37.18 2.59405
37.19 2.57116
37.2 2.57019
37.21 2.58878
37.22 2.61305
37.23 2.62582
37.24 2.62232
37.25 2.61451
37.26 2.61269
37.27 2.61819
37.28 2.62975
37.29 2.63312
37.3 2.62406
37.31 2.62969
37.32 2.65115
37.33 2.66047
37.34 2.6558
37.35 2.64882
37.36 2.64545
37.37 2.64383
37.38 2.64049
37.39 2.63508
37.4 2.629
37.41 2.62308
37.42 2.6195
37.43 2.62204
37.44 2.63012
37.45 2.6379
37.46 2.64022
37.47 2.63571
37.48 2.62663
37.49 2.61763
37.5 2.61332
37.51 2.61578
37.52 2.62235
37.53 2.6275
37.54 2.62826
37.55 2.62559
37.56 2.62125
37.57 2.61468
37.58 2.60494
37.59 2.59575
37.6 2.59364
37.61 2.59933
37.62 2.60797
37.63 2.61453
37.64 2.61581
37.65 2.61178
37.66 2.60461
37.67 2.59583
37.68 2.58659
37.69 2.57899
37.7 2.57557
37.71 2.57918
37.72 2.59012
37.73 2.60236
37.74 2.61041
37.75 2.61506
37.76 2.61933
37.77 2.62405
37.78 2.62826
37.79 2.63136
37.8 2.63358
37.81 2.63533
37.82 2.63662
37.83 2.63704
37.84 2.63597
37.85 2.63281
37.86 2.62749
37.87 2.62134
37.88 2.61714
37.89 2.61586
37.9 2.61141
37.91 2.59214
37.92 2.55694
37.93 2.5328
37.94 2.54814
37.95 2.58298
37.96 2.60725
37.97 2.61905
37.98 2.62667
37.99 2.63405
38 2.63925
38.01 2.6378
38.02 2.62421
38.03 2.59467
38.04 2.56229
38.05 2.55479
38.06 2.56194
38.07 2.56215
38.08 2.56827
38.09 2.58949
38.1 2.61253
38.11 2.62484
38.12 2.62671
38.13 2.62595
38.14 2.62903
38.15 2.6376
38.16 2.64966
38.17 2.66159
38.18 2.67119
38.19 2.67895
38.2 2.68629
38.21 2.69334
38.22 2.69812
38.23 2.69697
38.24 2.68604
38.25 2.66635
38.26 2.65034
38.27 2.64921
38.28 2.65739
38.29 2.66903
38.3 2.68233
38.31 2.69292
38.32 2.69667
38.33 2.69221
38.34 2.68123
38.35 2.66839
38.36 2.65921
38.37 2.65555
38.38 2.65228
38.39 2.63879
38.4 2.60848
38.41 2.58444
38.42 2.60303
38.43 2.64483
38.44 2.67511
38.45 2.68478
38.46 2.67582
38.47 2.6541
38.48 2.62717
38.49 2.60233
38.5 2.5866
38.51 2.58439
38.52 2.59833
38.53 2.62414
38.54 2.64818
38.55 2.66145
38.56 2.66487
38.57 2.66383
38.58 2.6636
38.59 2.66687
38.6 2.67314
38.61 2.67975
38.62 2.68369
38.63 2.68289
38.64 2.67725
38.65 2.66909
38.66 2.66168
38.67 2.65594
38.68 2.64948
38.69 2.63953
38.7 2.62588
38.71 2.61186
38.72 2.60254
38.73 2.59935
38.74 2.59792
38.75 2.59139
38.76 2.57951
38.77 2.57526
38.78 2.58874
38.79 2.60962
38.8 2.62349
38.81 2.62899
38.82 2.63273
38.83 2.64069
38.84 2.65334
38.85 2.66617
38.86 2.67384
38.87 2.6731
38.88 2.66466
38.89 2.65456
38.9 2.65059
38.91 2.65313
38.92 2.65512
38.93 2.64837
38.94 2.62113
38.95 2.57219
38.96 2.56055
38.97 2.5874
38.98 2.58944
38.99 2.57059
39 2.56411
39.01 2.59077
39.02 2.62568
39.03 2.64504
39.04 2.64973
39.05 2.64493
39.06 2.63108
39.07 2.61371
39.08 2.61099
39.09 2.6243
39.1 2.63608
39.11 2.64025
39.12 2.63908
39.13 2.63477
39.14 2.62956
39.15 2.62651
39.16 2.62689
39.17 2.62869
39.18 2.62933
39.19 2.62854
39.2 2.62823
39.21 2.63068
39.22 2.63657
39.23 2.6444
39.24 2.65127
39.25 2.6533
39.26 2.64537
39.27 2.62535
39.28 2.61047
39.29 2.62274
39.3 2.64116
39.31 2.63558
39.32 2.6108
39.33 2.61243
39.34 2.6414
39.35 2.6599
39.36 2.66651
39.37 2.67042
39.38 2.6753
39.39 2.6808
39.4 2.68522
39.41 2.68733
39.42 2.68766
39.43 2.68881
39.44 2.69224
39.45 2.69545
39.46 2.69542
39.47 2.69288
39.48 2.69148
39.49 2.69275
39.5 2.69067
39.51 2.67642
39.52 2.65497
39.53 2.64902
39.54 2.66392
39.55 2.67904
39.56 2.68364
39.57 2.68103
39.58 2.67997
39.59 2.68688
39.6 2.70013
39.61 2.71134
39.62 2.71267
39.63 2.70442
39.64 2.69642
39.65 2.69563
39.66 2.69705
39.67 2.69554
39.68 2.69238
39.69 2.6915
39.7 2.69534
39.71 2.70258
39.72 2.70982
39.73 2.71505
39.74 2.71811
39.75 2.71948
39.76 2.71936
39.77 2.71763
39.78 2.71378
39.79 2.70659
39.8 2.69376
39.81 2.67518
39.82 2.6609
39.83 2.66331
39.84 2.6744
39.85 2.67998
39.86 2.67834
39.87 2.67367
39.88 2.66795
39.89 2.65631
39.9 2.62668
39.91 2.58774
39.92 2.58649
39.93 2.62609
39.94 2.66938
39.95 2.68669
39.96 2.67899
39.97 2.6575
39.98 2.63283
39.99 2.61548
40 2.60992
40.01 2.60914
40.02 2.59909
40.03 2.57697
40.04 2.58379
40.05 2.62671
40.06 2.65731
40.07 2.66858
40.08 2.6707
40.09 2.6682
40.1 2.6614
40.11 2.65051
40.12 2.6395
40.13 2.6352
40.14 2.63899
40.15 2.64258
40.16 2.63735
40.17 2.62272
40.18 2.60542
40.19 2.59488
40.2 2.59733
40.21 2.61085
40.22 2.62696
40.23 2.63832
40.24 2.64154
40.25 2.6348
40.26 2.62176
40.27 2.6158
40.28 2.62337
40.29 2.63605
40.3 2.6469
40.31 2.6536
40.32 2.65254
40.33 2.6366
40.34 2.60237
40.35 2.57014
40.36 2.56929
40.37 2.60138
40.38 2.64258
40.39 2.66955
40.4 2.67947
40.41 2.67785
40.42 2.66923
40.43 2.65817
40.44 2.65094
40.45 2.65064
40.46 2.65165
40.47 2.64469
40.48 2.62543
40.49 2.60237
40.5 2.59155
40.51 2.59215
40.52 2.59515
40.53 2.59859
40.54 2.60059
40.55 2.59681
40.56 2.59296
40.57 2.60914
40.58 2.63552
40.59 2.65015
40.6 2.65511
40.61 2.65636
40.62 2.65338
40.63 2.64735
40.64 2.64738
40.65 2.65788
40.66 2.66927
40.67 2.67105
40.68 2.65989
40.69 2.63941
40.7 2.62152
40.71 2.61896
40.72 2.63061
40.73 2.64478
40.74 2.6529
40.75 2.65488
40.76 2.65609
40.77 2.65803
40.78 2.65451
40.79 2.63777
40.8 2.6071
40.81 2.58413
40.82 2.59276
40.83 2.61388
40.84 2.6257
40.85 2.62997
40.86 2.63198
40.87 2.63151
40.88 2.62702
40.89 2.61914
40.9 2.60997
40.91 2.60203
40.92 2.59809
40.93 2.59962
40.94 2.60428
40.95 2.60817
40.96 2.60992
40.97 2.60898
40.98 2.60434
40.99 2.598
41 2.59422
41.01 2.59299
41.02 2.58953
41.03 2.58074
41.04 2.56819
41.05 2.5576
41.06 2.55894
41.07 2.57797
41.08 2.60433
41.09 2.62091
41.1 2.61813
41.11 2.60043
41.12 2.59255
41.13 2.60896
41.14 2.62679
41.15 2.62585
41.16 2.60729
41.17 2.57984
41.18 2.56147
41.19 2.57446
41.2 2.60883
41.21 2.63666
41.22 2.64852
41.23 2.64843
41.24 2.6417
41.25 2.63222
41.26 2.62356
41.27 2.61874
41.28 2.61808
41.29 2.61938
41.3 2.62194
41.31 2.62765
41.32 2.63716
41.33 2.64802
41.34 2.6573
41.35 2.66339
41.36 2.66613
41.37 2.66667
41.38 2.66685
41.39 2.66748
41.4 2.6668
41.41 2.66118
41.42 2.64823
41.43 2.6317
41.44 2.62379
41.45 2.6325
41.46 2.64741
41.47 2.65343
41.48 2.64684
41.49 2.63179
41.5 2.61034
41.51 2.59036
41.52 2.5883
41.53 2.60207
41.54 2.61986
41.55 2.63779
41.56 2.65367
41.57 2.6651
41.58 2.67164
41.59 2.67515
41.6 2.67789
41.61 2.68041
41.62 2.68174
41.63 2.68069
41.64 2.67704
41.65 2.67228
41.66 2.66925
41.67 2.66947
41.68 2.66976
41.69 2.66297
41.7 2.64975
41.71 2.64909
41.72 2.666
41.73 2.68106
41.74 2.68606
41.75 2.6826
41.76 2.67164
41.77 2.65388
41.78 2.63181
41.79 2.61619
41.8 2.6205
41.81 2.64222
41.82 2.6704
41.83 2.69492
41.84 2.7093
41.85 2.71325
41.86 2.71011
41.87 2.70226
41.88 2.6888
41.89 2.6684
41.9 2.6481
41.91 2.64158
41.92 2.64614
41.93 2.64652
41.94 2.63751
41.95 2.62452
41.96 2.61839
41.97 2.62155
41.98 2.62505
41.99 2.63859
42 2.66824
42.01 2.6918
42.02 2.69988
42.03 2.69745
42.04 2.68947
42.05 2.67881
42.06 2.66732
42.07 2.65661
42.08 2.64825
42.09 2.64377
42.1 2.64395
42.11 2.64792
42.12 2.65294
42.13 2.65488
42.14 2.64879
42.15 2.63044
42.16 2.60371
42.17 2.58755
42.18 2.5924
42.19 2.60815
42.2 2.62794
42.21 2.64672
42.22 2.65934
42.23 2.66451
42.24 2.66273
42.25 2.65438
42.26 2.64079
42.27 2.6254
42.28 2.61036
42.29 2.59387
42.3 2.57856
42.31 2.5757
42.32 2.59003
42.33 2.61255
42.34 2.63063
42.35 2.63924
42.36 2.64165
42.37 2.64408
42.38 2.64959
42.39 2.65413
42.4 2.64827
42.41 2.62382
42.42 2.59608
42.43 2.60156
42.44 2.62416
42.45 2.63222
42.46 2.62449
42.47 2.60947
42.48 2.60089
42.49 2.60696
42.5 2.61879
42.51 2.62507
42.52 2.62394
42.53 2.61936
42.54 2.6161
42.55 2.61664
42.56 2.62004
42.57 2.6238
42.58 2.62607
42.59 2.62612
42.6 2.62407
42.61 2.62167
42.62 2.6218
42.63 2.62411
42.64 2.62363
42.65 2.61654
42.66 2.60393
42.67 2.59004
42.68 2.58157
42.69 2.5838
42.7 2.59245
42.71 2.60164
42.72 2.60952
42.73 2.61462
42.74 2.61657
42.75 2.61558
42.76 2.61142
42.77 2.6061
42.78 2.60379
42.79 2.60517
42.8 2.6068
42.81 2.60659
42.82 2.6047
42.83 2.60071
42.84 2.59645
42.85 2.59724
42.86 2.60227
42.87 2.60567
42.88 2.60534
42.89 2.60158
42.9 2.59266
42.91 2.57518
42.92 2.55158
42.93 2.54309
42.94 2.56765
42.95 2.60065
42.96 2.61847
42.97 2.62572
42.98 2.63507
42.99 2.64984
43 2.66418
43.01 2.67238
43.02 2.67207
43.03 2.66368
43.04 2.64814
43.05 2.62507
43.06 2.59583
43.07 2.57268
43.08 2.57433
43.09 2.59849
43.1 2.62714
43.11 2.65146
43.12 2.67025
43.13 2.68163
43.14 2.68231
43.15 2.67427
43.16 2.6688
43.17 2.67129
43.18 2.67453
43.19 2.67494
43.2 2.67524
43.21 2.67788
43.22 2.68316
43.23 2.68913
43.24 2.69036
43.25 2.68101
43.26 2.66766
43.27 2.67175
43.28 2.69386
43.29 2.71402
43.3 2.72383
43.31 2.72404
43.32 2.71654
43.33 2.70396
43.34 2.69121
43.35 2.68375
43.36 2.68164
43.37 2.68006
43.38 2.6751
43.39 2.66391
43.4 2.64413
43.41 2.61902
43.42 2.60211
43.43 2.60769
43.44 2.63438
43.45 2.66476
43.46 2.6816
43.47 2.67859
43.48 2.65759
43.49 2.62702
43.5 2.62149
43.51 2.66109
43.52 2.69755
43.53 2.69933
43.54 2.67196
43.55 2.64963
43.56 2.66278
43.57 2.68628
43.58 2.69443
43.59 2.69112
43.6 2.68101
43.61 2.66591
43.62 2.65272
43.63 2.64979
43.64 2.66145
43.65 2.68324
43.66 2.7031
43.67 2.7126
43.68 2.70889
43.69 2.69168
43.7 2.6628
43.71 2.62903
43.72 2.60567
43.73 2.60699
43.74 2.62977
43.75 2.65688
43.76 2.67369
43.77 2.67938
43.78 2.68404
43.79 2.68999
43.8 2.69159
43.81 2.69439
43.82 2.70603
43.83 2.71855
43.84 2.72294
43.85 2.71975
43.86 2.71224
43.87 2.7006
43.88 2.68184
43.89 2.6546
43.9 2.6236
43.91 2.59596
43.92 2.58443
43.93 2.60371
43.94 2.63083
43.95 2.64198
43.96 2.64474
43.97 2.65057
43.98 2.65818
43.99 2.66297
44 2.66325
44.01 2.65657
44.02 2.63912
44.03 2.6106
44.04 2.58449
44.05 2.58307
44.06 2.60534
44.07 2.62956
44.08 2.64539
44.09 2.65592
44.1 2.66276
44.11 2.66382
44.12 2.65935
44.13 2.65212
44.14 2.64459
44.15 2.63829
44.16 2.63519
44.17 2.63681
44.18 2.64193
44.19 2.6477
44.2 2.65172
44.21 2.65183
44.22 2.6456
44.23 2.63103
44.24 2.60923
44.25 2.58785
44.26 2.57872
44.27 2.58726
44.28 2.60661
44.29 2.62602
44.3 2.64038
44.31 2.64965
44.32 2.6551
44.33 2.65704
44.34 2.65415
44.35 2.64467
44.36 2.62881
44.37 2.60498
44.38 2.56355
44.39 2.52724
44.4 2.54907
44.41 2.59166
44.42 2.61565
44.43 2.62681
44.44 2.63466
44.45 2.6433
44.46 2.65243
44.47 2.66026
44.48 2.66556
44.49 2.66782
44.5 2.66654
44.51 2.66089
44.52 2.65071
44.53 2.63848
44.54 2.62894
44.55 2.62486
44.56 2.62522
44.57 2.62701
44.58 2.62845
44.59 2.6299
44.6 2.63115
44.61 2.63075
44.62 2.62665
44.63 2.61675
44.64 2.60281
44.65 2.59375
44.66 2.59716
44.67 2.61208
44.68 2.62888
44.69 2.63356
44.7 2.62114
44.71 2.60299
44.72 2.60039
44.73 2.61968
44.74 2.64422
44.75 2.65872
44.76 2.66424
44.77 2.66949
44.78 2.67877
44.79 2.68965
44.8 2.69916
44.81 2.7068
44.82 2.71302
44.83 2.71804
44.84 2.72133
44.85 2.72127
44.86 2.71454
44.87 2.69615
44.88 2.66426
44.89 2.62973
44.9 2.60486
44.91 2.59285
44.92 2.60901
44.93 2.64776
44.94 2.67626
44.95 2.68417
44.96 2.68727
44.97 2.6992
44.98 2.71422
44.99 2.7237
45 2.72651
45.01 2.72436
45.02 2.71914
45.03 2.71169
45.04 2.69991
45.05 2.68274
45.06 2.66624
45.07 2.65717
45.08 2.65794
45.09 2.66948
45.1 2.68728
45.11 2.70312
45.12 2.71261
45.13 2.71626
45.14 2.71554
45.15 2.71095
45.16 2.70316
45.17 2.69463
45.18 2.68757
45.19 2.67803
45.2 2.65672
45.21 2.63769
45.22 2.65259
45.23 2.67907
45.24 2.69072
45.25 2.69013
45.26 2.68532
45.27 2.68097
45.28 2.67655
45.29 2.67354
45.3 2.67656
45.31 2.68643
45.32 2.69811
45.33 2.70699
45.34 2.7123
45.35 2.71254
45.36 2.70158
45.37 2.6722
45.38 2.63088
45.39 2.61012
45.4 2.6297
45.41 2.66379
45.42 2.68532
45.43 2.6922
45.44 2.69518
45.45 2.70329
45.46 2.71621
45.47 2.72786
45.48 2.73343
45.49 2.73121
45.5 2.7225
45.51 2.71329
45.52 2.71248
45.53 2.72072
45.54 2.72742
45.55 2.72072
45.56 2.69486
45.57 2.66543
45.58 2.66683
45.59 2.69378
45.6 2.71437
45.61 2.71808
45.62 2.70956
45.63 2.69606
45.64 2.68123
45.65 2.66542
45.66 2.65337
45.67 2.65296
45.68 2.66256
45.69 2.67411
45.7 2.68197
45.71 2.68308
45.72 2.6763
45.73 2.66241
45.74 2.64581
45.75 2.63558
45.76 2.63809
45.77 2.64834
45.78 2.65844
45.79 2.66668
45.8 2.6739
45.81 2.67983
45.82 2.68444
45.83 2.68851
45.84 2.69158
45.85 2.69111
45.86 2.68367
45.87 2.66582
45.88 2.63199
45.89 2.57359
45.9 2.52828
45.91 2.55457
45.92 2.5849
45.93 2.59045
45.94 2.59592
45.95 2.61242
45.96 2.63481
45.97 2.65314
45.98 2.66016
45.99 2.65862
46 2.66034
46.01 2.67156
46.02 2.68295
46.03 2.68424
46.04 2.67462
46.05 2.66153
46.06 2.65689
46.07 2.65989
46.08 2.6608
46.09 2.65781
46.1 2.64887
46.11 2.6339
46.12 2.62687
46.13 2.63775
46.14 2.65227
46.15 2.65724
46.16 2.65546
46.17 2.65276
46.18 2.6487
46.19 2.64063
46.2 2.63359
46.21 2.63779
46.22 2.65229
46.23 2.66736
46.24 2.67808
46.25 2.68448
46.26 2.68737
46.27 2.68597
46.28 2.67746
46.29 2.6622
46.3 2.65134
46.31 2.65434
46.32 2.66106
46.33 2.65757
46.34 2.64294
46.35 2.63313
46.36 2.64571
46.37 2.67169
46.38 2.68962
46.39 2.68838
46.4 2.66818
46.41 2.65279
46.42 2.66737
46.43 2.69043
46.44 2.70131
46.45 2.69937
46.46 2.68311
46.47 2.65074
46.48 2.61689
46.49 2.60714
46.5 2.61767
46.51 2.62359
46.52 2.62041
46.53 2.62148
46.54 2.63204
46.55 2.64958
46.56 2.66741
46.57 2.67844
46.58 2.68194
46.59 2.68024
46.6 2.67558
46.61 2.6688
46.62 2.66111
46.63 2.65643
46.64 2.65769
46.65 2.6626
46.66 2.66599
46.67 2.66374
46.68 2.654
46.69 2.63903
46.7 2.62532
46.71 2.61453
46.72 2.6042
46.73 2.60206
46.74 2.61643
46.75 2.64062
46.76 2.66266
46.77 2.67612
46.78 2.6792
46.79 2.67036
46.8 2.64716
46.81 2.62021
46.82 2.61609
46.83 2.62926
46.84 2.63409
46.85 2.63253
46.86 2.63763
46.87 2.64573
46.88 2.64671
46.89 2.63846
46.9 2.62516
46.91 2.61404
46.92 2.61214
46.93 2.6208
46.94 2.63418
46.95 2.64486
46.96 2.64923
46.97 2.64812
46.98 2.64505
46.99 2.64368
47 2.64476
47.01 2.64511
47.02 2.64016
47.03 2.62976
47.04 2.62373
47.05 2.6314
47.06 2.64604
47.07 2.65701
47.08 2.66007
47.09 2.65264
47.1 2.63171
47.11 2.59886
47.12 2.57145
47.13 2.57082
47.14 2.58337
47.15 2.58801
47.16 2.58627
47.17 2.58559
47.18 2.58735
47.19 2.58913
47.2 2.59099
47.21 2.59566
47.22 2.60412
47.23 2.61329
47.24 2.61885
47.25 2.62202
47.26 2.6288
47.27 2.637
47.28 2.63706
47.29 2.62905
47.3 2.62669
47.31 2.63381
47.32 2.638
47.33 2.63639
47.34 2.63705
47.35 2.64105
47.36 2.63988
47.37 2.62719
47.38 2.60597
47.39 2.58849
47.4 2.58513
47.41 2.59274
47.42 2.60106
47.43 2.60655
47.44 2.61413
47.45 2.62576
47.46 2.63452
47.47 2.63123
47.48 2.61341
47.49 2.59658
47.5 2.5998
47.51 2.60349
47.52 2.5869
47.53 2.57239
47.54 2.57149
47.55 2.5745
47.56 2.58125
47.57 2.58866
47.58 2.59646
47.59 2.61303
47.6 2.63622
47.61 2.65441
47.62 2.66499
47.63 2.66924
47.64 2.66708
47.65 2.65864
47.66 2.64519
47.67 2.62984
47.68 2.61931
47.69 2.62034
47.7 2.63067
47.71 2.64127
47.72 2.64753
47.73 2.65279
47.74 2.66008
47.75 2.66447
47.76 2.65954
47.77 2.64757
47.78 2.64053
47.79 2.64503
47.8 2.65165
47.81 2.64871
47.82 2.63654
47.83 2.6268
47.84 2.62538
47.85 2.62564
47.86 2.62203
47.87 2.6139
47.88 2.60526
47.89 2.60508
47.9 2.61757
47.91 2.6341
47.92 2.64306
47.93 2.64113
47.94 2.63245
47.95 2.62382
47.96 2.61745
47.97 2.60902
47.98 2.5893
47.99 2.56976
48 2.60315
48.01 2.64612
48.02 2.65482
48.03 2.64398
48.04 2.63188
48.05 2.62854
48.06 2.62866
48.07 2.62157
48.08 2.60935
48.09 2.60613
48.1 2.61907
48.11 2.63901
48.12 2.65412
48.13 2.66183
48.14 2.66513
48.15 2.6638
48.16 2.6533
48.17 2.63231
48.18 2.60468
48.19 2.58473
48.2 2.6024
48.21 2.64171
48.22 2.66796
48.23 2.67696
48.24 2.67525
48.25 2.67049
48.26 2.6712
48.27 2.68057
48.28 2.69256
48.29 2.69985
48.3 2.69869
48.31 2.68796
48.32 2.66941
48.33 2.64781
48.34 2.6279
48.35 2.61814
48.36 2.6297
48.37 2.65463
48.38 2.67815
48.39 2.69376
48.4 2.69934
48.41 2.70108
48.42 2.70377
48.43 2.69995
48.44 2.68538
48.45 2.67475
48.46 2.67792
48.47 2.68218
48.48 2.67665
48.49 2.66787
48.5 2.66763
48.51 2.67271
48.52 2.67169
48.53 2.66337
48.54 2.66234
48.55 2.68168
48.56 2.70737
48.57 2.71531
48.58 2.70567
48.59 2.70618
48.6 2.72238
48.61 2.73433
48.62 2.73717
48.63 2.73452
48.64 2.72866
48.65 2.72023
48.66 2.70895
48.67 2.69501
48.68 2.68158
48.69 2.67351
48.7 2.67133
48.71 2.67132
48.72 2.66988
48.73 2.66269
48.74 2.64389
48.75 2.61616
48.76 2.61027
48.77 2.63964
48.78 2.67006
48.79 2.68652
48.8 2.69269
48.81 2.69259
48.82 2.68896
48.83 2.68426
48.84 2.68076
48.85 2.67945
48.86 2.6796
48.87 2.67982
48.88 2.67883
48.89 2.67564
48.9 2.66977
48.91 2.66187
48.92 2.6545
48.93 2.65223
48.94 2.65799
48.95 2.66871
48.96 2.67822
48.97 2.68305
48.98 2.68353
48.99 2.68185
49 2.68003
49.01 2.67914
49.02 2.67975
49.03 2.6821
49.04 2.6849
49.05 2.68491
49.06 2.67876
49.07 2.66397
49.08 2.6395
49.09 2.61315
49.1 2.60419
49.11 2.61403
49.12 2.62882
49.13 2.64656
49.14 2.66183
49.15 2.66367
49.16 2.64863
49.17 2.62585
49.18 2.61756
49.19 2.63081
49.2 2.64688
49.21 2.65314
49.22 2.64507
49.23 2.6176
49.24 2.58778
49.25 2.6002
49.26 2.6384
49.27 2.66611
49.28 2.6802
49.29 2.68182
49.3 2.67064
49.31 2.65324
49.32 2.64426
49.33 2.64791
49.34 2.65383
49.35 2.65932
49.36 2.67018
49.37 2.68524
49.38 2.69799
49.39 2.70551
49.4 2.70827
49.41 2.70741
49.42 2.70421
49.43 2.70019
49.44 2.69611
49.45 2.69106
49.46 2.68344
49.47 2.67301
49.48 2.66337
49.49 2.66205
49.5 2.67265
49.51 2.69006
49.52 2.70661
49.53 2.7173
49.54 2.72014
49.55 2.71548
49.56 2.7062
49.57 2.69742
49.58 2.69337
49.59 2.69378
49.6 2.69558
49.61 2.69701
49.62 2.69815
49.63 2.69923
49.64 2.69985
49.65 2.69915
49.66 2.69634
49.67 2.69135
49.68 2.68486
49.69 2.67623
49.7 2.65684
49.71 2.60621
49.72 2.56765
49.73 2.61341
49.74 2.64814
49.75 2.65272
49.76 2.66218
49.77 2.67903
49.78 2.68392
49.79 2.6708
49.8 2.64903
49.81 2.63097
49.82 2.61264
49.83 2.57581
49.84 2.54634
49.85 2.57669
49.86 2.62412
49.87 2.65407
49.88 2.67096
49.89 2.68028
49.9 2.68495
49.91 2.68685
49.92 2.68728
49.93 2.68704
49.94 2.68653
49.95 2.68573
49.96 2.68424
49.97 2.68141
49.98 2.67709
49.99 2.67252
50 2.67026
50.01 2.67147
50.02 2.67278
50.03 2.66802
50.04 2.6561
50.05 2.64713
50.06 2.6507
50.07 2.66023
50.08 2.66703
50.09 2.67349
50.1 2.67975
50.11 2.67204
50.12 2.63345
50.13 2.58229
50.14 2.58508
50.15 2.62305
50.16 2.64244
50.17 2.64896
50.18 2.65542
50.19 2.66
50.2 2.65366
50.21 2.62941
50.22 2.58989
50.23 2.56014
50.24 2.56305
50.25 2.58098
50.26 2.59949
50.27 2.62328
50.28 2.64788
50.29 2.66417
50.3 2.66978
50.31 2.66028
50.32 2.63101
50.33 2.59318
50.34 2.56975
50.35 2.56609
50.36 2.57676
50.37 2.59758
50.38 2.6206
50.39 2.63745
50.4 2.64906
50.41 2.65539
50.42 2.65413
50.43 2.64493
50.44 2.63295
50.45 2.62983
50.46 2.63948
50.47 2.65082
50.48 2.65538
50.49 2.6537
50.5 2.64844
50.51 2.63814
50.52 2.61755
50.53 2.59378
50.54 2.58808
50.55 2.59356
50.56 2.59383
50.57 2.59471
50.58 2.60263
50.59 2.61306
50.6 2.62057
50.61 2.62585
50.62 2.6327
50.63 2.64326
50.64 2.65638
50.65 2.66919
50.66 2.67949
50.67 2.68616
50.68 2.68816
50.69 2.68269
50.7 2.66265
50.71 2.61316
50.72 2.52573
50.73 2.47343
50.74 2.51573
50.75 2.56681
50.76 2.59981
50.77 2.62651
50.78 2.64619
50.79 2.65844
50.8 2.66704
50.81 2.67104
50.82 2.66468
50.83 2.64934
50.84 2.64331
50.85 2.65533
50.86 2.66817
50.87 2.66922
50.88 2.65776
50.89 2.64426
50.9 2.64613
50.91 2.66162
50.92 2.67389
50.93 2.67336
50.94 2.6534
50.95 2.61137
50.96 2.58913
50.97 2.61847
50.98 2.65006
50.99 2.66598
