x y
0 1.81348
0.01 1.81293
0.02 1.81163
0.03 1.80958
0.04 1.80746
0.05 1.80674
0.06 1.80917
0.07 1.81537
0.08 1.82435
0.09 1.83442
0.1 1.84428
0.11 1.85319
0.12 1.86038
0.13 1.86429
0.14 1.86186
0.15 1.85008
0.16 1.83399
0.17 1.8277
0.18 1.83197
0.19 1.84071
0.2 1.85527
0.21 1.86841
0.22 1.87199
0.23 1.86879
0.24 1.86653
0.25 1.86737
0.26 1.86555
0.27 1.85607
0.28 1.85216
0.29 1.8731
0.3 1.90013
0.31 1.91394
0.32 1.91963
0.33 1.92606
0.34 1.9359
0.35 1.9462
0.36 1.95547
0.37 1.96613
0.38 1.97971
0.39 1.99408
0.4 2.0058
0.41 2.01224
0.42 2.01161
0.43 2.00312
0.44 1.98746
0.45 1.96802
0.46 1.9521
0.47 1.94795
0.48 1.95802
0.49 1.97774
0.5 2.00037
0.51 2.0208
0.52 2.03621
0.53 2.0457
0.54 2.04967
0.55 2.04918
0.56 2.0455
0.57 2.03976
0.58 2.03238
0.59 2.02173
0.6 2.00316
0.61 1.97675
0.62 1.96772
0.63 1.99021
0.64 2.01384
0.65 2.02405
0.66 2.0253
0.67 2.02229
0.68 2.01856
0.69 2.0152
0.7 2.01127
0.71 2.00783
0.72 2.00787
0.73 2.01161
0.74 2.01654
0.75 2.02105
0.76 2.02454
0.77 2.02646
0.78 2.02644
0.79 2.02431
0.8 2.01969
0.81 2.01261
0.82 2.00467
0.83 1.99808
0.84 1.99379
0.85 1.99331
0.86 1.99865
0.87 2.00735
0.88 2.01388
0.89 2.01482
0.9 2.00911
0.91 1.99629
0.92 1.97636
0.93 1.95196
0.94 1.93352
0.95 1.93412
0.96 1.94967
0.97 1.96474
0.98 1.97213
0.99 1.97285
1 1.96963
1.01 1.9641
1.02 1.95851
1.03 1.95602
1.04 1.95793
1.05 1.96384
1.06 1.97336
1.07 1.98495
1.08 1.99571
1.09 2.0029
1.1 2.00484
1.11 2.00116
1.12 1.99236
1.13 1.97942
1.14 1.96568
1.15 1.95822
1.16 1.95939
1.17 1.96368
1.18 1.96853
1.19 1.97427
1.2 1.97787
1.21 1.97431
1.22 1.96145
1.23 1.94489
1.24 1.93228
1.25 1.93002
1.26 1.95252
1.27 1.98712
1.28 2.01005
1.29 2.02014
1.3 2.02271
1.31 2.01977
1.32 2.00948
1.33 1.98626
1.34 1.94876
1.35 1.92423
1.36 1.93617
1.37 1.95561
1.38 1.96365
1.39 1.96408
1.4 1.96278
1.41 1.96391
1.42 1.96904
1.43 1.97742
1.44 1.98762
1.45 1.99827
1.46 2.0081
1.47 2.016
1.48 2.02112
1.49 2.02294
1.5 2.02158
1.51 2.01803
1.52 2.01377
1.53 2.00926
1.54 2.00305
1.55 1.99264
1.56 1.97767
1.57 1.9634
1.58 1.95942
1.59 1.97105
1.6 1.99256
1.61 2.01329
1.62 2.0267
1.63 2.02719
1.64 2.00939
1.65 1.99499
1.66 2.01512
1.67 2.04119
1.68 2.04818
1.69 2.04128
1.7 2.03322
1.71 2.03728
1.72 2.05134
1.73 2.06295
1.74 2.06805
1.75 2.06954
1.76 2.06937
1.77 2.06579
1.78 2.05618
1.79 2.04192
1.8 2.02944
1.81 2.02491
1.82 2.02866
1.83 2.03712
1.84 2.04673
1.85 2.05494
1.86 2.06063
1.87 2.06367
1.88 2.06242
1.89 2.05352
1.9 2.04052
1.91 2.03359
1.92 2.03185
1.93 2.03578
1.94 2.04346
1.95 2.04227
1.96 2.03571
1.97 2.0413
1.98 2.06108
1.99 2.07809
2 2.08216
2.01 2.075
2.02 2.06198
2.03 2.04786
2.04 2.03489
2.05 2.02155
2.06 2.00473
2.07 1.98738
2.08 1.98062
2.09 1.98781
2.1 2.00043
2.11 2.01347
2.12 2.02711
2.13 2.04019
2.14 2.05073
2.15 2.05832
2.16 2.06344
2.17 2.06653
2.18 2.06773
2.19 2.0667
2.2 2.06251
2.21 2.05418
2.22 2.04215
2.23 2.02969
2.24 2.02231
2.25 2.02377
2.26 2.03034
2.27 2.03327
2.28 2.02923
2.29 2.02219
2.3 2.01547
2.31 2.00692
2.32 1.99414
2.33 1.9845
2.34 1.99328
2.35 2.0185
2.36 2.04253
2.37 2.05716
2.38 2.06299
2.39 2.06152
2.4 2.05352
2.41 2.04061
2.42 2.02585
2.43 2.01336
2.44 2.01015
2.45 2.01892
2.46 2.03176
2.47 2.0412
2.48 2.04599
2.49 2.04767
2.5 2.04759
2.51 2.04593
2.52 2.0421
2.53 2.0354
2.54 2.02594
2.55 2.0161
2.56 2.01063
2.57 2.01212
2.58 2.0173
2.59 2.02137
2.6 2.0223
2.61 2.02008
2.62 2.01503
2.63 2.00723
2.64 1.99754
2.65 1.98893
2.66 1.98424
2.67 1.98193
2.68 1.97954
2.69 1.9775
2.7 1.97543
2.71 1.97212
2.72 1.97015
2.73 1.97459
2.74 1.98692
2.75 2.00246
2.76 2.0151
2.77 2.02215
2.78 2.0245
2.79 2.02486
2.8 2.02598
2.81 2.0288
2.82 2.03183
2.83 2.03251
2.84 2.02886
2.85 2.02132
2.86 2.01376
2.87 2.00875
2.88 2.00207
2.89 1.98944
2.9 1.9763
2.91 1.97073
2.92 1.97223
2.93 1.98101
2.94 1.99857
2.95 2.01777
2.96 2.02941
2.97 2.03012
2.98 2.02122
2.99 2.00809
3 2.00112
3.01 2.00798
3.02 2.02148
3.03 2.02897
3.04 2.02553
3.05 2.01194
3.06 1.99088
3.07 1.96653
3.08 1.94515
3.09 1.93526
3.1 1.94756
3.11 1.97914
3.12 2.00906
3.13 2.02589
3.14 2.03227
3.15 2.03424
3.16 2.03629
3.17 2.03991
3.18 2.04397
3.19 2.04641
3.2 2.04576
3.21 2.04157
3.22 2.03462
3.23 2.0267
3.24 2.01964
3.25 2.01388
3.26 2.00785
3.27 1.99918
3.28 1.98898
3.29 1.98482
3.3 1.99089
3.31 2.00054
3.32 2.00824
3.33 2.01631
3.34 2.02679
3.35 2.03595
3.36 2.03961
3.37 2.03552
3.38 2.02007
3.39 1.9907
3.4 1.95518
3.41 1.93662
3.42 1.94772
3.43 1.96942
3.44 1.98574
3.45 1.99402
3.46 1.99429
3.47 1.99105
3.48 1.99053
3.49 1.99828
3.5 2.0156
3.51 2.03558
3.52 2.05079
3.53 2.05918
3.54 2.0617
3.55 2.05938
3.56 2.05242
3.57 2.03962
3.58 2.01782
3.59 1.98726
3.6 1.96447
3.61 1.96755
3.62 1.98851
3.63 2.00984
3.64 2.02478
3.65 2.0372
3.66 2.0488
3.67 2.05494
3.68 2.05094
3.69 2.03556
3.7 2.01451
3.71 2.00054
3.72 1.99903
3.73 2.00109
3.74 2.00066
3.75 2.00362
3.76 2.01154
3.77 2.01698
3.78 2.0162
3.79 2.01273
3.8 2.01108
3.81 2.01006
3.82 2.00571
3.83 2.0023
3.84 2.0071
3.85 2.01494
3.86 2.01682
3.87 2.01055
3.88 1.99681
3.89 1.98126
3.9 1.97597
3.91 1.98836
3.92 2.01337
3.93 2.03723
3.94 2.05042
3.95 2.05234
3.96 2.04608
3.97 2.03576
3.98 2.02677
3.99 2.02388
4 2.02724
4.01 2.03249
4.02 2.03559
4.03 2.03539
4.04 2.03134
4.05 2.02048
4.06 2.00001
4.07 1.97791
4.08 1.96838
4.09 1.967
4.1 1.96458
4.11 1.96501
4.12 1.97242
4.13 1.98271
4.14 1.9895
4.15 1.99073
4.16 1.98925
4.17 1.98986
4.18 1.99405
4.19 1.99889
4.2 2.00316
4.21 2.00955
4.22 2.01873
4.23 2.02743
4.24 2.03288
4.25 2.03478
4.26 2.03385
4.27 2.03059
4.28 2.02493
4.29 2.01619
4.3 2.00269
4.31 1.9826
4.32 1.96242
4.33 1.96191
4.34 1.98248
4.35 2.00281
4.36 2.01322
4.37 2.01572
4.38 2.01475
4.39 2.01465
4.4 2.0172
4.41 2.02045
4.42 2.0205
4.43 2.01427
4.44 2.00363
4.45 1.99806
4.46 2.00283
4.47 2.01056
4.48 2.0148
4.49 2.01608
4.5 2.01616
4.51 2.01486
4.52 2.01188
4.53 2.01001
4.54 2.01382
4.55 2.02292
4.56 2.03191
4.57 2.03722
4.58 2.03843
4.59 2.03548
4.6 2.02734
4.61 2.01413
4.62 2.0021
4.63 2.00065
4.64 2.0087
4.65 2.01813
4.66 2.02644
4.67 2.03406
4.68 2.0397
4.69 2.04186
4.7 2.04085
4.71 2.03869
4.72 2.03678
4.73 2.03397
4.74 2.02896
4.75 2.02427
4.76 2.02519
4.77 2.03404
4.78 2.04628
4.79 2.05465
4.8 2.05597
4.81 2.0543
4.82 2.05639
4.83 2.06073
4.84 2.05992
4.85 2.05122
4.86 2.03873
4.87 2.02957
4.88 2.02725
4.89 2.03133
4.9 2.04034
4.91 2.05105
4.92 2.06034
4.93 2.0677
4.94 2.07396
4.95 2.07908
4.96 2.08131
4.97 2.07853
4.98 2.07096
4.99 2.06182
5 2.05514
5.01 2.05278
5.02 2.05319
5.03 2.05147
5.04 2.04155
5.05 2.02714
5.06 2.02611
5.07 2.03734
5.08 2.0452
5.09 2.05125
5.1 2.06104
5.11 2.07317
5.12 2.0831
5.13 2.08833
5.14 2.09094
5.15 2.09268
5.16 2.09048
5.17 2.08363
5.18 2.07979
5.19 2.08443
5.2 2.09245
5.21 2.0972
5.22 2.09668
5.23 2.09213
5.24 2.08607
5.25 2.08028
5.26 2.07399
5.27 2.06485
5.28 2.05281
5.29 2.04284
5.3 2.04161
5.31 2.05001
5.32 2.06188
5.33 2.06979
5.34 2.06982
5.35 2.06307
5.36 2.05569
5.37 2.0545
5.38 2.05846
5.39 2.0605
5.4 2.05709
5.41 2.04999
5.42 2.04343
5.43 2.04074
5.44 2.04168
5.45 2.0432
5.46 2.04228
5.47 2.03787
5.48 2.03175
5.49 2.02713
5.5 2.02462
5.51 2.02023
5.52 2.00973
5.53 1.99468
5.54 1.98418
5.55 1.98685
5.56 1.99979
5.57 2.01251
5.58 2.0197
5.59 2.02324
5.6 2.02512
5.61 2.02381
5.62 2.01791
5.63 2.0105
5.64 2.00712
5.65 2.00881
5.66 2.0105
5.67 2.00743
5.68 2.00001
5.69 1.99294
5.7 1.99169
5.71 1.99867
5.72 2.01107
5.73 2.02335
5.74 2.03183
5.75 2.03566
5.76 2.03487
5.77 2.02957
5.78 2.02072
5.79 2.01088
5.8 2.00346
5.81 2.00027
5.82 2.00014
5.83 2.00048
5.84 1.99926
5.85 1.99511
5.86 1.98829
5.87 1.98332
5.88 1.98652
5.89 1.998
5.9 2.01016
5.91 2.01323
5.92 2.00268
5.93 1.98474
5.94 1.97099
5.95 1.96628
5.96 1.971
5.97 1.9779
5.98 1.97645
5.99 1.96824
6 1.96391
6.01 1.97431
6.02 2.00003
6.03 2.02384
6.04 2.03462
6.05 2.03475
6.06 2.02988
6.07 2.02488
6.08 2.02297
6.09 2.02477
6.1 2.02795
6.11 2.02783
6.12 2.01748
6.13 1.99146
6.14 1.96595
6.15 1.97078
6.16 1.99092
6.17 2.00475
6.18 2.01606
6.19 2.02586
6.2 2.02974
6.21 2.02919
6.22 2.03036
6.23 2.03603
6.24 2.04344
6.25 2.04868
6.26 2.05011
6.27 2.04843
6.28 2.04471
6.29 2.03821
6.3 2.0275
6.31 2.01561
6.32 2.00876
6.33 2.00662
6.34 2.00566
6.35 2.01034
6.36 2.02569
6.37 2.04495
6.38 2.05605
6.39 2.05405
6.4 2.04621
6.41 2.04308
6.42 2.0413
6.43 2.03069
6.44 2.01538
6.45 2.01288
6.46 2.02228
6.47 2.03077
6.48 2.03773
6.49 2.04478
6.5 2.04967
6.51 2.05084
6.52 2.04889
6.53 2.04503
6.54 2.04111
6.55 2.03988
6.56 2.04229
6.57 2.0456
6.58 2.0461
6.59 2.04115
6.6 2.02948
6.61 2.01379
6.62 2.0032
6.63 2.00562
6.64 2.01747
6.65 2.02885
6.66 2.03435
6.67 2.03421
6.68 2.03083
6.69 2.02673
6.7 2.02391
6.71 2.02324
6.72 2.02376
6.73 2.02335
6.74 2.02096
6.75 2.01826
6.76 2.01866
6.77 2.02343
6.78 2.03035
6.79 2.03668
6.8 2.04095
6.81 2.04148
6.82 2.03329
6.83 2.00765
6.84 1.97521
6.85 1.97848
6.86 2.00372
6.87 2.01669
6.88 2.02037
6.89 2.01957
6.9 2.0155
6.91 2.01409
6.92 2.0212
6.93 2.0338
6.94 2.04485
6.95 2.05097
6.96 2.05279
6.97 2.05323
6.98 2.05538
6.99 2.06053
7 2.06762
7.01 2.07431
7.02 2.07849
7.03 2.07936
7.04 2.0777
7.05 2.07518
7.06 2.07319
7.07 2.07192
7.08 2.07046
7.09 2.06844
7.1 2.06772
7.11 2.07107
7.12 2.07832
7.13 2.08587
7.14 2.08996
7.15 2.0879
7.16 2.0774
7.17 2.05705
7.18 2.0279
7.19 1.99583
7.2 1.9797
7.21 1.99559
7.22 2.0233
7.23 2.03868
7.24 2.03832
7.25 2.02949
7.26 2.02399
7.27 2.0264
7.28 2.0282
7.29 2.02524
7.3 2.02315
7.31 2.02518
7.32 2.03048
7.33 2.03635
7.34 2.03896
7.35 2.03577
7.36 2.02713
7.37 2.01772
7.38 2.0122
7.39 2.00589
7.4 1.99427
7.41 1.99155
7.42 2.00331
7.43 2.00839
7.44 1.99465
7.45 1.9696
7.46 1.95651
7.47 1.97367
7.48 2.0063
7.49 2.03061
7.5 2.04038
7.51 2.03547
7.52 2.01226
7.53 1.98197
7.54 1.98137
7.55 2.0051
7.56 2.023
7.57 2.03109
7.58 2.03149
7.59 2.02652
7.6 2.02221
7.61 2.02392
7.62 2.03022
7.63 2.03677
7.64 2.04182
7.65 2.04552
7.66 2.04788
7.67 2.0483
7.68 2.04574
7.69 2.03951
7.7 2.03144
7.71 2.02698
7.72 2.02887
7.73 2.0316
7.74 2.02856
7.75 2.01983
7.76 2.00893
7.77 1.99884
7.78 1.99622
7.79 2.00541
7.8 2.01933
7.81 2.02748
7.82 2.02627
7.83 2.01966
7.84 2.01524
7.85 2.01809
7.86 2.02583
7.87 2.03239
7.88 2.03459
7.89 2.03253
7.9 2.02772
7.91 2.02322
7.92 2.02371
7.93 2.03138
7.94 2.04203
7.95 2.04957
7.96 2.05195
7.97 2.05144
7.98 2.05126
7.99 2.05227
8 2.05355
8.01 2.05588
8.02 2.06066
8.03 2.06611
8.04 2.06793
8.05 2.06259
8.06 2.04988
8.07 2.03518
8.08 2.02545
8.09 2.02084
8.1 2.01777
8.11 2.01557
8.12 2.0147
8.13 2.01449
8.14 2.01444
8.15 2.01591
8.16 2.02026
8.17 2.02697
8.18 2.03463
8.19 2.04149
8.2 2.04502
8.21 2.04271
8.22 2.03405
8.23 2.0228
8.24 2.01497
8.25 2.01119
8.26 2.00612
8.27 1.99817
8.28 1.99477
8.29 2.0032
8.3 2.01761
8.31 2.02579
8.32 2.02151
8.33 2.00601
8.34 1.98819
8.35 1.98265
8.36 1.99396
8.37 2.01177
8.38 2.02734
8.39 2.03769
8.4 2.04164
8.41 2.03884
8.42 2.02986
8.43 2.01608
8.44 1.998
8.45 1.97412
8.46 1.94894
8.47 1.93704
8.48 1.94023
8.49 1.94754
8.5 1.95627
8.51 1.96726
8.52 1.97896
8.53 1.9892
8.54 1.99712
8.55 2.00221
8.56 2.00302
8.57 1.99899
8.58 1.99295
8.59 1.98908
8.6 1.98768
8.61 1.98584
8.62 1.98239
8.63 1.979
8.64 1.97794
8.65 1.98
8.66 1.98419
8.67 1.98873
8.68 1.99224
8.69 1.99424
8.7 1.99497
8.71 1.99505
8.72 1.99502
8.73 1.99485
8.74 1.99388
8.75 1.99125
8.76 1.98669
8.77 1.98089
8.78 1.97509
8.79 1.97076
8.8 1.97021
8.81 1.97586
8.82 1.98683
8.83 1.99811
8.84 2.00411
8.85 1.99987
8.86 1.9817
8.87 1.96147
8.88 1.96876
8.89 1.9963
8.9 2.01707
8.91 2.02754
8.92 2.03234
8.93 2.03427
8.94 2.03465
8.95 2.03415
8.96 2.03314
8.97 2.03204
8.98 2.03164
8.99 2.03266
9 2.03496
9.01 2.03767
9.02 2.04009
9.03 2.04244
9.04 2.04546
9.05 2.04933
9.06 2.05309
9.07 2.05543
9.08 2.05577
9.09 2.05396
9.1 2.04975
9.11 2.04323
9.12 2.03511
9.13 2.02611
9.14 2.01799
9.15 2.01547
9.16 2.02341
9.17 2.04047
9.18 2.05948
9.19 2.07371
9.2 2.07994
9.21 2.07787
9.22 2.06929
9.23 2.05734
9.24 2.04506
9.25 2.0335
9.26 2.02314
9.27 2.01916
9.28 2.02746
9.29 2.04355
9.3 2.05741
9.31 2.0663
9.32 2.07466
9.33 2.0854
9.34 2.09642
9.35 2.10497
9.36 2.11036
9.37 2.11264
9.38 2.11148
9.39 2.10632
9.4 2.0963
9.41 2.0812
9.42 2.06631
9.43 2.06313
9.44 2.07208
9.45 2.08065
9.46 2.08256
9.47 2.07984
9.48 2.07658
9.49 2.07542
9.5 2.0755
9.51 2.07181
9.52 2.05682
9.53 2.02679
9.54 1.99368
9.55 1.98708
9.56 2.02011
9.57 2.05991
9.58 2.08015
9.59 2.08478
9.6 2.08523
9.61 2.08764
9.62 2.09068
9.63 2.09001
9.64 2.08309
9.65 2.06956
9.66 2.05071
9.67 2.03208
9.68 2.02452
9.69 2.03262
9.7 2.04565
9.71 2.05235
9.72 2.053
9.73 2.0544
9.74 2.06122
9.75 2.07296
9.76 2.08576
9.77 2.09526
9.78 2.09917
9.79 2.09822
9.8 2.09498
9.81 2.09221
9.82 2.09133
9.83 2.09177
9.84 2.09146
9.85 2.08884
9.86 2.08471
9.87 2.08156
9.88 2.08035
9.89 2.07866
9.9 2.07257
9.91 2.06103
9.92 2.04894
9.93 2.04204
9.94 2.03831
9.95 2.03143
9.96 2.02163
9.97 2.01523
9.98 2.01284
9.99 2.01385
10 2.0236
10.01 2.04098
10.02 2.05551
10.03 2.06046
10.04 2.05796
10.05 2.05378
10.06 2.05174
10.07 2.0511
10.08 2.04947
10.09 2.04738
10.1 2.04748
10.11 2.05011
10.12 2.0527
10.13 2.05297
10.14 2.05141
10.15 2.05019
10.16 2.04902
10.17 2.04332
10.18 2.02882
10.19 2.00835
10.2 1.99396
10.21 1.99699
10.22 2.01284
10.23 2.02732
10.24 2.03297
10.25 2.03058
10.26 2.02499
10.27 2.02147
10.28 2.02207
10.29 2.02636
10.3 2.03363
10.31 2.04087
10.32 2.04239
10.33 2.03453
10.34 2.0193
10.35 2.00266
10.36 1.98921
10.37 1.98038
10.38 1.97684
10.39 1.97976
10.4 1.99116
10.41 2.00869
10.42 2.02535
10.43 2.04044
10.44 2.05551
10.45 2.06589
10.46 2.0693
10.47 2.06939
10.48 2.06972
10.49 2.0697
10.5 2.06605
10.51 2.05742
10.52 2.04753
10.53 2.04195
10.54 2.04134
10.55 2.04115
10.56 2.03675
10.57 2.02755
10.58 2.0188
10.59 2.01693
10.6 2.0208
10.61 2.02399
10.62 2.02244
10.63 2.01553
10.64 2.00542
10.65 1.99647
10.66 1.99268
10.67 1.99539
10.68 2.00316
10.69 2.0128
10.7 2.02047
10.71 2.02262
10.72 2.01756
10.73 2.00956
10.74 2.00836
10.75 2.01566
10.76 2.02328
10.77 2.0269
10.78 2.02796
10.79 2.02872
10.8 2.03021
10.81 2.03237
10.82 2.03401
10.83 2.03298
10.84 2.02706
10.85 2.01574
10.86 2.00092
10.87 1.98435
10.88 1.96923
10.89 1.96837
10.9 1.98561
10.91 2.0057
10.92 2.01999
10.93 2.02883
10.94 2.03285
10.95 2.03183
10.96 2.02588
10.97 2.01612
10.98 2.00506
10.99 1.99593
11 1.99005
11.01 1.99077
11.02 2.00569
11.03 2.03181
11.04 2.05601
11.05 2.06999
11.06 2.07325
11.07 2.07019
11.08 2.06726
11.09 2.06789
11.1 2.07022
11.11 2.07142
11.12 2.07042
11.13 2.06765
11.14 2.06441
11.15 2.06177
11.16 2.06126
11.17 2.06484
11.18 2.07206
11.19 2.07969
11.2 2.0839
11.21 2.08058
11.22 2.0669
11.23 2.04661
11.24 2.03043
11.25 2.02573
11.26 2.03047
11.27 2.04016
11.28 2.05305
11.29 2.06605
11.3 2.07387
11.31 2.07322
11.32 2.06475
11.33 2.05321
11.34 2.04654
11.35 2.04947
11.36 2.05794
11.37 2.06725
11.38 2.07626
11.39 2.08196
11.4 2.08278
11.41 2.08254
11.42 2.08377
11.43 2.0844
11.44 2.0829
11.45 2.07995
11.46 2.07621
11.47 2.07197
11.48 2.06808
11.49 2.06562
11.5 2.06433
11.51 2.06202
11.52 2.05743
11.53 2.05233
11.54 2.04919
11.55 2.04989
11.56 2.05605
11.57 2.06739
11.58 2.08043
11.59 2.09074
11.6 2.09581
11.61 2.09528
11.62 2.08981
11.63 2.08014
11.64 2.06698
11.65 2.05272
11.66 2.04344
11.67 2.04316
11.68 2.04619
11.69 2.04412
11.7 2.03552
11.71 2.02428
11.72 2.01342
11.73 2.00521
11.74 2.00458
11.75 2.01218
11.76 2.01934
11.77 2.0166
11.78 2.00215
11.79 1.9876
11.8 1.98918
11.81 2.00523
11.82 2.02257
11.83 2.03467
11.84 2.04296
11.85 2.05052
11.86 2.05762
11.87 2.06252
11.88 2.06393
11.89 2.06167
11.9 2.05614
11.91 2.04811
11.92 2.03889
11.93 2.03053
11.94 2.02546
11.95 2.02526
11.96 2.03006
11.97 2.03926
11.98 2.05105
11.99 2.06087
12 2.0625
12.01 2.05076
12.02 2.02533
12.03 1.99625
12.04 1.98237
12.05 1.99381
12.06 2.01809
12.07 2.03782
12.08 2.04867
12.09 2.05419
12.1 2.05672
12.11 2.05588
12.12 2.05146
12.13 2.04498
12.14 2.03871
12.15 2.03429
12.16 2.03234
12.17 2.03297
12.18 2.03627
12.19 2.0417
12.2 2.04785
12.21 2.05352
12.22 2.05798
12.23 2.06085
12.24 2.06258
12.25 2.06404
12.26 2.06537
12.27 2.06501
12.28 2.06025
12.29 2.04948
12.3 2.03516
12.31 2.02435
12.32 2.02475
12.33 2.03766
12.34 2.05655
12.35 2.07239
12.36 2.07948
12.37 2.07755
12.38 2.06988
12.39 2.06087
12.4 2.05353
12.41 2.04912
12.42 2.04828
12.43 2.05066
12.44 2.05384
12.45 2.05141
12.46 2.03838
12.47 2.02076
12.48 2.01043
12.49 2.00778
12.5 2.00333
12.51 2.00003
12.52 2.01099
12.53 2.0316
12.54 2.05021
12.55 2.06579
12.56 2.07934
12.57 2.08937
12.58 2.09471
12.59 2.09579
12.6 2.09362
12.61 2.08904
12.62 2.08228
12.63 2.07314
12.64 2.06146
12.65 2.04841
12.66 2.03817
12.67 2.03563
12.68 2.03789
12.69 2.03546
12.7 2.02411
12.71 2.01179
12.72 2.00973
12.73 2.01501
12.74 2.01892
12.75 2.02021
12.76 2.02096
12.77 2.02234
12.78 2.02366
12.79 2.02282
12.8 2.0189
12.81 2.01406
12.82 2.0114
12.83 2.01104
12.84 2.00948
12.85 2.00481
12.86 2.00275
12.87 2.01008
12.88 2.02233
12.89 2.03036
12.9 2.0307
12.91 2.02464
12.92 2.015
12.93 2.00489
12.94 1.99822
12.95 1.99893
12.96 2.00685
12.97 2.01697
12.98 2.02438
12.99 2.0271
13 2.02541
13.01 2.02097
13.02 2.01611
13.03 2.01188
13.04 2.00571
13.05 1.99213
13.06 1.96986
13.07 1.95405
13.08 1.95944
13.09 1.97359
13.1 1.98341
13.11 1.98721
13.12 1.98461
13.13 1.97613
13.14 1.96828
13.15 1.97097
13.16 1.98233
13.17 1.98972
13.18 1.98597
13.19 1.9727
13.2 1.9595
13.21 1.96015
13.22 1.97684
13.23 1.99902
13.24 2.01846
13.25 2.03271
13.26 2.04193
13.27 2.047
13.28 2.04856
13.29 2.0465
13.3 2.03982
13.31 2.02692
13.32 2.00667
13.33 1.98025
13.34 1.95349
13.35 1.93773
13.36 1.94065
13.37 1.9549
13.38 1.96927
13.39 1.97995
13.4 1.98638
13.41 1.98838
13.42 1.98807
13.43 1.99025
13.44 1.99759
13.45 2.0069
13.46 2.01302
13.47 2.01291
13.48 2.00618
13.49 1.99671
13.5 1.99189
13.51 1.99204
13.52 1.98759
13.53 1.97406
13.54 1.962
13.55 1.96154
13.56 1.9649
13.57 1.96504
13.58 1.96547
13.59 1.9684
13.6 1.97181
13.61 1.97528
13.62 1.9809
13.63 1.99002
13.64 2.00077
13.65 2.00872
13.66 2.00938
13.67 1.99949
13.68 1.98027
13.69 1.96723
13.7 1.9763
13.71 1.9949
13.72 2.00734
13.73 2.01228
13.74 2.01145
13.75 2.00544
13.76 1.99482
13.77 1.98156
13.78 1.96937
13.79 1.9621
13.8 1.96101
13.81 1.96468
13.82 1.97073
13.83 1.97748
13.84 1.98509
13.85 1.99463
13.86 2.00594
13.87 2.01727
13.88 2.0267
13.89 2.03306
13.9 2.03593
13.91 2.0353
13.92 2.03122
13.93 2.02381
13.94 2.01356
13.95 2.00194
13.96 1.99173
13.97 1.98609
13.98 1.98621
13.99 1.9907
14 1.99723
14.01 2.00365
14.02 2.00764
14.03 2.0069
14.04 2.00073
14.05 1.99135
14.06 1.98278
14.07 1.97754
14.08 1.97293
14.09 1.96401
14.1 1.95828
14.11 1.96933
14.12 1.9898
14.13 2.00422
14.14 2.00875
14.15 2.00802
14.16 2.00731
14.17 2.00812
14.18 2.01039
14.19 2.01381
14.2 2.01644
14.21 2.01572
14.22 2.01105
14.23 2.00597
14.24 2.00715
14.25 2.01387
14.26 2.01353
14.27 1.99472
14.28 1.96457
14.29 1.95194
14.3 1.96139
14.31 1.97446
14.32 1.98506
14.33 1.98951
14.34 1.98347
14.35 1.97084
14.36 1.96879
14.37 1.98761
14.38 2.01272
14.39 2.02859
14.4 2.03252
14.41 2.02747
14.42 2.0182
14.43 2.01129
14.44 2.01184
14.45 2.01878
14.46 2.02725
14.47 2.03437
14.48 2.04065
14.49 2.04783
14.5 2.05589
14.51 2.06255
14.52 2.06528
14.53 2.06255
14.54 2.05386
14.55 2.04
14.56 2.02339
14.57 2.00717
14.58 1.99369
14.59 1.98451
14.6 1.98033
14.61 1.98031
14.62 1.98335
14.63 1.98924
14.64 1.99811
14.65 2.00923
14.66 2.02065
14.67 2.02991
14.68 2.03545
14.69 2.03716
14.7 2.03603
14.71 2.03317
14.72 2.029
14.73 2.02323
14.74 2.0161
14.75 2.01034
14.76 2.01054
14.77 2.01755
14.78 2.02548
14.79 2.02666
14.8 2.01688
14.81 1.99772
14.82 1.97874
14.83 1.97144
14.84 1.97428
14.85 1.97547
14.86 1.96744
14.87 1.95182
14.88 1.93861
14.89 1.93848
14.9 1.94954
14.91 1.95865
14.92 1.95683
14.93 1.94789
14.94 1.94687
14.95 1.95825
14.96 1.95974
14.97 1.93331
14.98 1.91475
14.99 1.93626
15 1.95977
15.01 1.97599
15.02 1.98992
15.03 1.99899
15.04 2.00247
15.05 2.00127
15.06 1.99512
15.07 1.98256
15.08 1.96585
15.09 1.95656
15.1 1.95967
15.11 1.96088
15.12 1.94913
15.13 1.9266
15.14 1.90551
15.15 1.90461
15.16 1.92486
15.17 1.94327
15.18 1.94416
15.19 1.92956
15.2 1.91661
15.21 1.92224
15.22 1.9398
15.23 1.9595
15.24 1.9791
15.25 1.9928
15.26 1.99641
15.27 1.98928
15.28 1.97377
15.29 1.96001
15.3 1.96014
15.31 1.97112
15.32 1.98268
15.33 1.99202
15.34 2.00029
15.35 2.00764
15.36 2.01327
15.37 2.01687
15.38 2.0187
15.39 2.01913
15.4 2.01808
15.41 2.01502
15.42 2.00942
15.43 2.00166
15.44 1.99349
15.45 1.98678
15.46 1.98145
15.47 1.97551
15.48 1.96754
15.49 1.95765
15.5 1.94872
15.51 1.95154
15.52 1.97319
15.53 1.99981
15.54 2.01823
15.55 2.02859
15.56 2.03442
15.57 2.03726
15.58 2.03684
15.59 2.03232
15.6 2.02313
15.61 2.00968
15.62 1.99477
15.63 1.98499
15.64 1.9873
15.65 1.9999
15.66 2.01292
15.67 2.01906
15.68 2.01764
15.69 2.0118
15.7 2.00335
15.71 1.99606
15.72 2.00088
15.73 2.01817
15.74 2.03473
15.75 2.04376
15.76 2.04623
15.77 2.04314
15.78 2.03148
15.79 2.00613
15.8 1.97035
15.81 1.94664
15.82 1.95357
15.83 1.97201
15.84 1.97923
15.85 1.9856
15.86 1.99807
15.87 2.00322
15.88 2.00106
15.89 2.00724
15.9 2.02589
15.91 2.04414
15.92 2.05562
15.93 2.06291
15.94 2.06711
15.95 2.06722
15.96 2.06282
15.97 2.05346
15.98 2.03747
15.99 2.0163
16 2.00228
16.01 2.00328
16.02 2.0059
16.03 2.00007
16.04 1.98816
16.05 1.97502
16.06 1.96901
16.07 1.97892
16.08 1.99904
16.09 2.01572
16.1 2.02391
16.11 2.02596
16.12 2.02476
16.13 2.02075
16.14 2.01249
16.15 2.00212
16.16 1.99946
16.17 2.00792
16.18 2.01567
16.19 2.01365
16.2 2.00395
16.21 1.9955
16.22 1.99592
16.23 2.0036
16.24 2.01203
16.25 2.01756
16.26 2.01983
16.27 2.01944
16.28 2.01686
16.29 2.01225
16.3 2.0058
16.31 1.99838
16.32 1.99187
16.33 1.98816
16.34 1.98727
16.35 1.98629
16.36 1.9797
16.37 1.96147
16.38 1.93559
16.39 1.92416
16.4 1.93277
16.41 1.94094
16.42 1.94034
16.43 1.93917
16.44 1.94639
16.45 1.95692
16.46 1.96171
16.47 1.95982
16.48 1.95579
16.49 1.95501
16.5 1.96108
16.51 1.9732
16.52 1.98657
16.53 1.99726
16.54 2.00424
16.55 2.00794
16.56 2.00922
16.57 2.00929
16.58 2.00946
16.59 2.01017
16.6 2.01002
16.61 2.00612
16.62 1.99664
16.63 1.98522
16.64 1.98027
16.65 1.98352
16.66 1.98854
16.67 1.99119
16.68 1.99139
16.69 1.99144
16.7 1.99296
16.71 1.98919
16.72 1.96977
16.73 1.94424
16.74 1.94484
16.75 1.9748
16.76 2.0018
16.77 2.00818
16.78 2.00165
16.79 2.00239
16.8 2.0184
16.81 2.03859
16.82 2.05412
16.83 2.06265
16.84 2.06172
16.85 2.04735
16.86 2.02025
16.87 1.99792
16.88 1.99771
16.89 2.00271
16.9 1.99611
16.91 1.98736
16.92 1.98956
16.93 2.00587
16.94 2.02943
16.95 2.05
16.96 2.06291
16.97 2.06894
16.98 2.07042
16.99 2.06871
17 2.06361
17.01 2.05458
17.02 2.04366
17.03 2.03678
17.04 2.03886
17.05 2.04786
17.06 2.05744
17.07 2.06342
17.08 2.06595
17.09 2.06742
17.1 2.06915
17.11 2.06999
17.12 2.06887
17.13 2.06719
17.14 2.0666
17.15 2.06525
17.16 2.05921
17.17 2.04739
17.18 2.03444
17.19 2.02822
17.2 2.03272
17.21 2.04442
17.22 2.05534
17.23 2.0595
17.24 2.05543
17.25 2.04405
17.26 2.02627
17.27 2.00183
17.28 1.97439
17.29 1.95779
17.3 1.96179
17.31 1.97913
17.32 1.99782
17.33 2.01072
17.34 2.01691
17.35 2.01929
17.36 2.02076
17.37 2.02283
17.38 2.02591
17.39 2.02954
17.4 2.0328
17.41 2.03503
17.42 2.03621
17.43 2.03646
17.44 2.03508
17.45 2.03047
17.46 2.02112
17.47 2.00547
17.48 1.9788
17.49 1.94288
17.5 1.93063
17.51 1.94912
17.52 1.9639
17.53 1.96991
17.54 1.97471
17.55 1.9829
17.56 1.9984
17.57 2.01772
17.58 2.03354
17.59 2.04321
17.6 2.04751
17.61 2.04789
17.62 2.04568
17.63 2.04191
17.64 2.03749
17.65 2.03343
17.66 2.03066
17.67 2.02936
17.68 2.02836
17.69 2.02539
17.7 2.01765
17.71 2.0036
17.72 1.9867
17.73 1.97686
17.74 1.98187
17.75 1.99661
17.76 2.01012
17.77 2.01795
17.78 2.02179
17.79 2.02419
17.8 2.02594
17.81 2.02647
17.82 2.0254
17.83 2.02345
17.84 2.02153
17.85 2.01892
17.86 2.01208
17.87 1.99627
17.88 1.97199
17.89 1.95331
17.9 1.95885
17.91 1.98508
17.92 2.01213
17.93 2.02933
17.94 2.03728
17.95 2.03927
17.96 2.03769
17.97 2.03418
17.98 2.03018
17.99 2.02633
18 2.02198
18.01 2.0167
18.02 2.01141
18.03 2.00571
18.04 1.99861
18.05 1.99575
18.06 2.00158
18.07 2.00672
18.08 2.00165
18.09 1.98968
18.1 1.98315
18.11 1.98912
18.12 2.00275
18.13 2.0168
18.14 2.02723
18.15 2.03217
18.16 2.03159
18.17 2.02706
18.18 2.02126
18.19 2.01671
18.2 2.01463
18.21 2.01495
18.22 2.0158
18.23 2.014
18.24 2.00854
18.25 2.00187
18.26 1.99724
18.27 1.997
18.28 2.00268
18.29 2.01336
18.3 2.0255
18.31 2.03518
18.32 2.04029
18.33 2.04194
18.34 2.04416
18.35 2.04966
18.36 2.05614
18.37 2.059
18.38 2.05519
18.39 2.04387
18.4 2.02754
18.41 2.01264
18.42 2.00387
18.43 2.00074
18.44 2.00309
18.45 2.01097
18.46 2.02095
18.47 2.02957
18.48 2.03749
18.49 2.04715
18.5 2.05877
18.51 2.07021
18.52 2.07889
18.53 2.08287
18.54 2.08107
18.55 2.0737
18.56 2.06221
18.57 2.04811
18.58 2.03244
18.59 2.01836
18.6 2.00988
18.61 2.00839
18.62 2.01204
18.63 2.01449
18.64 2.01061
18.65 2.00268
18.66 2.00143
18.67 2.01222
18.68 2.02304
18.69 2.02529
18.7 2.02421
18.71 2.02525
18.72 2.02572
18.73 2.02256
18.74 2.01668
18.75 2.01063
18.76 2.01305
18.77 2.0269
18.78 2.03743
18.79 2.03236
18.8 2.01668
18.81 2.01215
18.82 2.02532
18.83 2.03704
18.84 2.03909
18.85 2.03777
18.86 2.03783
18.87 2.03696
18.88 2.03196
18.89 2.02392
18.9 2.01664
18.91 2.01249
18.92 2.01096
18.93 2.01146
18.94 2.01544
18.95 2.02419
18.96 2.03548
18.97 2.04448
18.98 2.04798
18.99 2.04695
19 2.04338
19.01 2.03541
19.02 2.0212
19.03 2.00586
19.04 1.9995
19.05 2.01028
19.06 2.02998
19.07 2.04373
19.08 2.0475
19.09 2.0425
19.1 2.03109
19.11 2.01917
19.12 2.01399
19.13 2.01612
19.14 2.02081
19.15 2.02484
19.16 2.0266
19.17 2.02521
19.18 2.02169
19.19 2.01889
19.2 2.01936
19.21 2.02302
19.22 2.02747
19.23 2.03008
19.24 2.0289
19.25 2.02296
19.26 2.01409
19.27 2.00636
19.28 2.00032
19.29 2.00077
19.3 2.01789
19.31 2.0413
19.32 2.05597
19.33 2.06104
19.34 2.06024
19.35 2.05601
19.36 2.04894
19.37 2.03827
19.38 2.02278
19.39 2.00304
19.4 1.9843
19.41 1.97586
19.42 1.98305
19.43 2.00019
19.44 2.01641
19.45 2.02463
19.46 2.02267
19.47 2.01179
19.48 1.99603
19.49 1.98117
19.5 1.9733
19.51 1.97598
19.52 1.98693
19.53 1.99966
19.54 2.0079
19.55 2.00748
19.56 1.99883
19.57 1.99151
19.58 1.99608
19.59 2.00881
19.6 2.01663
19.61 2.01345
19.62 2.00537
19.63 2.00264
19.64 2.00631
19.65 2.00679
19.66 1.99656
19.67 1.97788
19.68 1.95786
19.69 1.94465
19.7 1.95005
19.71 1.9726
19.72 1.9932
19.73 2.00097
19.74 2.0011
19.75 2.00152
19.76 2.007
19.77 2.01842
19.78 2.02963
19.79 2.03361
19.8 2.02832
19.81 2.01419
19.82 1.99249
19.83 1.96978
19.84 1.95969
19.85 1.96978
19.86 1.99317
19.87 2.01731
19.88 2.03386
19.89 2.04327
19.9 2.04968
19.91 2.05429
19.92 2.0544
19.93 2.04707
19.94 2.03385
19.95 2.02235
19.96 2.01695
19.97 2.00977
19.98 1.99701
19.99 1.99015
20 1.99216
20.01 1.99584
20.02 1.99917
20.03 1.99991
20.04 1.99543
20.05 1.98883
20.06 1.98585
20.07 1.98781
20.08 1.99185
20.09 1.99622
20.1 2.00344
20.11 2.0152
20.12 2.02775
20.13 2.037
20.14 2.0423
20.15 2.04443
20.16 2.04359
20.17 2.03917
20.18 2.03053
20.19 2.01869
20.2 2.00754
20.21 2.00215
20.22 2.00455
20.23 2.01032
20.24 2.01083
20.25 2.00123
20.26 1.98632
20.27 1.97659
20.28 1.97609
20.29 1.98055
20.3 1.98379
20.31 1.98126
20.32 1.97236
20.33 1.96211
20.34 1.95882
20.35 1.96653
20.36 1.98092
20.37 1.99491
20.38 2.0043
20.39 2.008
20.4 2.00678
20.41 2.00196
20.42 1.99318
20.43 1.97888
20.44 1.96103
20.45 1.94726
20.46 1.94511
20.47 1.95444
20.48 1.96796
20.49 1.98047
20.5 1.99181
20.51 2.00185
20.52 2.00952
20.53 2.01448
20.54 2.01727
20.55 2.01859
20.56 2.01889
20.57 2.01827
20.58 2.01657
20.59 2.01349
20.6 2.00865
20.61 2.00149
20.62 1.99174
20.63 1.98177
20.64 1.9779
20.65 1.98408
20.66 1.99664
20.67 2.00924
20.68 2.01706
20.69 2.01827
20.7 2.01391
20.71 2.00625
20.72 1.99715
20.73 1.98812
20.74 1.98133
20.75 1.97881
20.76 1.97793
20.77 1.97065
20.78 1.95632
20.79 1.95478
20.8 1.97973
20.81 2.01243
20.82 2.03389
20.83 2.0431
20.84 2.04501
20.85 2.04339
20.86 2.04044
20.87 2.03752
20.88 2.03538
20.89 2.03399
20.9 2.03264
20.91 2.03026
20.92 2.02585
20.93 2.0187
20.94 2.00783
20.95 1.99156
20.96 1.97256
20.97 1.96807
20.98 1.98316
20.99 1.98886
21 1.97077
21.01 1.95237
21.02 1.96253
21.03 1.99208
21.04 2.01308
21.05 2.01723
21.06 2.0138
21.07 2.01225
21.08 2.01016
21.09 2.00316
21.1 1.99571
21.11 1.99475
21.12 2.00178
21.13 2.01145
21.14 2.01871
21.15 2.02385
21.16 2.02919
21.17 2.03464
21.18 2.03828
21.19 2.0384
21.2 2.0337
21.21 2.02299
21.22 2.00653
21.23 1.98996
21.24 1.98399
21.25 1.9936
21.26 2.01166
21.27 2.02794
21.28 2.03769
21.29 2.04129
21.3 2.04128
21.31 2.03963
21.32 2.03595
21.33 2.02802
21.34 2.01499
21.35 2.00073
21.36 1.99267
21.37 1.99511
21.38 2.00523
21.39 2.01685
21.4 2.0251
21.41 2.02791
21.42 2.02592
21.43 2.02215
21.44 2.02014
21.45 2.02048
21.46 2.01996
21.47 2.01452
21.48 2.00303
21.49 1.98969
21.5 1.98153
21.51 1.981
21.52 1.98389
21.53 1.98564
21.54 1.98758
21.55 1.99477
21.56 2.00515
21.57 2.00976
21.58 2.00347
21.59 1.98695
21.6 1.96624
21.61 1.95199
21.62 1.94889
21.63 1.95268
21.64 1.95958
21.65 1.96794
21.66 1.97651
21.67 1.9844
21.68 1.99117
21.69 1.99669
21.7 2.00091
21.71 2.00384
21.72 2.00548
21.73 2.00579
21.74 2.00469
21.75 2.00207
21.76 1.99782
21.77 1.99139
21.78 1.98167
21.79 1.96886
21.8 1.95719
21.81 1.95122
21.82 1.94996
21.83 1.95005
21.84 1.94942
21.85 1.94772
21.86 1.94739
21.87 1.9521
21.88 1.96239
21.89 1.9736
21.9 1.97989
21.91 1.97953
21.92 1.97549
21.93 1.97287
21.94 1.97536
21.95 1.98262
21.96 1.99151
21.97 1.99889
21.98 2.00259
21.99 2.00136
22 1.99621
22.01 1.99163
22.02 1.99142
22.03 1.9934
22.04 1.99351
22.05 1.99132
22.06 1.98842
22.07 1.98487
22.08 1.97905
22.09 1.97007
22.1 1.95942
22.11 1.95172
22.12 1.95181
22.13 1.95872
22.14 1.96781
22.15 1.97717
22.16 1.98657
22.17 1.99413
22.18 1.99784
22.19 1.99891
22.2 2.00089
22.21 2.00488
22.22 2.00844
22.23 2.00932
22.24 2.00746
22.25 2.00373
22.26 1.9984
22.27 1.9904
22.28 1.97843
22.29 1.96513
22.3 1.96134
22.31 1.97295
22.32 1.98786
22.33 1.99171
22.34 1.98007
22.35 1.95951
22.36 1.94565
22.37 1.94869
22.38 1.96177
22.39 1.97593
22.4 1.99006
22.41 2.00408
22.42 2.01527
22.43 2.02118
22.44 2.02184
22.45 2.01947
22.46 2.01676
22.47 2.01483
22.48 2.01282
22.49 2.00955
22.5 2.00498
22.51 2.00087
22.52 1.99984
22.53 2.00211
22.54 2.00475
22.55 2.00566
22.56 2.00517
22.57 2.00377
22.58 2.00084
22.59 1.99569
22.6 1.98954
22.61 1.98601
22.62 1.98791
22.63 1.9925
22.64 1.99248
22.65 1.98384
22.66 1.9755
22.67 1.98123
22.68 1.99501
22.69 2.00262
22.7 1.99931
22.71 1.98459
22.72 1.95935
22.73 1.92934
22.74 1.90738
22.75 1.90831
22.76 1.93149
22.77 1.95952
22.78 1.98178
22.79 1.99739
22.8 2.00626
22.81 2.00995
22.82 2.01211
22.83 2.0146
22.84 2.01531
22.85 2.01022
22.86 1.99806
22.87 1.98664
22.88 1.98815
22.89 2.00073
22.9 2.01404
22.91 2.02449
22.92 2.03224
22.93 2.03708
22.94 2.03897
22.95 2.03856
22.96 2.03561
22.97 2.02814
22.98 2.0147
22.99 1.9991
23 1.99474
23.01 2.01062
23.02 2.03232
23.03 2.04333
23.04 2.04131
23.05 2.03133
23.06 2.01956
23.07 2.00899
23.08 1.99975
23.09 1.99543
23.1 2.00076
23.11 2.01332
23.12 2.0286
23.13 2.0459
23.14 2.06117
23.15 2.06796
23.16 2.06636
23.17 2.06227
23.18 2.06027
23.19 2.06055
23.2 2.06171
23.21 2.06253
23.22 2.06181
23.23 2.05881
23.24 2.05441
23.25 2.05116
23.26 2.05148
23.27 2.05535
23.28 2.05993
23.29 2.06201
23.3 2.06061
23.31 2.05746
23.32 2.05462
23.33 2.05254
23.34 2.05126
23.35 2.05189
23.36 2.05456
23.37 2.05639
23.38 2.05344
23.39 2.04413
23.4 2.03109
23.41 2.01992
23.42 2.01284
23.43 2.00561
23.44 1.99858
23.45 2.0022
23.46 2.02141
23.47 2.04627
23.48 2.06374
23.49 2.068
23.5 2.06121
23.51 2.04986
23.52 2.03569
23.53 2.01462
23.54 1.99236
23.55 1.98313
23.56 1.9881
23.57 1.99626
23.58 1.99834
23.59 1.99271
23.6 1.98539
23.61 1.98356
23.62 1.9873
23.63 1.99114
23.64 1.99343
23.65 1.99767
23.66 2.00527
23.67 2.01405
23.68 2.02226
23.69 2.02937
23.7 2.03479
23.71 2.0376
23.72 2.03709
23.73 2.03329
23.74 2.02703
23.75 2.01963
23.76 2.01219
23.77 2.00504
23.78 1.99885
23.79 1.99621
23.8 1.9989
23.81 2.00332
23.82 2.00379
23.83 1.99839
23.84 1.99017
23.85 1.98523
23.86 1.98815
23.87 1.9969
23.88 2.00519
23.89 2.00832
23.9 2.00475
23.91 1.99565
23.92 1.98548
23.93 1.98081
23.94 1.98398
23.95 1.99006
23.96 1.99384
23.97 1.99527
23.98 1.99788
23.99 2.00256
24 2.00433
24.01 1.99674
24.02 1.97542
24.03 1.94391
24.04 1.92468
24.05 1.93009
24.06 1.94226
24.07 1.9531
24.08 1.9666
24.09 1.98153
24.1 1.99215
24.11 1.99689
24.12 1.99935
24.13 2.00257
24.14 2.00608
24.15 2.00874
24.16 2.01027
24.17 2.0101
24.18 2.00791
24.19 2.00471
24.2 2.00216
24.21 2.00104
24.22 2.00083
24.23 2.00021
24.24 1.99799
24.25 1.9941
24.26 1.99038
24.27 1.99012
24.28 1.99538
24.29 2.00483
24.3 2.0144
24.31 2.01953
24.32 2.01696
24.33 2.00657
24.34 1.99296
24.35 1.98278
24.36 1.97844
24.37 1.97831
24.38 1.97917
24.39 1.97502
24.4 1.96137
24.41 1.94162
24.42 1.92701
24.43 1.92742
24.44 1.93951
24.45 1.9515
24.46 1.95753
24.47 1.95986
24.48 1.96191
24.49 1.96556
24.5 1.97299
24.51 1.98521
24.52 1.99871
24.53 2.00873
24.54 2.01359
24.55 2.01383
24.56 2.01032
24.57 2.00367
24.58 1.99479
24.59 1.98542
24.6 1.97748
24.61 1.97099
24.62 1.96305
24.63 1.94943
24.64 1.93024
24.65 1.91745
24.66 1.92562
24.67 1.94728
24.68 1.96383
24.69 1.96977
24.7 1.96946
24.71 1.96775
24.72 1.9667
24.73 1.96632
24.74 1.96659
24.75 1.96783
24.76 1.96937
24.77 1.97013
24.78 1.97114
24.79 1.97483
24.8 1.98092
24.81 1.98592
24.82 1.98639
24.83 1.98024
24.84 1.96582
24.85 1.94293
24.86 1.91826
24.87 1.90741
24.88 1.91867
24.89 1.94151
24.9 1.96271
24.91 1.97775
24.92 1.98717
24.93 1.99231
24.94 1.99399
24.95 1.99255
24.96 1.98815
24.97 1.98136
24.98 1.97342
24.99 1.9663
25 1.96234
25.01 1.96342
25.02 1.96926
25.03 1.9773
25.04 1.98521
25.05 1.99187
25.06 1.99613
25.07 1.99633
25.08 1.99212
25.09 1.98687
25.1 1.98501
25.11 1.98604
25.12 1.98489
25.13 1.97604
25.14 1.95714
25.15 1.93568
25.16 1.93
25.17 1.94754
25.18 1.96943
25.19 1.9798
25.2 1.98173
25.21 1.9831
25.22 1.98638
25.23 1.98859
25.24 1.98566
25.25 1.98081
25.26 1.98564
25.27 1.99742
25.28 2.00156
25.29 2.00248
25.3 2.01422
25.31 2.03096
25.32 2.04133
25.33 2.04467
25.34 2.04386
25.35 2.04018
25.36 2.03382
25.37 2.02589
25.38 2.01919
25.39 2.01599
25.4 2.01497
25.41 2.01257
25.42 2.00967
25.43 2.01312
25.44 2.02291
25.45 2.0295
25.46 2.02839
25.47 2.02371
25.48 2.02173
25.49 2.02543
25.5 2.03296
25.51 2.04065
25.52 2.04612
25.53 2.04855
25.54 2.04758
25.55 2.04268
25.56 2.03305
25.57 2.01816
25.58 1.99988
25.59 1.98574
25.6 1.98588
25.61 2.00056
25.62 2.01835
25.63 2.02788
25.64 2.02284
25.65 2.00224
25.66 1.97572
25.67 1.96279
25.68 1.97369
25.69 1.99678
25.7 2.0139
25.71 2.01882
25.72 2.01631
25.73 2.01175
25.74 2.00315
25.75 1.98416
25.76 1.96604
25.77 1.97574
25.78 1.99971
25.79 2.01215
25.8 2.01148
25.81 2.00285
25.82 1.99226
25.83 1.98677
25.84 1.98879
25.85 1.99463
25.86 2.00112
25.87 2.00764
25.88 2.01371
25.89 2.01837
25.9 2.02075
25.91 2.02025
25.92 2.01644
25.93 2.00953
25.94 2.00132
25.95 1.99511
25.96 1.99297
25.97 1.99359
25.98 1.99476
25.99 1.99573
26 1.99513
26.01 1.99219
26.02 1.99143
26.03 1.99618
26.04 2.00256
26.05 2.00684
26.06 2.00883
26.07 2.0092
26.08 2.00947
26.09 2.01378
26.1 2.02533
26.11 2.04112
26.12 2.05564
26.13 2.06657
26.14 2.07414
26.15 2.0782
26.16 2.07642
26.17 2.06451
26.18 2.04198
26.19 2.02132
26.2 2.01752
26.21 2.03087
26.22 2.05059
26.23 2.06463
26.24 2.0688
26.25 2.06501
26.26 2.05698
26.27 2.04781
26.28 2.03708
26.29 2.02053
26.3 1.99886
26.31 1.99305
26.32 2.01313
26.33 2.03308
26.34 2.04125
26.35 2.04015
26.36 2.03168
26.37 2.02568
26.38 2.03086
26.39 2.03752
26.4 2.03256
26.41 2.01774
26.42 2.00437
26.43 2.00372
26.44 2.0193
26.45 2.03846
26.46 2.05004
26.47 2.05513
26.48 2.05985
26.49 2.06749
26.5 2.07595
26.51 2.07989
26.52 2.07368
26.53 2.05473
26.54 2.02681
26.55 1.99426
26.56 1.96628
26.57 1.97815
26.58 2.02067
26.59 2.0525
26.6 2.06433
26.61 2.05358
26.62 2.02066
26.63 2.00299
26.64 2.0267
26.65 2.04843
26.66 2.0529
26.67 2.05408
26.68 2.05808
26.69 2.06141
26.7 2.06058
26.71 2.05596
26.72 2.0516
26.73 2.05064
26.74 2.04952
26.75 2.04194
26.76 2.02698
26.77 2.01084
26.78 2.00266
26.79 2.00715
26.8 2.02039
26.81 2.03381
26.82 2.04098
26.83 2.04083
26.84 2.03639
26.85 2.03124
26.86 2.0262
26.87 2.01712
26.88 1.99868
26.89 1.98414
26.9 1.99566
26.91 2.015
26.92 2.02351
26.93 2.03295
26.94 2.04912
26.95 2.06239
26.96 2.06768
26.97 2.06725
26.98 2.06512
26.99 2.06237
27 2.05529
27.01 2.0393
27.02 2.01373
27.03 1.98755
27.04 1.98675
27.05 2.0142
27.06 2.03454
27.07 2.03507
27.08 2.02796
27.09 2.02453
27.1 2.0262
27.11 2.03318
27.12 2.04581
27.13 2.05859
27.14 2.06391
27.15 2.05787
27.16 2.04314
27.17 2.02971
27.18 2.02381
27.19 2.0188
27.2 2.01129
27.21 2.0106
27.22 2.02055
27.23 2.03137
27.24 2.03631
27.25 2.0344
27.26 2.02518
27.27 2.01101
27.28 1.99726
27.29 1.98882
27.3 1.98903
27.31 1.99644
27.32 2.00297
27.33 2.00166
27.34 1.99548
27.35 1.99527
27.36 2.0059
27.37 2.01899
27.38 2.02195
27.39 2.00634
27.4 1.97558
27.41 1.95983
27.42 1.97696
27.43 1.99788
27.44 2.00051
27.45 1.98607
27.46 1.97951
27.47 1.997
27.48 2.01605
27.49 2.02221
27.5 2.01811
27.51 2.00812
27.52 1.9959
27.53 1.98444
27.54 1.97445
27.55 1.96371
27.56 1.95313
27.57 1.9559
27.58 1.9775
27.59 2.00059
27.6 2.01399
27.61 2.01917
27.62 2.01945
27.63 2.01637
27.64 2.01016
27.65 2.001
27.66 1.99042
27.67 1.98203
27.68 1.98
27.69 1.98568
27.7 1.99572
27.71 2.00426
27.72 2.00636
27.73 1.99999
27.74 1.98747
27.75 1.9754
27.76 1.96948
27.77 1.96947
27.78 1.97214
27.79 1.97558
27.8 1.98061
27.81 1.98958
27.82 2.00237
27.83 2.015
27.84 2.02373
27.85 2.02817
27.86 2.03059
27.87 2.03299
27.88 2.0343
27.89 2.03061
27.9 2.01894
27.91 2.0023
27.92 1.98673
27.93 1.97178
27.94 1.95781
27.95 1.95195
27.96 1.95841
27.97 1.9757
27.98 1.99598
27.99 2.01154
28 2.02138
28.01 2.02777
28.02 2.03232
28.03 2.03561
28.04 2.03788
28.05 2.03901
28.06 2.03853
28.07 2.03622
28.08 2.03254
28.09 2.02845
28.1 2.02516
28.11 2.02398
28.12 2.02578
28.13 2.03008
28.14 2.03499
28.15 2.03837
28.16 2.03896
28.17 2.03648
28.18 2.03087
28.19 2.02198
28.2 2.01076
28.21 2.00002
28.22 1.99357
28.23 1.99361
28.24 1.99815
28.25 2.0023
28.26 2.00358
28.27 2.00456
28.28 2.00862
28.29 2.01478
28.3 2.01952
28.31 2.02098
28.32 2.02047
28.33 2.02082
28.34 2.02249
28.35 2.02335
28.36 2.02268
28.37 2.02243
28.38 2.02361
28.39 2.02437
28.4 2.02319
28.41 2.02189
28.42 2.02357
28.43 2.02767
28.44 2.02928
28.45 2.02375
28.46 2.01159
28.47 2.00087
28.48 2.00146
28.49 2.01142
28.5 2.01895
28.51 2.01737
28.52 2.00902
28.53 1.99953
28.54 1.99088
28.55 1.98364
28.56 1.98296
28.57 1.99206
28.58 2.0045
28.59 2.0089
28.6 1.99854
28.61 1.97818
28.62 1.96288
28.63 1.96001
28.64 1.95998
28.65 1.95969
28.66 1.97061
28.67 1.99473
28.68 2.01912
28.69 2.03345
28.7 2.03485
28.71 2.02198
28.72 1.99804
28.73 1.9845
28.74 1.99603
28.75 2.01454
28.76 2.02731
28.77 2.03397
28.78 2.03484
28.79 2.02989
28.8 2.01859
28.81 2.00053
28.82 1.97951
28.83 1.96586
28.84 1.96635
28.85 1.97574
28.86 1.98656
28.87 1.99701
28.88 2.00792
28.89 2.0198
28.9 2.0319
28.91 2.04206
28.92 2.04773
28.93 2.04664
28.94 2.03689
28.95 2.01829
28.96 1.99585
28.97 1.98033
28.98 1.98024
28.99 1.99357
29 2.0115
29.01 2.02697
29.02 2.03746
29.03 2.04393
29.04 2.04787
29.05 2.04944
29.06 2.04816
29.07 2.04422
29.08 2.03841
29.09 2.03177
29.1 2.02746
29.11 2.02872
29.12 2.03273
29.13 2.03503
29.14 2.03608
29.15 2.03727
29.16 2.03749
29.17 2.03637
29.18 2.03588
29.19 2.03736
29.2 2.03955
29.21 2.03976
29.22 2.03571
29.23 2.0269
29.24 2.0163
29.25 2.01089
29.26 2.01558
29.27 2.02646
29.28 2.03565
29.29 2.03947
29.3 2.03853
29.31 2.03526
29.32 2.03265
29.33 2.03263
29.34 2.03458
29.35 2.03657
29.36 2.03707
29.37 2.03516
29.38 2.0301
29.39 2.02139
29.4 2.00949
29.41 1.99765
29.42 1.99263
29.43 1.99824
29.44 2.00948
29.45 2.01948
29.46 2.02505
29.47 2.02505
29.48 2.019
29.49 2.00774
29.5 1.99364
29.51 1.97977
29.52 1.9696
29.53 1.96792
29.54 1.97774
29.55 1.99509
29.56 2.01234
29.57 2.02503
29.58 2.03235
29.59 2.03508
29.6 2.03466
29.61 2.03267
29.62 2.03013
29.63 2.02738
29.64 2.02429
29.65 2.02027
29.66 2.01446
29.67 2.0062
29.68 1.99603
29.69 1.98742
29.7 1.98468
29.71 1.98136
29.72 1.96587
29.73 1.96047
29.74 1.98496
29.75 2.00758
29.76 2.01612
29.77 2.01769
29.78 2.01438
29.79 2.00735
29.8 2.0036
29.81 2.00531
29.82 2.00442
29.83 1.99876
29.84 1.99501
29.85 1.99567
29.86 1.99795
29.87 2.00196
29.88 2.00954
29.89 2.02076
29.9 2.03342
29.91 2.0427
29.92 2.04193
29.93 2.02746
29.94 2.00898
29.95 2.00906
29.96 2.02957
29.97 2.04832
29.98 2.05413
29.99 2.04685
30 2.0292
30.01 2.02119
30.02 2.03568
30.03 2.05108
30.04 2.05828
30.05 2.0618
30.06 2.0613
30.07 2.0553
30.08 2.04553
30.09 2.03513
30.1 2.02533
30.11 2.01479
30.12 2.00556
30.13 2.00764
30.14 2.02183
30.15 2.03396
30.16 2.03674
30.17 2.03256
30.18 2.02587
30.19 2.02178
30.2 2.02405
30.21 2.03081
30.22 2.03771
30.23 2.0439
30.24 2.05122
30.25 2.06019
30.26 2.06814
30.27 2.0706
30.28 2.06619
30.29 2.06225
30.3 2.06553
30.31 2.06728
30.32 2.05601
30.33 2.03295
30.34 2.01189
30.35 2.0066
30.36 2.0161
30.37 2.03133
30.38 2.04609
30.39 2.05727
30.4 2.0643
30.41 2.06861
30.42 2.06976
30.43 2.06381
30.44 2.05424
30.45 2.05791
30.46 2.07219
30.47 2.0778
30.48 2.07188
30.49 2.06076
30.5 2.0488
30.51 2.0419
30.52 2.04678
30.53 2.05911
30.54 2.07049
30.55 2.07832
30.56 2.08219
30.57 2.08191
30.58 2.078
30.59 2.07089
30.6 2.0611
30.61 2.05091
30.62 2.04237
30.63 2.03143
30.64 2.01255
30.65 1.99342
30.66 1.99297
30.67 2.01505
30.68 2.04312
30.69 2.06345
30.7 2.0736
30.71 2.07656
30.72 2.07657
30.73 2.07685
30.74 2.07809
30.75 2.07872
30.76 2.07636
30.77 2.06829
30.78 2.05253
30.79 2.03302
30.8 2.02125
30.81 2.01944
30.82 2.01749
30.83 2.01221
30.84 2.00461
30.85 1.99608
30.86 1.99756
30.87 2.01247
30.88 2.02619
30.89 2.02927
30.9 2.02373
30.91 2.01649
30.92 2.01464
30.93 2.02046
30.94 2.0301
30.95 2.03731
30.96 2.03687
30.97 2.02834
30.98 2.02248
30.99 2.03125
31 2.04701
31.01 2.05651
31.02 2.05635
31.03 2.04812
31.04 2.03506
31.05 2.02227
31.06 2.01364
31.07 2.00795
31.08 2.00184
31.09 1.99285
31.1 1.97956
31.11 1.96755
31.12 1.96716
31.13 1.97152
31.14 1.96663
31.15 1.95434
31.16 1.94758
31.17 1.96029
31.18 1.98956
31.19 2.01788
31.2 2.03671
31.21 2.04719
31.22 2.05154
31.23 2.05074
31.24 2.04581
31.25 2.03886
31.26 2.03147
31.27 2.02285
31.28 2.0133
31.29 2.00757
31.3 2.00826
31.31 2.01147
31.32 2.01264
31.33 2.00906
31.34 2.00366
31.35 2.00639
31.36 2.01727
31.37 2.02414
31.38 2.02108
31.39 2.01162
31.4 2.00335
31.41 2.00098
31.42 2.00265
31.43 2.00601
31.44 2.01204
31.45 2.02151
31.46 2.03233
31.47 2.04121
31.48 2.04555
31.49 2.04349
31.5 2.03459
31.51 2.02389
31.52 2.0199
31.53 2.02041
31.54 2.01536
31.55 2.00297
31.56 1.99014
31.57 1.98351
31.58 1.98265
31.59 1.98411
31.6 1.98818
31.61 1.99641
31.62 2.0064
31.63 2.01281
31.64 2.0128
31.65 2.00869
31.66 2.00428
31.67 1.9996
31.68 1.99358
31.69 1.9899
31.7 1.99427
31.71 2.00633
31.72 2.0185
31.73 2.02348
31.74 2.01974
31.75 2.01026
31.76 1.99997
31.77 1.99341
31.78 1.9928
31.79 1.99661
31.8 2.00031
31.81 2.00217
31.82 2.00658
31.83 2.01607
31.84 2.02347
31.85 2.02108
31.86 2.00945
31.87 1.9976
31.88 1.99795
31.89 2.01185
31.9 2.0283
31.91 2.03875
31.92 2.04043
31.93 2.03208
31.94 2.0131
31.95 1.98741
31.96 1.9665
31.97 1.95989
31.98 1.96337
31.99 1.96761
32 1.96946
32.01 1.97074
32.02 1.97448
32.03 1.98439
32.04 2.00033
32.05 2.0129
32.06 2.01104
32.07 1.99283
32.08 1.97162
32.09 1.97014
32.1 1.99181
32.11 2.0167
32.12 2.03056
32.13 2.0322
32.14 2.02644
32.15 2.0222
32.16 2.0242
32.17 2.0219
32.18 2.00177
32.19 1.96282
32.2 1.91946
32.21 1.89431
32.22 1.90144
32.23 1.93634
32.24 1.97744
32.25 2.00668
32.26 2.0217
32.27 2.03157
32.28 2.04282
32.29 2.05431
32.3 2.06344
32.31 2.06866
32.32 2.0692
32.33 2.06437
32.34 2.05198
32.35 2.02802
32.36 1.99606
32.37 1.98406
32.38 2.00358
32.39 2.02515
32.4 2.03497
32.41 2.03713
32.42 2.03683
32.43 2.03749
32.44 2.04014
32.45 2.04375
32.46 2.04717
32.47 2.05027
32.48 2.05277
32.49 2.05294
32.5 2.04785
32.51 2.03599
32.52 2.02098
32.53 2.01163
32.54 2.01445
32.55 2.02642
32.56 2.0392
32.57 2.04641
32.58 2.04363
32.59 2.03389
32.6 2.0355
32.61 2.05487
32.62 2.07475
32.63 2.08552
32.64 2.08744
32.65 2.08067
32.66 2.06372
32.67 2.03723
32.68 2.011
32.69 2.00257
32.7 2.01801
32.71 2.04156
32.72 2.05588
32.73 2.0571
32.74 2.05098
32.75 2.04614
32.76 2.04806
32.77 2.05454
32.78 2.05609
32.79 2.04444
32.8 2.02815
32.81 2.03086
32.82 2.04987
32.83 2.06033
32.84 2.05068
32.85 2.02009
32.86 1.98133
32.87 1.9704
32.88 2.00735
32.89 2.04503
32.9 2.06061
32.91 2.06682
32.92 2.07257
32.93 2.07841
32.94 2.08248
32.95 2.08343
32.96 2.07934
32.97 2.06656
32.98 2.0416
32.99 2.00458
33 1.96771
33.01 1.96822
33.02 2.012
33.03 2.05205
33.04 2.06554
33.05 2.0595
33.06 2.04747
33.07 2.04313
33.08 2.05135
33.09 2.06433
33.1 2.07417
33.11 2.07919
33.12 2.08051
33.13 2.07965
33.14 2.07801
33.15 2.07592
33.16 2.07253
33.17 2.06811
33.18 2.06572
33.19 2.06872
33.2 2.07626
33.21 2.08364
33.22 2.08763
33.23 2.08974
33.24 2.09338
33.25 2.09843
33.26 2.10128
33.27 2.09653
33.28 2.07497
33.29 2.03701
33.3 2.02697
33.31 2.05408
33.32 2.06997
33.33 2.06838
33.34 2.06265
33.35 2.06216
33.36 2.06533
33.37 2.06258
33.38 2.04926
33.39 2.03186
33.4 2.02045
33.41 2.02146
33.42 2.04248
33.43 2.07017
33.44 2.085
33.45 2.08958
33.46 2.0934
33.47 2.10004
33.48 2.10755
33.49 2.11255
33.5 2.11277
33.51 2.10717
33.52 2.09552
33.53 2.0795
33.54 2.06586
33.55 2.06428
33.56 2.07201
33.57 2.07319
33.58 2.05869
33.59 2.03323
33.6 1.99441
33.61 1.96075
33.62 2.00598
33.63 2.04934
33.64 2.0535
33.65 2.04934
33.66 2.05203
33.67 2.05522
33.68 2.04386
33.69 2.01904
33.7 2.01293
33.71 2.04728
33.72 2.09163
33.73 2.11725
33.74 2.12401
33.75 2.11918
33.76 2.10887
33.77 2.09858
33.78 2.09164
33.79 2.08637
33.8 2.07851
33.81 2.0677
33.82 2.05997
33.83 2.05867
33.84 2.05916
33.85 2.05859
33.86 2.05937
33.87 2.06317
33.88 2.06822
33.89 2.07176
33.9 2.07285
33.91 2.07168
33.92 2.06882
33.93 2.06696
33.94 2.06852
33.95 2.07321
33.96 2.07842
33.97 2.08035
33.98 2.07753
33.99 2.07173
34 2.0659
34.01 2.06316
34.02 2.0662
34.03 2.07491
34.04 2.08559
34.05 2.09374
34.06 2.09636
34.07 2.09204
34.08 2.08162
34.09 2.07024
34.1 2.06367
34.11 2.06158
34.12 2.06144
34.13 2.06203
34.14 2.06028
34.15 2.05436
34.16 2.04789
34.17 2.04654
34.18 2.05194
34.19 2.06107
34.2 2.06979
34.21 2.0752
34.22 2.07569
34.23 2.07052
34.24 2.06234
34.25 2.0599
34.26 2.06702
34.27 2.07408
34.28 2.0712
34.29 2.05731
34.3 2.04191
34.31 2.03835
34.32 2.04837
34.33 2.06351
34.34 2.07283
34.35 2.06487
34.36 2.03765
34.37 2.01893
34.38 2.03235
34.39 2.05576
34.4 2.07253
34.41 2.08271
34.42 2.08793
34.43 2.08869
34.44 2.08541
34.45 2.07949
34.46 2.07335
34.47 2.07044
34.48 2.07256
34.49 2.07722
34.5 2.08146
34.51 2.08539
34.52 2.09057
34.53 2.09709
34.54 2.10294
34.55 2.10559
34.56 2.10428
34.57 2.10037
34.58 2.09555
34.59 2.09037
34.6 2.08443
34.61 2.07733
34.62 2.07006
34.63 2.06523
34.64 2.06282
34.65 2.05703
34.66 2.04249
34.67 2.0217
34.68 2.0056
34.69 2.00489
34.7 2.01765
34.71 2.03391
34.72 2.04734
34.73 2.05659
34.74 2.06235
34.75 2.0652
34.76 2.06541
34.77 2.0632
34.78 2.05909
34.79 2.05396
34.8 2.049
34.81 2.04545
34.82 2.04407
34.83 2.04466
34.84 2.04646
34.85 2.04897
34.86 2.05223
34.87 2.05602
34.88 2.05928
34.89 2.06021
34.9 2.05657
34.91 2.04665
34.92 2.03119
34.93 2.01534
34.94 2.00713
34.95 2.01117
34.96 2.02431
34.97 2.03937
34.98 2.05145
34.99 2.05907
35 2.06292
35.01 2.0655
35.02 2.06929
35.03 2.07419
35.04 2.0787
35.05 2.08219
35.06 2.08502
35.07 2.08746
35.08 2.08868
35.09 2.08649
35.1 2.07735
35.11 2.0562
35.12 2.01836
35.13 1.97305
35.14 1.95488
35.15 1.98051
35.16 2.02173
35.17 2.05234
35.18 2.06769
35.19 2.06868
35.2 2.05689
35.21 2.04169
35.22 2.04132
35.23 2.05807
35.24 2.07235
35.25 2.07253
35.26 2.06133
35.27 2.05083
35.28 2.05285
35.29 2.06463
35.3 2.0763
35.31 2.08211
35.32 2.08083
35.33 2.07422
35.34 2.06697
35.35 2.065
35.36 2.06972
35.37 2.07594
35.38 2.0778
35.39 2.07341
35.4 2.06511
35.41 2.05788
35.42 2.05517
35.43 2.0548
35.44 2.05061
35.45 2.0382
35.46 2.02225
35.47 2.01395
35.48 2.01371
35.49 2.01567
35.5 2.02395
35.51 2.04078
35.52 2.05518
35.53 2.05709
35.54 2.04513
35.55 2.02639
35.56 2.01825
35.57 2.02601
35.58 2.03296
35.59 2.03507
35.6 2.04023
35.61 2.04805
35.62 2.05365
35.63 2.05468
35.64 2.04956
35.65 2.04308
35.66 2.04799
35.67 2.06238
35.68 2.07173
35.69 2.07118
35.7 2.06396
35.71 2.05431
35.72 2.04457
35.73 2.03397
35.74 2.02133
35.75 2.01127
35.76 2.01335
35.77 2.02954
35.78 2.05102
35.79 2.06949
35.8 2.08251
35.81 2.09097
35.82 2.09606
35.83 2.09794
35.84 2.09589
35.85 2.09027
35.86 2.08563
35.87 2.08794
35.88 2.09539
35.89 2.10005
35.9 2.09717
35.91 2.08681
35.92 2.07193
35.93 2.0572
35.94 2.04661
35.95 2.0393
35.96 2.03213
35.97 2.03367
35.98 2.05172
35.99 2.06959
36 2.07501
36.01 2.07265
36.02 2.06861
36.03 2.06053
36.04 2.04233
36.05 2.01904
36.06 2.01122
36.07 2.02779
36.08 2.04891
36.09 2.0532
36.1 2.04174
36.11 2.03597
36.12 2.04494
36.13 2.05449
36.14 2.05605
36.15 2.05482
36.16 2.05666
36.17 2.06071
36.18 2.06399
36.19 2.06594
36.2 2.06579
36.21 2.05848
36.22 2.03623
36.23 2.01102
36.24 2.01706
36.25 2.0418
36.26 2.05743
36.27 2.06428
36.28 2.06828
36.29 2.07247
36.3 2.07719
36.31 2.07989
36.32 2.077
36.33 2.0698
36.34 2.06734
36.35 2.07476
36.36 2.08542
36.37 2.0921
36.38 2.09276
36.39 2.08737
36.4 2.07624
36.41 2.06149
36.42 2.04889
36.43 2.04458
36.44 2.04869
36.45 2.0566
36.46 2.06464
36.47 2.07104
36.48 2.07438
36.49 2.07349
36.5 2.06866
36.51 2.06261
36.52 2.05862
36.53 2.05715
36.54 2.05512
36.55 2.04787
36.56 2.03673
36.57 2.03704
36.58 2.05333
36.59 2.06827
36.6 2.07355
36.61 2.0726
36.62 2.06939
36.63 2.0648
36.64 2.05708
36.65 2.04402
36.66 2.02783
36.67 2.0185
36.68 2.02012
36.69 2.02186
36.7 2.0172
36.71 2.01171
36.72 2.01083
36.73 2.01249
36.74 2.01348
36.75 2.01553
36.76 2.02262
36.77 2.03509
36.78 2.04828
36.79 2.05767
36.8 2.06259
36.81 2.06571
36.82 2.06933
36.83 2.0722
36.84 2.07131
36.85 2.06578
36.86 2.05806
36.87 2.05191
36.88 2.04955
36.89 2.05196
36.9 2.05967
36.91 2.0699
36.92 2.07714
36.93 2.07821
36.94 2.07358
36.95 2.06536
36.96 2.05555
36.97 2.04652
36.98 2.04237
36.99 2.04599
37 2.05398
37.01 2.05939
37.02 2.05819
37.03 2.05094
37.04 2.04101
37.05 2.03323
37.06 2.03236
37.07 2.03978
37.08 2.05252
37.09 2.06598
37.1 2.07717
37.11 2.08531
37.12 2.09054
37.13 2.09267
37.14 2.09064
37.15 2.08272
37.16 2.06696
37.17 2.04297
37.18 2.01646
37.19 2.00279
37.2 2.01349
37.21 2.03669
37.22 2.05325
37.23 2.05802
37.24 2.0533
37.25 2.03949
37.26 2.01839
37.27 2.00807
37.28 2.02236
37.29 2.04098
37.3 2.04972
37.31 2.051
37.32 2.04797
37.33 2.04495
37.34 2.04697
37.35 2.05313
37.36 2.05874
37.37 2.06119
37.38 2.06014
37.39 2.05753
37.4 2.05639
37.41 2.05791
37.42 2.06129
37.43 2.06579
37.44 2.07076
37.45 2.07498
37.46 2.07691
37.47 2.07539
37.48 2.06999
37.49 2.06213
37.5 2.05584
37.51 2.05464
37.52 2.05699
37.53 2.05893
37.54 2.05852
37.55 2.0558
37.56 2.05188
37.57 2.04891
37.58 2.04926
37.59 2.05364
37.6 2.06038
37.61 2.06692
37.62 2.07166
37.63 2.07466
37.64 2.07678
37.65 2.07823
37.66 2.07835
37.67 2.07655
37.68 2.07326
37.69 2.06988
37.7 2.0679
37.71 2.068
37.72 2.06972
37.73 2.0718
37.74 2.07288
37.75 2.07155
37.76 2.06543
37.77 2.05279
37.78 2.04045
37.79 2.04013
37.8 2.04613
37.81 2.04609
37.82 2.04119
37.83 2.03894
37.84 2.04442
37.85 2.05777
37.86 2.07331
37.87 2.08046
37.88 2.06449
37.89 2.02879
37.9 2.01495
37.91 2.04541
37.92 2.0807
37.93 2.08917
37.94 2.08101
37.95 2.06451
37.96 2.05044
37.97 2.06112
37.98 2.09022
37.99 2.11418
38 2.1267
38.01 2.12966
38.02 2.12411
38.03 2.10873
38.04 2.08202
38.05 2.05564
38.06 2.05343
38.07 2.06681
38.08 2.07349
38.09 2.07377
38.1 2.07433
38.11 2.07771
38.12 2.08306
38.13 2.0885
38.14 2.09365
38.15 2.09815
38.16 2.09881
38.17 2.0921
38.18 2.07998
38.19 2.06995
38.2 2.06725
38.21 2.06965
38.22 2.06807
38.23 2.05562
38.24 2.04207
38.25 2.04455
38.26 2.05735
38.27 2.06729
38.28 2.07147
38.29 2.06775
38.3 2.05354
38.31 2.03161
38.32 2.01448
38.33 2.01336
38.34 2.02607
38.35 2.04312
38.36 2.05685
38.37 2.06383
38.38 2.06388
38.39 2.05946
38.4 2.05441
38.41 2.05093
38.42 2.04857
38.43 2.04829
38.44 2.0525
38.45 2.05925
38.46 2.06386
38.47 2.06441
38.48 2.06183
38.49 2.05741
38.5 2.05111
38.51 2.04153
38.52 2.02818
38.53 2.01413
38.54 2.00428
38.55 2.00179
38.56 2.01023
38.57 2.0277
38.58 2.04296
38.59 2.0494
38.6 2.04748
38.61 2.03968
38.62 2.03314
38.63 2.03542
38.64 2.04177
38.65 2.04281
38.66 2.03619
38.67 2.02546
38.68 2.01795
38.69 2.01858
38.7 2.02502
38.71 2.03135
38.72 2.03052
38.73 2.01451
38.74 1.9848
38.75 1.97239
38.76 1.98964
38.77 2.00586
38.78 2.01215
38.79 2.01685
38.8 2.02463
38.81 2.03416
38.82 2.04193
38.83 2.04565
38.84 2.04514
38.85 2.04165
38.86 2.03612
38.87 2.02767
38.88 2.01572
38.89 2.00374
38.9 1.99612
38.91 1.99361
38.92 1.99563
38.93 1.99909
38.94 1.99815
38.95 1.9901
38.96 1.98349
38.97 1.99114
38.98 2.00436
38.99 2.00842
39 2.00282
39.01 1.99313
39.02 1.9835
39.03 1.97394
39.04 1.96078
39.05 1.94266
39.06 1.92827
39.07 1.92702
39.08 1.93462
39.09 1.94589
39.1 1.96225
39.11 1.98222
39.12 2.00008
39.13 2.01153
39.14 2.01478
39.15 2.00835
39.16 1.99135
39.17 1.96894
39.18 1.95556
39.19 1.95975
39.2 1.97292
39.21 1.98502
39.22 1.99397
39.23 2.00037
39.24 2.00407
39.25 2.0049
39.26 2.00362
39.27 2.00153
39.28 1.999
39.29 1.99445
39.3 1.98493
39.31 1.96916
39.32 1.95248
39.33 1.94442
39.34 1.94519
39.35 1.94665
39.36 1.94492
39.37 1.9434
39.38 1.95135
39.39 1.97218
39.4 1.99536
39.41 2.01131
39.42 2.01871
39.43 2.01923
39.44 2.01456
39.45 2.0073
39.46 2.00174
39.47 1.99956
39.48 1.99535
39.49 1.98194
39.5 1.96342
39.51 1.95847
39.52 1.96963
39.53 1.98076
39.54 1.98643
39.55 1.98818
39.56 1.98717
39.57 1.9849
39.58 1.98313
39.59 1.98354
39.6 1.98683
39.61 1.99161
39.62 1.99442
39.63 1.99207
39.64 1.98882
39.65 1.99803
39.66 2.01999
39.67 2.03991
39.68 2.05099
39.69 2.05452
39.7 2.05259
39.71 2.04655
39.72 2.03756
39.73 2.02594
39.74 2.01136
39.75 1.99846
39.76 1.99812
39.77 2.01217
39.78 2.02986
39.79 2.04297
39.8 2.04935
39.81 2.0484
39.82 2.04062
39.83 2.03064
39.84 2.02723
39.85 2.03307
39.86 2.04114
39.87 2.04602
39.88 2.04779
39.89 2.04758
39.9 2.04512
39.91 2.03934
39.92 2.03077
39.93 2.02352
39.94 2.02205
39.95 2.02698
39.96 2.03965
39.97 2.06042
39.98 2.08193
39.99 2.09616
40 2.10148
40.01 2.10014
40.02 2.09518
40.03 2.08983
40.04 2.08681
40.05 2.08691
40.06 2.08866
40.07 2.0899
40.08 2.08883
40.09 2.08378
40.1 2.07322
40.11 2.05848
40.12 2.04761
40.13 2.04647
40.14 2.04905
40.15 2.05244
40.16 2.05942
40.17 2.0645
40.18 2.05988
40.19 2.04658
40.2 2.03399
40.21 2.03251
40.22 2.04362
40.23 2.05879
40.24 2.06967
40.25 2.07283
40.26 2.06961
40.27 2.06612
40.28 2.06728
40.29 2.06911
40.3 2.06491
40.31 2.05819
40.32 2.06025
40.33 2.06952
40.34 2.07434
40.35 2.07228
40.36 2.06895
40.37 2.06933
40.38 2.07332
40.39 2.07677
40.4 2.07587
40.41 2.0699
40.42 2.06081
40.43 2.05163
40.44 2.04511
40.45 2.04338
40.46 2.0473
40.47 2.05487
40.48 2.06183
40.49 2.06402
40.5 2.05743
40.51 2.03799
40.52 2.01254
40.53 2.00827
40.54 2.02729
40.55 2.04356
40.56 2.05031
40.57 2.05254
40.58 2.05378
40.59 2.0548
40.6 2.05482
40.61 2.05265
40.62 2.04734
40.63 2.03847
40.64 2.0265
40.65 2.01277
40.66 1.99887
40.67 1.98627
40.68 1.97828
40.69 1.97965
40.7 1.99009
40.71 2.00263
40.72 2.00976
40.73 2.0089
40.74 2.00586
40.75 2.01073
40.76 2.02433
40.77 2.03836
40.78 2.04712
40.79 2.04985
40.8 2.04793
40.81 2.04385
40.82 2.0408
40.83 2.04073
40.84 2.0423
40.85 2.04178
40.86 2.03562
40.87 2.02268
40.88 2.00725
40.89 1.99736
40.9 1.99499
40.91 1.99762
40.92 2.00692
40.93 2.02302
40.94 2.03918
40.95 2.04636
40.96 2.03718
40.97 2.01459
40.98 2.0047
40.99 2.01725
41 2.02839
41.01 2.03023
41.02 2.03056
41.03 2.03573
41.04 2.04478
41.05 2.05323
41.06 2.05813
41.07 2.058
41.08 2.05203
41.09 2.04177
41.1 2.03332
41.11 2.03376
41.12 2.04302
41.13 2.05409
41.14 2.06128
41.15 2.06373
41.16 2.06308
41.17 2.06117
41.18 2.05918
41.19 2.05748
41.2 2.05569
41.21 2.05273
41.22 2.04723
41.23 2.03877
41.24 2.02973
41.25 2.02555
41.26 2.03065
41.27 2.0436
41.28 2.05791
41.29 2.06693
41.3 2.06652
41.31 2.05567
41.32 2.03835
41.33 2.02416
41.34 2.02114
41.35 2.02813
41.36 2.03971
41.37 2.05058
41.38 2.05644
41.39 2.05605
41.4 2.05018
41.41 2.04118
41.42 2.03472
41.43 2.03611
41.44 2.04327
41.45 2.05003
41.46 2.05358
41.47 2.05544
41.48 2.05744
41.49 2.05928
41.5 2.06219
41.51 2.06782
41.52 2.07344
41.53 2.07479
41.54 2.06859
41.55 2.05048
41.56 2.01986
41.57 2.00094
41.58 2.01769
41.59 2.04312
41.6 2.05595
41.61 2.05927
41.62 2.05649
41.63 2.04805
41.64 2.03604
41.65 2.02672
41.66 2.02757
41.67 2.03862
41.68 2.05148
41.69 2.05897
41.7 2.05962
41.71 2.05161
41.72 2.02721
41.73 2.00018
41.74 2.01233
41.75 2.0429
41.76 2.0569
41.77 2.05597
41.78 2.05003
41.79 2.04916
41.8 2.05742
41.81 2.06978
41.82 2.07994
41.83 2.0849
41.84 2.08324
41.85 2.07416
41.86 2.05912
41.87 2.04504
41.88 2.04162
41.89 2.05019
41.9 2.06263
41.91 2.07245
41.92 2.07756
41.93 2.0775
41.94 2.0725
41.95 2.06378
41.96 2.0544
41.97 2.04967
41.98 2.05316
41.99 2.06169
42 2.06946
42.01 2.07483
42.02 2.08005
42.03 2.08746
42.04 2.09716
42.05 2.10732
42.06 2.11514
42.07 2.11737
42.08 2.11157
42.09 2.09936
42.1 2.08849
42.11 2.08558
42.12 2.08684
42.13 2.08386
42.14 2.07188
42.15 2.05151
42.16 2.02902
42.17 2.01417
42.18 2.01411
42.19 2.02585
42.2 2.03738
42.21 2.04467
42.22 2.05607
42.23 2.07213
42.24 2.08685
42.25 2.09841
42.26 2.1058
42.27 2.10768
42.28 2.10427
42.29 2.09705
42.3 2.08823
42.31 2.08024
42.32 2.07465
42.33 2.0708
42.34 2.06555
42.35 2.05398
42.36 2.03237
42.37 2.00839
42.38 2.00137
42.39 2.00852
42.4 2.01353
42.41 2.01715
42.42 2.01923
42.43 2.01506
42.44 2.00881
42.45 2.00866
42.46 2.01514
42.47 2.02277
42.48 2.0277
42.49 2.02888
42.5 2.02649
42.51 2.02146
42.52 2.01483
42.53 2.00667
42.54 1.99712
42.55 1.9907
42.56 1.99276
42.57 1.99941
42.58 2.00321
42.59 2.00295
42.6 2.00159
42.61 2.00141
42.62 2.00219
42.63 2.00341
42.64 2.00606
42.65 2.01014
42.66 2.01343
42.67 2.01376
42.68 2.009
42.69 1.99574
42.7 1.97583
42.71 1.96371
42.72 1.96184
42.73 1.95834
42.74 1.95802
42.75 1.96256
42.76 1.96873
42.77 1.98362
42.78 2.00458
42.79 2.02127
42.8 2.03093
42.81 2.0355
42.82 2.03662
42.83 2.03486
42.84 2.03046
42.85 2.02419
42.86 2.01799
42.87 2.01455
42.88 2.01599
42.89 2.02239
42.9 2.03153
42.91 2.03982
42.92 2.04389
42.93 2.04151
42.94 2.03214
42.95 2.0178
42.96 2.00319
42.97 1.99321
42.98 1.99067
42.99 1.99866
43 2.01984
43.01 2.04712
43.02 2.06623
43.03 2.06989
43.04 2.0607
43.05 2.04807
43.06 2.04272
43.07 2.04717
43.08 2.05585
43.09 2.06405
43.1 2.0711
43.11 2.07799
43.12 2.0845
43.13 2.08915
43.14 2.0907
43.15 2.08835
43.16 2.08112
43.17 2.0682
43.18 2.05077
43.19 2.03555
43.2 2.03196
43.21 2.03836
43.22 2.04336
43.23 2.04175
43.24 2.03676
43.25 2.03288
43.26 2.0308
43.27 2.02962
43.28 2.03207
43.29 2.03929
43.3 2.04731
43.31 2.05552
43.32 2.06515
43.33 2.07421
43.34 2.07949
43.35 2.07817
43.36 2.06797
43.37 2.04884
43.38 2.02543
43.39 2.00644
43.4 1.99977
43.41 2.00768
43.42 2.02483
43.43 2.04247
43.44 2.05431
43.45 2.05868
43.46 2.05765
43.47 2.05476
43.48 2.05283
43.49 2.05305
43.5 2.05522
43.51 2.05805
43.52 2.05933
43.53 2.05658
43.54 2.0481
43.55 2.03512
43.56 2.02422
43.57 2.02306
43.58 2.03055
43.59 2.03917
43.6 2.04329
43.61 2.03993
43.62 2.02894
43.63 2.01639
43.64 2.01412
43.65 2.02671
43.66 2.0428
43.67 2.05063
43.68 2.04975
43.69 2.04552
43.7 2.04224
43.71 2.0413
43.72 2.04211
43.73 2.0434
43.74 2.04342
43.75 2.03904
43.76 2.02451
43.77 1.9936
43.78 1.95962
43.79 1.96271
43.8 1.99566
43.81 2.01874
43.82 2.02366
43.83 2.01702
43.84 2.00569
43.85 1.99546
43.86 1.99103
43.87 1.99452
43.88 2.00399
43.89 2.01503
43.9 2.02403
43.91 2.02939
43.92 2.03188
43.93 2.03405
43.94 2.03762
43.95 2.04079
43.96 2.03997
43.97 2.03386
43.98 2.02413
43.99 2.01138
44 1.99141
44.01 1.96085
44.02 1.93433
44.03 1.93492
44.04 1.9509
44.05 1.95835
44.06 1.95214
44.07 1.94579
44.08 1.95653
44.09 1.97763
44.1 1.99573
44.11 2.00845
44.12 2.01573
44.13 2.01627
44.14 2.00951
44.15 1.99834
44.16 1.98922
44.17 1.98536
44.18 1.98373
44.19 1.98227
44.2 1.98291
44.21 1.98813
44.22 1.99836
44.23 2.01147
44.24 2.02412
44.25 2.03329
44.26 2.03595
44.27 2.02797
44.28 2.00903
44.29 1.99682
44.3 2.00658
44.31 2.01914
44.32 2.01908
44.33 2.00984
44.34 1.99949
44.35 1.99528
44.36 1.9999
44.37 2.01103
44.38 2.02521
44.39 2.03926
44.4 2.04976
44.41 2.0538
44.42 2.05026
44.43 2.04064
44.44 2.02935
44.45 2.02189
44.46 2.02206
44.47 2.03004
44.48 2.04214
44.49 2.05352
44.5 2.06121
44.51 2.06467
44.52 2.06456
44.53 2.06188
44.54 2.0581
44.55 2.05537
44.56 2.05553
44.57 2.05841
44.58 2.06229
44.59 2.06668
44.6 2.07233
44.61 2.07767
44.62 2.07836
44.63 2.07081
44.64 2.05366
44.65 2.0292
44.66 2.00876
44.67 2.0095
44.68 2.03171
44.69 2.05714
44.7 2.07399
44.71 2.08213
44.72 2.08386
44.73 2.08046
44.74 2.0741
44.75 2.06841
44.76 2.066
44.77 2.06756
44.78 2.07309
44.79 2.08189
44.8 2.09205
44.81 2.10104
44.82 2.10652
44.83 2.10708
44.84 2.10391
44.85 2.10202
44.86 2.10574
44.87 2.11149
44.88 2.10979
44.89 2.09302
44.9 2.06661
44.91 2.05267
44.92 2.05691
44.93 2.06178
44.94 2.06339
44.95 2.06765
44.96 2.07117
44.97 2.07259
44.98 2.07805
44.99 2.08958
45 2.10128
45.01 2.10671
45.02 2.10518
45.03 2.10004
45.04 2.0925
45.05 2.07972
45.06 2.06079
45.07 2.04599
45.08 2.05136
45.09 2.07416
45.1 2.09617
45.11 2.10713
45.12 2.10654
45.13 2.09724
45.14 2.08375
45.15 2.0715
45.16 2.06403
45.17 2.06149
45.18 2.06247
45.19 2.06557
45.2 2.06861
45.21 2.06854
45.22 2.06324
45.23 2.05382
45.24 2.04485
45.25 2.04176
45.26 2.04798
45.27 2.06103
45.28 2.07291
45.29 2.07768
45.3 2.07387
45.31 2.06028
45.32 2.03424
45.33 2.00054
45.34 1.98522
45.35 2.00262
45.36 2.0298
45.37 2.05064
45.38 2.06514
45.39 2.0759
45.4 2.08364
45.41 2.08701
45.42 2.08327
45.43 2.06929
45.44 2.04658
45.45 2.03133
45.46 2.03818
45.47 2.05212
45.48 2.0545
45.49 2.04162
45.5 2.01807
45.51 1.99522
45.52 1.98438
45.53 1.98566
45.54 1.99803
45.55 2.01336
45.56 2.01806
45.57 2.01684
45.58 2.02135
45.59 2.0303
45.6 2.03735
45.61 2.03713
45.62 2.02953
45.63 2.02256
45.64 2.02291
45.65 2.02938
45.66 2.03724
45.67 2.04281
45.68 2.04526
45.69 2.04603
45.7 2.0463
45.71 2.04547
45.72 2.0423
45.73 2.0378
45.74 2.03547
45.75 2.03655
45.76 2.03699
45.77 2.03092
45.78 2.01487
45.79 1.99049
45.8 1.96505
45.81 1.94584
45.82 1.93897
45.83 1.94751
45.84 1.96425
45.85 1.98003
45.86 1.99298
45.87 2.00451
45.88 2.01475
45.89 2.02217
45.9 2.02544
45.91 2.02463
45.92 2.02109
45.93 2.01668
45.94 2.01293
45.95 2.01016
45.96 2.00737
45.97 2.003
45.98 1.99615
45.99 1.98741
46 1.9792
46.01 1.97468
46.02 1.97505
46.03 1.97803
46.04 1.98016
46.05 1.97989
46.06 1.97563
46.07 1.96274
46.08 1.95211
46.09 1.97238
46.1 2.00686
46.11 2.02591
46.12 2.02981
46.13 2.02755
46.14 2.02555
46.15 2.02464
46.16 2.02258
46.17 2.01878
46.18 2.01477
46.19 2.01202
46.2 2.01039
46.21 2.00785
46.22 2.00104
46.23 1.98872
46.24 1.97663
46.25 1.97609
46.26 1.98916
46.27 2.00449
46.28 2.01346
46.29 2.0119
46.3 2.00067
46.31 1.99098
46.32 1.99183
46.33 2.00239
46.34 2.01713
46.35 2.03031
46.36 2.03826
46.37 2.03694
46.38 2.02594
46.39 2.01236
46.4 2.00525
46.41 2.00539
46.42 2.00697
46.43 2.00768
46.44 2.01048
46.45 2.0175
46.46 2.02661
46.47 2.03364
46.48 2.03563
46.49 2.03218
46.5 2.02447
46.51 2.01544
46.52 2.01306
46.53 2.02281
46.54 2.03723
46.55 2.04706
46.56 2.05109
46.57 2.05293
46.58 2.05488
46.59 2.05514
46.6 2.04925
46.61 2.03234
46.62 2.00282
46.63 1.97126
46.64 1.96015
46.65 1.97777
46.66 2.01075
46.67 2.04363
46.68 2.0682
46.69 2.08332
46.7 2.09121
46.71 2.09386
46.72 2.09176
46.73 2.08488
46.74 2.07457
46.75 2.06447
46.76 2.0591
46.77 2.06045
46.78 2.06649
46.79 2.07367
46.8 2.07983
46.81 2.08481
46.82 2.08952
46.83 2.09454
46.84 2.09923
46.85 2.10217
46.86 2.10266
46.87 2.10113
46.88 2.09628
46.89 2.08463
46.9 2.07051
46.91 2.0718
46.92 2.09104
46.93 2.10779
46.94 2.11014
46.95 2.09747
46.96 2.07285
46.97 2.04842
46.98 2.04391
46.99 2.05841
47 2.07495
47.01 2.08812
47.02 2.10021
47.03 2.111
47.04 2.11751
47.05 2.11886
47.06 2.11883
47.07 2.12204
47.08 2.12728
47.09 2.12682
47.1 2.11285
47.11 2.08312
47.12 2.04476
47.13 2.01636
47.14 2.01433
47.15 2.03007
47.16 2.04321
47.17 2.05766
47.18 2.08725
47.19 2.11712
47.2 2.13108
47.21 2.12884
47.22 2.11624
47.23 2.10191
47.24 2.09162
47.25 2.08546
47.26 2.08277
47.27 2.0805
47.28 2.0743
47.29 2.06417
47.3 2.05476
47.31 2.05221
47.32 2.05932
47.33 2.0729
47.34 2.08762
47.35 2.09957
47.36 2.10717
47.37 2.11097
47.38 2.11217
47.39 2.11082
47.4 2.10585
47.41 2.09655
47.42 2.08409
47.43 2.07164
47.44 2.0625
47.45 2.05788
47.46 2.05596
47.47 2.05284
47.48 2.04731
47.49 2.0432
47.5 2.04269
47.51 2.04227
47.52 2.03797
47.53 2.03091
47.54 2.0287
47.55 2.03542
47.56 2.04489
47.57 2.05158
47.58 2.05628
47.59 2.06177
47.6 2.06869
47.61 2.07494
47.62 2.07749
47.63 2.07384
47.64 2.06293
47.65 2.04816
47.66 2.03582
47.67 2.02226
47.68 2.00298
47.69 1.99748
47.7 2.01433
47.71 2.03074
47.72 2.03425
47.73 2.02992
47.74 2.02735
47.75 2.03109
47.76 2.03802
47.77 2.04411
47.78 2.0486
47.79 2.05226
47.8 2.05565
47.81 2.05874
47.82 2.06063
47.83 2.05939
47.84 2.05263
47.85 2.03915
47.86 2.02146
47.87 2.0067
47.88 2.0025
47.89 2.00923
47.9 2.01837
47.91 2.02075
47.92 2.0148
47.93 2.00799
47.94 2.00987
47.95 2.02023
47.96 2.02879
47.97 2.02772
47.98 2.01742
47.99 2.0025
48 1.98754
48.01 1.9764
48.02 1.97009
48.03 1.9685
48.04 1.97663
48.05 1.99227
48.06 2.00111
48.07 1.99623
48.08 1.98447
48.09 1.97843
48.1 1.98175
48.11 1.98853
48.12 1.99478
48.13 1.99982
48.14 2.00349
48.15 2.00571
48.16 2.00661
48.17 2.00628
48.18 2.0046
48.19 2.00106
48.2 1.99506
48.21 1.98657
48.22 1.97798
48.23 1.97394
48.24 1.97386
48.25 1.96954
48.26 1.96027
48.27 1.95963
48.28 1.97122
48.29 1.98297
48.3 1.98943
48.31 1.99375
48.32 1.99933
48.33 2.00578
48.34 2.00897
48.35 2.00437
48.36 1.99333
48.37 1.98724
48.38 1.99607
48.39 2.01246
48.4 2.02144
48.41 2.01794
48.42 2.00726
48.43 1.99666
48.44 1.99062
48.45 1.99208
48.46 2.00161
48.47 2.01701
48.48 2.037
48.49 2.05953
48.5 2.07512
48.51 2.07375
48.52 2.05565
48.53 2.0358
48.54 2.03006
48.55 2.03269
48.56 2.03086
48.57 2.0187
48.58 1.99863
48.59 1.98542
48.6 1.99065
48.61 2.00394
48.62 2.01669
48.63 2.03511
48.64 2.05688
48.65 2.0696
48.66 2.06669
48.67 2.05039
48.68 2.03778
48.69 2.04615
48.7 2.06292
48.71 2.07212
48.72 2.07361
48.73 2.0715
48.74 2.06816
48.75 2.06409
48.76 2.05906
48.77 2.05335
48.78 2.04884
48.79 2.04856
48.8 2.05351
48.81 2.06073
48.82 2.06658
48.83 2.06945
48.84 2.06904
48.85 2.06581
48.86 2.06233
48.87 2.06283
48.88 2.06823
48.89 2.07362
48.9 2.07287
48.91 2.06306
48.92 2.04779
48.93 2.03612
48.94 2.02963
48.95 2.02331
48.96 2.02076
48.97 2.02816
48.98 2.04248
48.99 2.056
49 2.06463
49.01 2.06909
49.02 2.07102
49.03 2.07095
49.04 2.06911
49.05 2.06545
49.06 2.05906
49.07 2.0514
49.08 2.04828
49.09 2.05047
49.1 2.05165
49.11 2.04702
49.12 2.03232
49.13 2.01032
49.14 2.00318
49.15 2.01906
49.16 2.03797
49.17 2.04948
49.18 2.05481
49.19 2.05714
49.2 2.05882
49.21 2.05956
49.22 2.05778
49.23 2.05279
49.24 2.04402
49.25 2.03092
49.26 2.01674
49.27 2.0103
49.28 2.01914
49.29 2.0392
49.3 2.05817
49.31 2.06802
49.32 2.06803
49.33 2.06157
49.34 2.05229
49.35 2.04092
49.36 2.02532
49.37 2.00456
49.38 1.98283
49.39 1.96876
49.4 1.96924
49.41 1.9819
49.42 1.9955
49.43 1.99894
49.44 1.99235
49.45 1.98757
49.46 1.99362
49.47 2.00634
49.48 2.01674
49.49 2.02113
49.5 2.02115
49.51 2.01973
49.52 2.01866
49.53 2.0183
49.54 2.01818
49.55 2.01732
49.56 2.01466
49.57 2.01002
49.58 2.00519
49.59 2.00356
49.6 2.00681
49.61 2.01249
49.62 2.01642
49.63 2.0163
49.64 2.01218
49.65 2.00493
49.66 1.99648
49.67 1.99242
49.68 1.99925
49.69 2.0137
49.7 2.02467
49.71 2.02486
49.72 2.01314
49.73 1.99299
49.74 1.97395
49.75 1.96799
49.76 1.97619
49.77 1.98809
49.78 1.99627
49.79 2.00106
49.8 2.00426
49.81 2.00449
49.82 1.99919
49.83 1.98823
49.84 1.97481
49.85 1.9643
49.86 1.96121
49.87 1.96624
49.88 1.97624
49.89 1.98662
49.9 1.9942
49.91 1.99881
49.92 2.0022
49.93 2.00502
49.94 2.00532
49.95 2.00046
49.96 1.98958
49.97 1.97521
49.98 1.96336
49.99 1.96023
50 1.96696
50.01 1.97921
50.02 1.99065
50.03 1.99513
50.04 1.98774
50.05 1.96855
50.06 1.94952
50.07 1.94709
50.08 1.96069
50.09 1.97869
50.1 1.99276
50.11 1.9993
50.12 1.99851
50.13 1.99336
50.14 1.98826
50.15 1.98574
50.16 1.98443
50.17 1.98263
50.18 1.98117
50.19 1.97976
50.2 1.97265
50.21 1.95578
50.22 1.94938
50.23 1.97206
50.24 1.99825
50.25 2.01033
50.26 2.01207
50.27 2.00901
50.28 2.00506
50.29 2.00334
50.3 2.0049
50.31 2.00748
50.32 2.00739
50.33 2.00339
50.34 1.99936
50.35 2.0004
50.36 2.00491
50.37 2.00643
50.38 2.00103
50.39 1.98998
50.4 1.97843
50.41 1.97152
50.42 1.97026
50.43 1.97089
50.44 1.97032
50.45 1.9717
50.46 1.98018
50.47 1.99357
50.48 2.00201
50.49 2.00152
50.5 2.00194
50.51 2.00923
50.52 2.01874
50.53 2.02829
50.54 2.03688
50.55 2.04238
50.56 2.04406
50.57 2.04266
50.58 2.03895
50.59 2.03319
50.6 2.02531
50.61 2.01584
50.62 2.00705
50.63 2.00261
50.64 2.00508
50.65 2.01376
50.66 2.02493
50.67 2.03429
50.68 2.03915
50.69 2.03864
50.7 2.033
50.71 2.0235
50.72 2.01294
50.73 2.00448
50.74 1.99935
50.75 1.99691
50.76 1.99526
50.77 1.9886
50.78 1.97064
50.79 1.95258
50.8 1.95669
50.81 1.97471
50.82 1.98706
50.83 1.99023
50.84 1.9903
50.85 1.99892
50.86 2.02178
50.87 2.04683
50.88 2.06142
50.89 2.06401
50.9 2.05743
50.91 2.04404
50.92 2.02613
50.93 2.00849
50.94 1.99906
50.95 2.00321
50.96 2.01778
50.97 2.03442
50.98 2.04685
50.99 2.05321
