t x
0.01 6.0083e-05
0.02 0.00012008
0.03 0.000179912
0.04 0.000239516
0.05 0.000298838
0.06 0.00035784
0.07 0.000416495
0.08 0.000474783
0.09 0.000532693
0.1 0.000590218
0.11 0.000647355
0.12 0.000704105
0.13 0.000760471
0.14 0.000816457
0.15 0.000872069
0.16 0.000927314
0.17 0.000982199
0.18 0.00103673
0.19 0.00109092
0.2 0.00114476
0.21 0.00119828
0.22 0.00125146
0.23 0.00130433
0.24 0.00135688
0.25 0.00140912
0.26 0.00146107
0.27 0.00151271
0.28 0.00156407
0.29 0.00161513
0.3 0.00166591
0.31 0.00171641
0.32 0.00176664
0.33 0.00181658
0.34 0.00186625
0.35 0.00191565
0.36 0.00196478
0.37 0.00201365
0.38 0.00206224
0.39 0.00211058
0.4 0.00215866
0.41 0.00220648
0.42 0.00225404
0.43 0.00230136
0.44 0.00234842
0.45 0.00239524
0.46 0.0024418
0.47 0.00248813
0.48 0.0025342
0.49 0.00258004
0.5 0.00262563
0.51 0.00267097
0.52 0.00271608
0.53 0.00276094
0.54 0.00280557
0.55 0.00284996
0.56 0.00289411
0.57 0.00293802
0.58 0.0029817
0.59 0.00302515
0.6 0.00306837
0.61 0.00311136
0.62 0.00315411
0.63 0.00319664
0.64 0.00323893
0.65 0.003281
0.66 0.00332284
0.67 0.00336445
0.68 0.00340583
0.69 0.00344699
0.7 0.00348792
0.71 0.00352863
0.72 0.00356912
0.73 0.0036094
0.74 0.00364946
0.75 0.00368931
0.76 0.00372895
0.77 0.00376838
0.78 0.0038076
0.79 0.00384661
0.8 0.00388541
0.81 0.003924
0.82 0.00396239
0.83 0.00400058
0.84 0.00403855
0.85 0.00407633
0.86 0.0041139
0.87 0.00415127
0.88 0.00418844
0.89 0.00422541
0.9 0.00426218
0.91 0.00429876
0.92 0.00433514
0.93 0.00437133
0.94 0.00440732
0.95 0.00444313
0.96 0.00447874
0.97 0.00451417
0.98 0.00454941
0.99 0.00458447
1 0.00461934
1.01 0.00465404
1.02 0.00468857
1.03 0.00472291
1.04 0.00475709
1.05 0.00479109
1.06 0.00482492
1.07 0.00485859
1.08 0.00489208
1.09 0.00492541
1.1 0.00495858
1.11 0.00499157
1.12 0.0050244
1.13 0.00505706
1.14 0.00508956
1.15 0.00512189
1.16 0.00515405
1.17 0.00518605
1.18 0.00521789
1.19 0.00524957
1.2 0.0052811
1.21 0.00531248
1.22 0.00534371
1.23 0.00537479
1.24 0.00540572
1.25 0.00543652
1.26 0.00546718
1.27 0.0054977
1.28 0.00552809
1.29 0.00555834
1.3 0.00558847
1.31 0.00561846
1.32 0.00564833
1.33 0.00567808
1.34 0.0057077
1.35 0.0057372
1.36 0.00576657
1.37 0.00579582
1.38 0.00582494
1.39 0.00585393
1.4 0.00588279
1.41 0.00591151
1.42 0.00594011
1.43 0.00596858
1.44 0.00599692
1.45 0.00602513
1.46 0.00605321
1.47 0.00608116
1.48 0.00610898
1.49 0.00613667
1.5 0.00616424
1.51 0.00619167
1.52 0.00621898
1.53 0.00624617
1.54 0.00627323
1.55 0.00630017
1.56 0.00632699
1.57 0.00635368
1.58 0.00638026
1.59 0.00640671
1.6 0.00643305
1.61 0.00645928
1.62 0.00648538
1.63 0.00651138
1.64 0.00653726
1.65 0.00656303
1.66 0.00658869
1.67 0.00661425
1.68 0.00663969
1.69 0.00666502
1.7 0.00669024
1.71 0.00671534
1.72 0.00674034
1.73 0.00676523
1.74 0.00679001
1.75 0.00681469
1.76 0.00683925
1.77 0.00686371
1.78 0.00688806
1.79 0.0069123
1.8 0.00693644
1.81 0.00696047
1.82 0.00698439
1.83 0.00700821
1.84 0.00703193
1.85 0.00705554
1.86 0.00707905
1.87 0.00710245
1.88 0.00712575
1.89 0.00714896
1.9 0.00717206
1.91 0.00719506
1.92 0.00721796
1.93 0.00724077
1.94 0.00726348
1.95 0.00728609
1.96 0.0073086
1.97 0.00733101
1.98 0.00735333
1.99 0.00737555
2 0.00739767
2.01 0.00741969
2.02 0.00744162
2.03 0.00746345
2.04 0.00748519
2.05 0.00750683
2.06 0.00752838
2.07 0.00754983
2.08 0.00757119
2.09 0.00759246
2.1 0.00761363
2.11 0.00763471
2.12 0.00765569
2.13 0.00767658
2.14 0.00769737
2.15 0.00771806
2.16 0.00773866
2.17 0.00775917
2.18 0.00777958
2.19 0.0077999
2.2 0.00782013
2.21 0.00784026
2.22 0.00786031
2.23 0.00788027
2.24 0.00790014
2.25 0.00791993
2.26 0.00793963
2.27 0.00795924
2.28 0.00797876
2.29 0.0079982
2.3 0.00801754
2.31 0.0080368
2.32 0.00805596
2.33 0.00807504
2.34 0.00809403
2.35 0.00811293
2.36 0.00813175
2.37 0.00815048
2.38 0.00816913
2.39 0.00818769
2.4 0.00820617
2.41 0.00822457
2.42 0.00824288
2.43 0.00826112
2.44 0.00827928
2.45 0.00829736
2.46 0.00831536
2.47 0.00833329
2.48 0.00835114
2.49 0.00836892
2.5 0.00838663
2.51 0.00840426
2.52 0.00842183
2.53 0.00843932
2.54 0.00845674
2.55 0.00847409
2.56 0.00849138
2.57 0.0085086
2.58 0.00852576
2.59 0.00854285
2.6 0.00855988
2.61 0.00857684
2.62 0.00859375
2.63 0.00861058
2.64 0.00862736
2.65 0.00864407
2.66 0.00866072
2.67 0.00867731
2.68 0.00869383
2.69 0.00871028
2.7 0.00872666
2.71 0.00874298
2.72 0.00875923
2.73 0.0087754
2.74 0.00879151
2.75 0.00880754
2.76 0.0088235
2.77 0.0088394
2.78 0.00885522
2.79 0.00887097
2.8 0.00888665
2.81 0.00890227
2.82 0.00891782
2.83 0.0089333
2.84 0.00894872
2.85 0.00896408
2.86 0.00897938
2.87 0.00899462
2.88 0.00900979
2.89 0.00902491
2.9 0.00903996
2.91 0.00905495
2.92 0.00906989
2.93 0.00908476
2.94 0.00909958
2.95 0.00911435
2.96 0.00912907
2.97 0.00914374
2.98 0.00915837
2.99 0.00917296
3 0.00918751
3.01 0.00920201
3.02 0.00921647
3.03 0.0092309
3.04 0.00924527
3.05 0.00925961
3.06 0.0092739
3.07 0.00928816
3.08 0.00930237
3.09 0.00931654
3.1 0.00933066
3.11 0.00934475
3.12 0.0093588
3.13 0.0093728
3.14 0.00938677
3.15 0.0094007
3.16 0.00941459
3.17 0.00942845
3.18 0.00944227
3.19 0.00945605
3.2 0.00946979
3.21 0.0094835
3.22 0.00949717
3.23 0.00951081
3.24 0.00952441
3.25 0.00953797
3.26 0.0095515
3.27 0.009565
3.28 0.00957847
3.29 0.00959192
3.3 0.00960533
3.31 0.00961872
3.32 0.00963207
3.33 0.00964541
3.34 0.00965871
3.35 0.00967199
3.36 0.00968524
3.37 0.00969847
3.38 0.00971166
3.39 0.00972482
3.4 0.00973796
3.41 0.00975106
3.42 0.00976413
3.43 0.00977717
3.44 0.00979019
3.45 0.00980317
3.46 0.00981613
3.47 0.00982905
3.48 0.00984194
3.49 0.00985481
3.5 0.00986764
3.51 0.00988044
3.52 0.00989321
3.53 0.00990594
3.54 0.00991865
3.55 0.00993131
3.56 0.00994395
3.57 0.00995654
3.58 0.00996911
3.59 0.00998164
3.6 0.00999414
3.61 0.0100066
3.62 0.010019
3.63 0.0100314
3.64 0.0100438
3.65 0.0100561
3.66 0.0100684
3.67 0.0100807
3.68 0.0100929
3.69 0.0101051
3.7 0.0101172
3.71 0.0101294
3.72 0.0101415
3.73 0.0101535
3.74 0.0101655
3.75 0.0101775
3.76 0.0101895
3.77 0.0102014
3.78 0.0102132
3.79 0.010225
3.8 0.0102368
3.81 0.0102486
3.82 0.0102603
3.83 0.0102719
3.84 0.0102835
3.85 0.0102951
3.86 0.0103066
3.87 0.0103181
3.88 0.0103296
3.89 0.010341
3.9 0.0103524
3.91 0.0103637
3.92 0.010375
3.93 0.0103863
3.94 0.0103975
3.95 0.0104086
3.96 0.0104198
3.97 0.0104309
3.98 0.0104419
3.99 0.0104529
4 0.0104639
4.01 0.0104748
4.02 0.0104857
4.03 0.0104966
4.04 0.0105074
4.05 0.0105181
4.06 0.0105288
4.07 0.0105395
4.08 0.0105502
4.09 0.0105608
4.1 0.0105713
4.11 0.0105818
4.12 0.0105923
4.13 0.0106028
4.14 0.0106132
4.15 0.0106236
4.16 0.0106339
4.17 0.0106442
4.18 0.0106545
4.19 0.0106647
4.2 0.0106749
4.21 0.0106851
4.22 0.0106952
4.23 0.0107052
4.24 0.0107153
4.25 0.0107253
4.26 0.0107353
4.27 0.0107452
4.28 0.0107551
4.29 0.010765
4.3 0.0107748
4.31 0.0107846
4.32 0.0107944
4.33 0.0108041
4.34 0.0108138
4.35 0.0108234
4.36 0.010833
4.37 0.0108425
4.38 0.010852
4.39 0.0108615
4.4 0.0108709
4.41 0.0108803
4.42 0.0108897
4.43 0.010899
4.44 0.0109082
4.45 0.0109174
4.46 0.0109266
4.47 0.0109357
4.48 0.0109448
4.49 0.0109539
4.5 0.0109629
4.51 0.0109718
4.52 0.0109808
4.53 0.0109896
4.54 0.0109985
4.55 0.0110073
4.56 0.0110161
4.57 0.0110248
4.58 0.0110335
4.59 0.0110422
4.6 0.0110508
4.61 0.0110594
4.62 0.0110679
4.63 0.0110764
4.64 0.0110849
4.65 0.0110933
4.66 0.0111017
4.67 0.0111101
4.68 0.0111184
4.69 0.0111267
4.7 0.0111349
4.71 0.0111431
4.72 0.0111513
4.73 0.0111595
4.74 0.0111676
4.75 0.0111757
4.76 0.0111837
4.77 0.0111918
4.78 0.0111998
4.79 0.0112077
4.8 0.0112157
4.81 0.0112236
4.82 0.0112315
4.83 0.0112394
4.84 0.0112473
4.85 0.0112551
4.86 0.0112629
4.87 0.0112707
4.88 0.0112785
4.89 0.0112863
4.9 0.011294
4.91 0.0113017
4.92 0.0113094
4.93 0.0113171
4.94 0.0113247
4.95 0.0113324
4.96 0.01134
4.97 0.0113475
4.98 0.0113551
4.99 0.0113626
5 0.0113701
5.01 0.0113776
5.02 0.0113851
5.03 0.0113925
5.04 0.0113999
5.05 0.0114073
5.06 0.0114147
5.07 0.011422
5.08 0.0114294
5.09 0.0114367
5.1 0.0114439
5.11 0.0114512
5.12 0.0114584
5.13 0.0114656
5.14 0.0114728
5.15 0.01148
5.16 0.0114872
5.17 0.0114943
5.18 0.0115014
5.19 0.0115085
5.2 0.0115155
5.21 0.0115226
5.22 0.0115296
5.23 0.0115366
5.24 0.0115436
5.25 0.0115505
5.26 0.0115575
5.27 0.0115644
5.28 0.0115712
5.29 0.0115781
5.3 0.0115849
5.31 0.0115917
5.32 0.0115985
5.33 0.0116053
5.34 0.011612
5.35 0.0116187
5.36 0.0116254
5.37 0.0116321
5.38 0.0116387
5.39 0.0116453
5.4 0.0116519
5.41 0.0116584
5.42 0.0116649
5.43 0.0116714
5.44 0.0116779
5.45 0.0116844
5.46 0.0116908
5.47 0.0116972
5.48 0.0117036
5.49 0.0117099
5.5 0.0117162
5.51 0.0117226
5.52 0.0117288
5.53 0.0117351
5.54 0.0117414
5.55 0.0117476
5.56 0.0117539
5.57 0.0117601
5.58 0.0117663
5.59 0.0117725
5.6 0.0117787
5.61 0.0117848
5.62 0.011791
5.63 0.0117971
5.64 0.0118032
5.65 0.0118094
5.66 0.0118155
5.67 0.0118216
5.68 0.0118276
5.69 0.0118337
5.7 0.0118397
5.71 0.0118458
5.72 0.0118518
5.73 0.0118578
5.74 0.0118638
5.75 0.0118697
5.76 0.0118757
5.77 0.0118816
5.78 0.0118875
5.79 0.0118934
5.8 0.0118993
5.81 0.0119051
5.82 0.011911
5.83 0.0119168
5.84 0.0119226
5.85 0.0119284
5.86 0.0119342
5.87 0.01194
5.88 0.0119458
5.89 0.0119515
5.9 0.0119572
5.91 0.0119629
5.92 0.0119686
5.93 0.0119743
5.94 0.0119799
5.95 0.0119856
5.96 0.0119912
5.97 0.0119968
5.98 0.0120023
5.99 0.0120079
6 0.0120134
6.01 0.0120189
6.02 0.0120244
6.03 0.0120299
6.04 0.0120353
6.05 0.0120407
6.06 0.0120461
6.07 0.0120515
6.08 0.0120569
6.09 0.0120622
6.1 0.0120676
6.11 0.0120729
6.12 0.0120781
6.13 0.0120834
6.14 0.0120886
6.15 0.0120938
6.16 0.012099
6.17 0.0121042
6.18 0.0121094
6.19 0.0121145
6.2 0.0121196
6.21 0.0121247
6.22 0.0121299
6.23 0.012135
6.24 0.01214
6.25 0.0121451
6.26 0.0121502
6.27 0.0121552
6.28 0.0121603
6.29 0.0121653
6.3 0.0121704
6.31 0.0121754
6.32 0.0121804
6.33 0.0121854
6.34 0.0121904
6.35 0.0121954
6.36 0.0122004
6.37 0.0122053
6.38 0.0122103
6.39 0.0122152
6.4 0.0122202
6.41 0.0122251
6.42 0.01223
6.43 0.0122349
6.44 0.0122398
6.45 0.0122447
6.46 0.0122495
6.47 0.0122544
6.48 0.0122592
6.49 0.012264
6.5 0.0122688
6.51 0.0122736
6.52 0.0122783
6.53 0.0122831
6.54 0.0122878
6.55 0.0122925
6.56 0.0122972
6.57 0.0123018
6.58 0.0123065
6.59 0.0123111
6.6 0.0123157
6.61 0.0123203
6.62 0.0123249
6.63 0.0123295
6.64 0.012334
6.65 0.0123385
6.66 0.012343
6.67 0.0123475
6.68 0.012352
6.69 0.0123564
6.7 0.0123608
6.71 0.0123652
6.72 0.0123696
6.73 0.0123739
6.74 0.0123783
6.75 0.0123826
6.76 0.0123868
6.77 0.0123911
6.78 0.0123954
6.79 0.0123996
6.8 0.0124038
6.81 0.012408
6.82 0.0124121
6.83 0.0124163
6.84 0.0124204
6.85 0.0124246
6.86 0.0124287
6.87 0.0124327
6.88 0.0124368
6.89 0.0124409
6.9 0.0124449
6.91 0.012449
6.92 0.012453
6.93 0.012457
6.94 0.012461
6.95 0.012465
6.96 0.0124689
6.97 0.0124729
6.98 0.0124769
6.99 0.0124808
7 0.0124847
7.01 0.0124886
7.02 0.0124925
7.03 0.0124964
7.04 0.0125002
7.05 0.0125041
7.06 0.0125079
7.07 0.0125117
7.08 0.0125155
7.09 0.0125193
7.1 0.0125231
7.11 0.0125269
7.12 0.0125307
7.13 0.0125345
7.14 0.0125382
7.15 0.012542
7.16 0.0125457
7.17 0.0125494
7.18 0.0125532
7.19 0.0125569
7.2 0.0125606
7.21 0.0125643
7.22 0.012568
7.23 0.0125717
7.24 0.0125754
7.25 0.012579
7.26 0.0125827
7.27 0.0125864
7.28 0.01259
7.29 0.0125937
7.3 0.0125973
7.31 0.012601
7.32 0.0126046
7.33 0.0126082
7.34 0.0126118
7.35 0.0126154
7.36 0.012619
7.37 0.0126226
7.38 0.0126262
7.39 0.0126298
7.4 0.0126334
7.41 0.012637
7.42 0.0126406
7.43 0.0126441
7.44 0.0126477
7.45 0.0126512
7.46 0.0126548
7.47 0.0126583
7.48 0.0126618
7.49 0.0126653
7.5 0.0126688
7.51 0.0126723
7.52 0.0126758
7.53 0.0126793
7.54 0.0126827
7.55 0.0126862
7.56 0.0126896
7.57 0.0126931
7.58 0.0126965
7.59 0.0126999
7.6 0.0127033
7.61 0.0127067
7.62 0.0127101
7.63 0.0127134
7.64 0.0127168
7.65 0.0127202
7.66 0.0127235
7.67 0.0127268
7.68 0.0127302
7.69 0.0127335
7.7 0.0127368
7.71 0.0127401
7.72 0.0127434
7.73 0.0127467
7.74 0.0127499
7.75 0.0127532
7.76 0.0127565
7.77 0.0127597
7.78 0.0127629
7.79 0.0127662
7.8 0.0127694
7.81 0.0127726
7.82 0.0127758
7.83 0.012779
7.84 0.0127822
7.85 0.0127854
7.86 0.0127886
7.87 0.0127917
7.88 0.0127949
7.89 0.012798
7.9 0.0128012
7.91 0.0128043
7.92 0.0128074
7.93 0.0128105
7.94 0.0128136
7.95 0.0128167
7.96 0.0128198
7.97 0.0128229
7.98 0.0128259
7.99 0.012829
8 0.012832
8.01 0.0128351
8.02 0.0128381
8.03 0.0128411
8.04 0.0128441
8.05 0.0128471
8.06 0.0128501
8.07 0.0128531
8.08 0.0128561
8.09 0.0128591
8.1 0.0128621
8.11 0.012865
8.12 0.012868
8.13 0.012871
8.14 0.0128739
8.15 0.0128769
8.16 0.0128798
8.17 0.0128827
8.18 0.0128857
8.19 0.0128886
8.2 0.0128915
8.21 0.0128944
8.22 0.0128973
8.23 0.0129002
8.24 0.0129031
8.25 0.0129059
8.26 0.0129088
8.27 0.0129116
8.28 0.0129145
8.29 0.0129173
8.3 0.0129201
8.31 0.0129229
8.32 0.0129257
8.33 0.0129285
8.34 0.0129313
8.35 0.0129341
8.36 0.0129368
8.37 0.0129396
8.38 0.0129424
8.39 0.0129451
8.4 0.0129478
8.41 0.0129506
8.42 0.0129533
8.43 0.012956
8.44 0.0129587
8.45 0.0129614
8.46 0.0129641
8.47 0.0129668
8.48 0.0129695
8.49 0.0129722
8.5 0.0129749
8.51 0.0129775
8.52 0.0129802
8.53 0.0129829
8.54 0.0129855
8.55 0.0129882
8.56 0.0129909
8.57 0.0129935
8.58 0.0129962
8.59 0.0129988
8.6 0.0130015
8.61 0.0130041
8.62 0.0130068
8.63 0.0130095
8.64 0.0130121
8.65 0.0130148
8.66 0.0130174
8.67 0.0130201
8.68 0.0130227
8.69 0.0130254
8.7 0.0130281
8.71 0.0130307
8.72 0.0130334
8.73 0.0130361
8.74 0.0130387
8.75 0.0130414
8.76 0.013044
8.77 0.0130467
8.78 0.0130494
8.79 0.013052
8.8 0.0130547
8.81 0.0130574
8.82 0.01306
8.83 0.0130627
8.84 0.0130653
8.85 0.013068
8.86 0.0130707
8.87 0.0130734
8.88 0.013076
8.89 0.0130787
8.9 0.0130814
8.91 0.0130841
8.92 0.0130868
8.93 0.0130894
8.94 0.0130921
8.95 0.0130948
8.96 0.0130975
8.97 0.0131002
8.98 0.0131029
8.99 0.0131057
9 0.0131084
9.01 0.0131111
9.02 0.0131138
9.03 0.0131165
9.04 0.0131192
9.05 0.0131219
9.06 0.0131247
9.07 0.0131274
9.08 0.0131301
9.09 0.0131328
9.1 0.0131356
9.11 0.0131383
9.12 0.0131411
9.13 0.0131438
9.14 0.0131466
9.15 0.0131494
9.16 0.0131521
9.17 0.0131549
9.18 0.0131577
9.19 0.0131605
9.2 0.0131634
9.21 0.0131662
9.22 0.013169
9.23 0.0131719
9.24 0.0131747
9.25 0.0131775
9.26 0.0131804
9.27 0.0131833
9.28 0.0131861
9.29 0.013189
9.3 0.0131918
9.31 0.0131947
9.32 0.0131976
9.33 0.0132004
9.34 0.0132033
9.35 0.0132062
9.36 0.0132091
9.37 0.0132119
9.38 0.0132148
9.39 0.0132177
9.4 0.0132206
9.41 0.0132234
9.42 0.0132263
9.43 0.0132292
9.44 0.0132321
9.45 0.0132349
9.46 0.0132378
9.47 0.0132407
9.48 0.0132436
9.49 0.0132464
9.5 0.0132493
9.51 0.0132522
9.52 0.0132551
9.53 0.013258
9.54 0.0132609
9.55 0.0132638
9.56 0.0132667
9.57 0.0132696
9.58 0.0132725
9.59 0.0132754
9.6 0.0132783
9.61 0.0132812
9.62 0.0132841
9.63 0.0132871
9.64 0.01329
9.65 0.0132929
9.66 0.0132958
9.67 0.0132987
9.68 0.0133017
9.69 0.0133046
9.7 0.0133075
9.71 0.0133104
9.72 0.0133134
9.73 0.0133163
9.74 0.0133192
9.75 0.0133221
9.76 0.0133251
9.77 0.013328
9.78 0.0133309
9.79 0.0133338
9.8 0.0133368
9.81 0.0133397
9.82 0.0133426
9.83 0.0133456
9.84 0.0133485
9.85 0.0133515
9.86 0.0133544
9.87 0.0133574
9.88 0.0133603
9.89 0.0133633
9.9 0.0133662
9.91 0.0133692
9.92 0.0133722
9.93 0.0133752
9.94 0.0133782
9.95 0.0133812
9.96 0.0133842
9.97 0.0133873
9.98 0.0133903
9.99 0.0133933
