t x
0.01 7.39945e-05
0.02 0.000147878
0.03 0.000221559
0.04 0.000294964
0.05 0.000368033
0.06 0.000440723
0.07 0.000513004
0.08 0.000584855
0.09 0.000656266
0.1 0.000727232
0.11 0.000797751
0.12 0.000867827
0.13 0.000937464
0.14 0.00100667
0.15 0.00107545
0.16 0.0011438
0.17 0.00121175
0.18 0.00127929
0.19 0.00134642
0.2 0.00141316
0.21 0.00147952
0.22 0.00154549
0.23 0.00161109
0.24 0.00167632
0.25 0.00174119
0.26 0.0018057
0.27 0.00186987
0.28 0.00193369
0.29 0.00199717
0.3 0.00206032
0.31 0.00212314
0.32 0.00218564
0.33 0.00224782
0.34 0.00230968
0.35 0.00237123
0.36 0.00243248
0.37 0.00249342
0.38 0.00255405
0.39 0.0026144
0.4 0.00267444
0.41 0.0027342
0.42 0.00279366
0.43 0.00285284
0.44 0.00291173
0.45 0.00297034
0.46 0.00302867
0.47 0.00308672
0.48 0.00314451
0.49 0.00320203
0.5 0.00325928
0.51 0.00331627
0.52 0.00337301
0.53 0.00342949
0.54 0.00348571
0.55 0.00354167
0.56 0.00359738
0.57 0.00365284
0.58 0.00370804
0.59 0.003763
0.6 0.0038177
0.61 0.00387216
0.62 0.00392638
0.63 0.00398036
0.64 0.0040341
0.65 0.0040876
0.66 0.00414087
0.67 0.00419391
0.68 0.00424672
0.69 0.00429931
0.7 0.00435167
0.71 0.00440381
0.72 0.00445572
0.73 0.00450741
0.74 0.00455888
0.75 0.00461013
0.76 0.00466115
0.77 0.00471195
0.78 0.00476253
0.79 0.00481289
0.8 0.00486303
0.81 0.00491294
0.82 0.00496265
0.83 0.00501213
0.84 0.00506139
0.85 0.00511044
0.86 0.00515928
0.87 0.0052079
0.88 0.00525631
0.89 0.00530451
0.9 0.0053525
0.91 0.00540028
0.92 0.00544785
0.93 0.0054952
0.94 0.00554234
0.95 0.00558927
0.96 0.00563598
0.97 0.00568249
0.98 0.00572879
0.99 0.00577488
1 0.00582076
1.01 0.00586645
1.02 0.00591193
1.03 0.00595721
1.04 0.0060023
1.05 0.0060472
1.06 0.0060919
1.07 0.00613642
1.08 0.00618074
1.09 0.00622488
1.1 0.00626882
1.11 0.00631257
1.12 0.00635614
1.13 0.00639951
1.14 0.00644269
1.15 0.00648567
1.16 0.00652846
1.17 0.00657106
1.18 0.00661347
1.19 0.00665568
1.2 0.0066977
1.21 0.00673954
1.22 0.00678118
1.23 0.00682263
1.24 0.00686389
1.25 0.00690497
1.26 0.00694586
1.27 0.00698657
1.28 0.0070271
1.29 0.00706746
1.3 0.00710763
1.31 0.00714764
1.32 0.00718747
1.33 0.00722712
1.34 0.00726661
1.35 0.00730593
1.36 0.00734508
1.37 0.00738406
1.38 0.00742287
1.39 0.00746152
1.4 0.00750001
1.41 0.00753832
1.42 0.00757648
1.43 0.00761447
1.44 0.00765229
1.45 0.00768994
1.46 0.00772744
1.47 0.00776477
1.48 0.00780194
1.49 0.00783897
1.5 0.00787584
1.51 0.00791257
1.52 0.00794915
1.53 0.00798559
1.54 0.00802188
1.55 0.00805803
1.56 0.00809403
1.57 0.00812989
1.58 0.00816559
1.59 0.00820115
1.6 0.00823654
1.61 0.00827179
1.62 0.00830688
1.63 0.00834182
1.64 0.0083766
1.65 0.00841124
1.66 0.00844572
1.67 0.00848005
1.68 0.00851424
1.69 0.00854828
1.7 0.00858217
1.71 0.00861592
1.72 0.00864953
1.73 0.008683
1.74 0.00871633
1.75 0.00874953
1.76 0.00878259
1.77 0.00881552
1.78 0.00884832
1.79 0.00888099
1.8 0.00891352
1.81 0.00894593
1.82 0.00897821
1.83 0.00901037
1.84 0.00904241
1.85 0.00907432
1.86 0.00910611
1.87 0.00913778
1.88 0.00916933
1.89 0.00920076
1.9 0.00923206
1.91 0.00926324
1.92 0.00929431
1.93 0.00932525
1.94 0.00935607
1.95 0.00938678
1.96 0.00941737
1.97 0.00944785
1.98 0.0094782
1.99 0.00950845
2 0.00953857
2.01 0.00956858
2.02 0.00959848
2.03 0.00962826
2.04 0.00965793
2.05 0.00968748
2.06 0.00971692
2.07 0.00974625
2.08 0.00977546
2.09 0.00980457
2.1 0.00983356
2.11 0.00986245
2.12 0.00989123
2.13 0.00991992
2.14 0.0099485
2.15 0.009977
2.16 0.0100054
2.17 0.0100337
2.18 0.010062
2.19 0.0100901
2.2 0.0101182
2.21 0.0101461
2.22 0.010174
2.23 0.0102018
2.24 0.0102296
2.25 0.0102572
2.26 0.0102847
2.27 0.0103122
2.28 0.0103395
2.29 0.0103668
2.3 0.010394
2.31 0.0104211
2.32 0.0104481
2.33 0.010475
2.34 0.0105018
2.35 0.0105285
2.36 0.0105551
2.37 0.0105817
2.38 0.0106081
2.39 0.0106344
2.4 0.0106607
2.41 0.0106869
2.42 0.0107129
2.43 0.0107389
2.44 0.0107648
2.45 0.0107906
2.46 0.0108162
2.47 0.0108419
2.48 0.0108674
2.49 0.0108928
2.5 0.0109181
2.51 0.0109433
2.52 0.0109685
2.53 0.0109935
2.54 0.0110184
2.55 0.0110432
2.56 0.0110679
2.57 0.0110926
2.58 0.0111171
2.59 0.0111415
2.6 0.0111658
2.61 0.01119
2.62 0.0112141
2.63 0.0112381
2.64 0.011262
2.65 0.0112858
2.66 0.0113095
2.67 0.011333
2.68 0.0113565
2.69 0.0113799
2.7 0.0114032
2.71 0.0114264
2.72 0.0114495
2.73 0.0114725
2.74 0.0114954
2.75 0.0115181
2.76 0.0115408
2.77 0.0115634
2.78 0.0115858
2.79 0.0116082
2.8 0.0116304
2.81 0.0116526
2.82 0.0116747
2.83 0.0116966
2.84 0.0117185
2.85 0.0117402
2.86 0.0117619
2.87 0.0117835
2.88 0.011805
2.89 0.0118264
2.9 0.0118477
2.91 0.0118689
2.92 0.01189
2.93 0.011911
2.94 0.011932
2.95 0.0119528
2.96 0.0119736
2.97 0.0119943
2.98 0.0120149
2.99 0.0120355
3 0.0120559
3.01 0.0120763
3.02 0.0120966
3.03 0.0121168
3.04 0.012137
3.05 0.0121571
3.06 0.0121771
3.07 0.012197
3.08 0.0122169
3.09 0.0122366
3.1 0.0122563
3.11 0.012276
3.12 0.0122955
3.13 0.012315
3.14 0.0123344
3.15 0.0123538
3.16 0.012373
3.17 0.0123922
3.18 0.0124114
3.19 0.0124304
3.2 0.0124494
3.21 0.0124683
3.22 0.0124871
3.23 0.0125059
3.24 0.0125246
3.25 0.0125432
3.26 0.0125618
3.27 0.0125802
3.28 0.0125987
3.29 0.012617
3.3 0.0126353
3.31 0.0126535
3.32 0.0126717
3.33 0.0126898
3.34 0.0127078
3.35 0.0127257
3.36 0.0127436
3.37 0.0127615
3.38 0.0127792
3.39 0.0127969
3.4 0.0128146
3.41 0.0128321
3.42 0.0128496
3.43 0.0128671
3.44 0.0128844
3.45 0.0129017
3.46 0.012919
3.47 0.0129361
3.48 0.0129532
3.49 0.0129702
3.5 0.0129872
3.51 0.013004
3.52 0.0130209
3.53 0.0130376
3.54 0.0130543
3.55 0.013071
3.56 0.0130875
3.57 0.013104
3.58 0.0131205
3.59 0.0131369
3.6 0.0131532
3.61 0.0131695
3.62 0.0131857
3.63 0.0132019
3.64 0.013218
3.65 0.0132341
3.66 0.0132501
3.67 0.0132661
3.68 0.013282
3.69 0.0132979
3.7 0.0133138
3.71 0.0133296
3.72 0.0133454
3.73 0.0133611
3.74 0.0133768
3.75 0.0133925
3.76 0.0134081
3.77 0.0134237
3.78 0.0134393
3.79 0.0134548
3.8 0.0134702
3.81 0.0134857
3.82 0.013501
3.83 0.0135164
3.84 0.0135317
3.85 0.013547
3.86 0.0135622
3.87 0.0135774
3.88 0.0135926
3.89 0.0136077
3.9 0.0136228
3.91 0.0136379
3.92 0.0136529
3.93 0.0136679
3.94 0.0136829
3.95 0.0136978
3.96 0.0137128
3.97 0.0137276
3.98 0.0137425
3.99 0.0137573
4 0.0137721
4.01 0.0137868
4.02 0.0138016
4.03 0.0138163
4.04 0.0138309
4.05 0.0138455
4.06 0.0138601
4.07 0.0138747
4.08 0.0138892
4.09 0.0139037
4.1 0.0139182
4.11 0.0139326
4.12 0.013947
4.13 0.0139613
4.14 0.0139756
4.15 0.0139898
4.16 0.0140041
4.17 0.0140183
4.18 0.0140324
4.19 0.0140465
4.2 0.0140606
4.21 0.0140746
4.22 0.0140886
4.23 0.0141026
4.24 0.0141165
4.25 0.0141304
4.26 0.0141442
4.27 0.014158
4.28 0.0141718
4.29 0.0141855
4.3 0.0141992
4.31 0.0142129
4.32 0.0142265
4.33 0.0142401
4.34 0.0142537
4.35 0.0142672
4.36 0.0142807
4.37 0.0142941
4.38 0.0143076
4.39 0.014321
4.4 0.0143343
4.41 0.0143477
4.42 0.014361
4.43 0.0143742
4.44 0.0143875
4.45 0.0144007
4.46 0.0144138
4.47 0.014427
4.48 0.0144401
4.49 0.0144532
4.5 0.0144662
4.51 0.0144792
4.52 0.0144922
4.53 0.0145051
4.54 0.014518
4.55 0.0145309
4.56 0.0145437
4.57 0.0145565
4.58 0.0145693
4.59 0.014582
4.6 0.0145946
4.61 0.0146073
4.62 0.0146199
4.63 0.0146325
4.64 0.014645
4.65 0.0146575
4.66 0.01467
4.67 0.0146824
4.68 0.0146949
4.69 0.0147072
4.7 0.0147196
4.71 0.0147319
4.72 0.0147442
4.73 0.0147565
4.74 0.0147687
4.75 0.0147809
4.76 0.0147931
4.77 0.0148053
4.78 0.0148174
4.79 0.0148295
4.8 0.0148415
4.81 0.0148536
4.82 0.0148656
4.83 0.0148776
4.84 0.0148895
4.85 0.0149014
4.86 0.0149133
4.87 0.0149252
4.88 0.014937
4.89 0.0149488
4.9 0.0149606
4.91 0.0149724
4.92 0.0149841
4.93 0.0149958
4.94 0.0150075
4.95 0.0150192
4.96 0.0150308
4.97 0.0150424
4.98 0.015054
4.99 0.0150655
5 0.0150771
5.01 0.0150886
5.02 0.0151001
5.03 0.0151115
5.04 0.0151229
5.05 0.0151343
5.06 0.0151457
5.07 0.0151571
5.08 0.0151684
5.09 0.0151797
5.1 0.015191
5.11 0.0152023
5.12 0.0152135
5.13 0.0152247
5.14 0.0152359
5.15 0.0152471
5.16 0.0152582
5.17 0.0152694
5.18 0.0152805
5.19 0.0152915
5.2 0.0153026
5.21 0.0153136
5.22 0.0153246
5.23 0.0153356
5.24 0.0153466
5.25 0.0153575
5.26 0.0153684
5.27 0.0153793
5.28 0.0153902
5.29 0.0154011
5.3 0.0154119
5.31 0.0154227
5.32 0.0154335
5.33 0.0154443
5.34 0.015455
5.35 0.0154657
5.36 0.0154764
5.37 0.0154871
5.38 0.0154978
5.39 0.0155084
5.4 0.0155191
5.41 0.0155297
5.42 0.0155403
5.43 0.0155508
5.44 0.0155614
5.45 0.0155719
5.46 0.0155824
5.47 0.0155929
5.48 0.0156033
5.49 0.0156138
5.5 0.0156242
5.51 0.0156346
5.52 0.015645
5.53 0.0156553
5.54 0.0156657
5.55 0.015676
5.56 0.0156863
5.57 0.0156965
5.58 0.0157068
5.59 0.015717
5.6 0.0157272
5.61 0.0157373
5.62 0.0157474
5.63 0.0157575
5.64 0.0157676
5.65 0.0157776
5.66 0.0157876
5.67 0.0157976
5.68 0.0158075
5.69 0.0158174
5.7 0.0158273
5.71 0.0158371
5.72 0.0158469
5.73 0.0158567
5.74 0.0158665
5.75 0.0158762
5.76 0.0158859
5.77 0.0158956
5.78 0.0159053
5.79 0.0159149
5.8 0.0159245
5.81 0.0159341
5.82 0.0159437
5.83 0.0159532
5.84 0.0159627
5.85 0.0159722
5.86 0.0159816
5.87 0.0159911
5.88 0.0160005
5.89 0.0160099
5.9 0.0160192
5.91 0.0160286
5.92 0.0160379
5.93 0.0160472
5.94 0.0160565
5.95 0.0160658
5.96 0.016075
5.97 0.0160843
5.98 0.0160935
5.99 0.0161027
6 0.0161119
6.01 0.0161211
6.02 0.0161303
6.03 0.0161395
6.04 0.0161487
6.05 0.0161578
6.06 0.016167
6.07 0.0161761
6.08 0.0161852
6.09 0.0161943
6.1 0.0162035
6.11 0.0162126
6.12 0.0162217
6.13 0.0162308
6.14 0.0162399
6.15 0.016249
6.16 0.0162581
6.17 0.0162672
6.18 0.0162763
6.19 0.0162854
6.2 0.0162944
6.21 0.0163035
6.22 0.0163126
6.23 0.0163217
6.24 0.0163308
6.25 0.0163399
6.26 0.0163489
6.27 0.016358
6.28 0.0163671
6.29 0.0163761
6.3 0.0163851
6.31 0.0163942
6.32 0.0164032
6.33 0.0164122
6.34 0.0164212
6.35 0.0164302
6.36 0.0164391
6.37 0.0164481
6.38 0.0164571
6.39 0.016466
6.4 0.0164749
6.41 0.0164838
6.42 0.0164928
6.43 0.0165016
6.44 0.0165105
6.45 0.0165194
6.46 0.0165282
6.47 0.0165371
6.48 0.0165459
6.49 0.0165547
6.5 0.0165635
6.51 0.0165723
6.52 0.0165811
6.53 0.0165898
6.54 0.0165985
6.55 0.0166072
6.56 0.0166159
6.57 0.0166245
6.58 0.0166332
6.59 0.0166418
6.6 0.0166504
6.61 0.016659
6.62 0.0166675
6.63 0.016676
6.64 0.0166846
6.65 0.0166931
6.66 0.0167016
6.67 0.01671
6.68 0.0167185
6.69 0.0167269
6.7 0.0167354
6.71 0.0167438
6.72 0.0167522
6.73 0.0167606
6.74 0.0167689
6.75 0.0167773
6.76 0.0167856
6.77 0.016794
6.78 0.0168023
6.79 0.0168106
6.8 0.0168189
6.81 0.0168272
6.82 0.0168354
6.83 0.0168437
6.84 0.016852
6.85 0.0168602
6.86 0.0168685
6.87 0.0168767
6.88 0.0168849
6.89 0.0168931
6.9 0.0169014
6.91 0.0169096
6.92 0.0169178
6.93 0.016926
6.94 0.0169342
6.95 0.0169423
6.96 0.0169505
6.97 0.0169587
6.98 0.0169669
6.99 0.016975
7 0.0169832
7.01 0.0169913
7.02 0.0169995
7.03 0.0170076
7.04 0.0170157
7.05 0.0170238
7.06 0.0170319
7.07 0.01704
7.08 0.0170481
7.09 0.0170561
7.1 0.0170642
7.11 0.0170722
7.12 0.0170802
7.13 0.0170882
7.14 0.0170962
7.15 0.0171042
7.16 0.0171121
7.17 0.0171201
7.18 0.017128
7.19 0.0171359
7.2 0.0171437
7.21 0.0171516
7.22 0.0171595
7.23 0.0171673
7.24 0.0171751
7.25 0.0171829
7.26 0.0171907
7.27 0.0171985
7.28 0.0172062
7.29 0.017214
7.3 0.0172217
7.31 0.0172294
7.32 0.0172371
7.33 0.0172448
7.34 0.0172524
7.35 0.0172601
7.36 0.0172677
7.37 0.0172754
7.38 0.017283
7.39 0.0172906
7.4 0.0172982
7.41 0.0173058
7.42 0.0173133
7.43 0.0173209
7.44 0.0173284
7.45 0.0173359
7.46 0.0173435
7.47 0.017351
7.48 0.0173585
7.49 0.0173659
7.5 0.0173734
7.51 0.0173809
7.52 0.0173883
7.53 0.0173957
7.54 0.0174031
7.55 0.0174105
7.56 0.0174179
7.57 0.0174253
7.58 0.0174326
7.59 0.0174399
7.6 0.0174472
7.61 0.0174545
7.62 0.0174618
7.63 0.0174691
7.64 0.0174763
7.65 0.0174835
7.66 0.0174908
7.67 0.017498
7.68 0.0175052
7.69 0.0175123
7.7 0.0175195
7.71 0.0175267
7.72 0.0175338
7.73 0.017541
7.74 0.0175481
7.75 0.0175553
7.76 0.0175624
7.77 0.0175695
7.78 0.0175766
7.79 0.0175836
7.8 0.0175907
7.81 0.0175978
7.82 0.0176048
7.83 0.0176119
7.84 0.0176189
7.85 0.0176259
7.86 0.017633
7.87 0.01764
7.88 0.0176469
7.89 0.0176539
7.9 0.0176609
7.91 0.0176678
7.92 0.0176748
7.93 0.0176817
7.94 0.0176886
7.95 0.0176955
7.96 0.0177024
7.97 0.0177092
7.98 0.0177161
7.99 0.017723
8 0.0177298
8.01 0.0177367
8.02 0.0177435
8.03 0.0177503
8.04 0.0177572
8.05 0.017764
8.06 0.0177709
8.07 0.0177777
8.08 0.0177846
8.09 0.0177914
8.1 0.0177983
8.11 0.0178051
8.12 0.017812
8.13 0.0178188
8.14 0.0178257
8.15 0.0178326
8.16 0.0178394
8.17 0.0178463
8.18 0.0178532
8.19 0.01786
8.2 0.0178669
8.21 0.0178738
8.22 0.0178807
8.23 0.0178875
8.24 0.0178944
8.25 0.0179013
8.26 0.0179082
8.27 0.0179151
8.28 0.017922
8.29 0.0179289
8.3 0.0179358
8.31 0.0179427
8.32 0.0179496
8.33 0.0179565
8.34 0.0179633
8.35 0.0179702
8.36 0.0179771
8.37 0.017984
8.38 0.0179909
8.39 0.0179978
8.4 0.0180047
8.41 0.0180115
8.42 0.0180184
8.43 0.0180253
8.44 0.0180322
8.45 0.0180391
8.46 0.018046
8.47 0.0180529
8.48 0.0180598
8.49 0.0180667
8.5 0.0180737
8.51 0.0180806
8.52 0.0180875
8.53 0.0180944
8.54 0.0181013
8.55 0.0181083
8.56 0.0181152
8.57 0.0181221
8.58 0.018129
8.59 0.018136
8.6 0.0181429
8.61 0.0181498
8.62 0.0181567
8.63 0.0181636
8.64 0.0181705
8.65 0.0181775
8.66 0.0181844
8.67 0.0181913
8.68 0.0181982
8.69 0.0182051
8.7 0.0182119
8.71 0.0182188
8.72 0.0182257
8.73 0.0182326
8.74 0.0182395
8.75 0.0182463
8.76 0.0182532
8.77 0.0182601
8.78 0.0182669
8.79 0.0182738
8.8 0.0182807
8.81 0.0182875
8.82 0.0182944
8.83 0.0183013
8.84 0.0183081
8.85 0.018315
8.86 0.0183218
8.87 0.0183287
8.88 0.0183356
8.89 0.0183424
8.9 0.0183492
8.91 0.0183561
8.92 0.0183629
8.93 0.0183698
8.94 0.0183766
8.95 0.0183834
8.96 0.0183902
8.97 0.0183971
8.98 0.0184039
8.99 0.0184107
9 0.0184175
9.01 0.0184242
9.02 0.018431
9.03 0.0184378
9.04 0.0184445
9.05 0.0184513
9.06 0.018458
9.07 0.0184647
9.08 0.0184714
9.09 0.0184781
9.1 0.0184848
9.11 0.0184914
9.12 0.0184981
9.13 0.0185047
9.14 0.0185113
9.15 0.0185179
9.16 0.0185245
9.17 0.0185311
9.18 0.0185376
9.19 0.0185442
9.2 0.0185507
9.21 0.0185573
9.22 0.0185638
9.23 0.0185703
9.24 0.0185768
9.25 0.0185832
9.26 0.0185897
9.27 0.0185961
9.28 0.0186026
9.29 0.018609
9.3 0.0186154
9.31 0.0186218
9.32 0.0186282
9.33 0.0186346
9.34 0.018641
9.35 0.0186473
9.36 0.0186537
9.37 0.01866
9.38 0.0186663
9.39 0.0186726
9.4 0.0186789
9.41 0.0186852
9.42 0.0186915
9.43 0.0186977
9.44 0.018704
9.45 0.0187102
9.46 0.0187165
9.47 0.0187227
9.48 0.0187289
9.49 0.0187351
9.5 0.0187413
9.51 0.0187475
9.52 0.0187537
9.53 0.0187599
9.54 0.0187661
9.55 0.0187723
9.56 0.0187784
9.57 0.0187846
9.58 0.0187908
9.59 0.0187969
9.6 0.0188031
9.61 0.0188092
9.62 0.0188153
9.63 0.0188214
9.64 0.0188276
9.65 0.0188337
9.66 0.0188397
9.67 0.0188458
9.68 0.0188519
9.69 0.018858
9.7 0.018864
9.71 0.01887
9.72 0.0188761
9.73 0.0188821
9.74 0.0188881
9.75 0.0188941
9.76 0.0189001
9.77 0.018906
9.78 0.018912
9.79 0.0189179
9.8 0.0189238
9.81 0.0189297
9.82 0.0189356
9.83 0.0189414
9.84 0.0189473
9.85 0.0189531
9.86 0.0189589
9.87 0.0189647
9.88 0.0189705
9.89 0.0189763
9.9 0.018982
9.91 0.0189878
9.92 0.0189935
9.93 0.0189992
9.94 0.019005
9.95 0.0190106
9.96 0.0190163
9.97 0.019022
9.98 0.0190276
9.99 0.0190333
