t x
0.01 603978
0.02 1.20825e+06
0.03 1.8126e+06
0.04 2.41696e+06
0.05 3.02133e+06
0.06 3.6257e+06
0.07 4.23007e+06
0.08 4.83444e+06
0.09 5.43882e+06
0.1 6.04319e+06
0.11 6.64757e+06
0.12 7.25194e+06
0.13 7.85632e+06
0.14 8.46069e+06
0.15 9.06507e+06
0.16 9.66944e+06
0.17 1.02738e+07
0.18 1.08782e+07
0.19 1.14826e+07
0.2 1.20869e+07
0.21 1.26913e+07
0.22 1.32957e+07
0.23 1.39001e+07
0.24 1.45045e+07
0.25 1.51088e+07
0.26 1.57132e+07
0.27 1.63176e+07
0.28 1.6922e+07
0.29 1.75263e+07
0.3 1.81307e+07
0.31 1.87351e+07
0.32 1.93395e+07
0.33 1.99438e+07
0.34 2.05482e+07
0.35 2.11526e+07
0.36 2.1757e+07
0.37 2.23613e+07
0.38 2.29657e+07
0.39 2.35701e+07
0.4 2.41745e+07
0.41 2.47789e+07
0.42 2.53832e+07
0.43 2.59876e+07
0.44 2.6592e+07
0.45 2.71964e+07
0.46 2.78007e+07
0.47 2.84051e+07
0.48 2.90095e+07
0.49 2.96139e+07
0.5 3.02182e+07
0.51 3.08226e+07
0.52 3.1427e+07
0.53 3.20314e+07
0.54 3.26357e+07
0.55 3.32401e+07
0.56 3.38445e+07
0.57 3.44489e+07
0.58 3.50533e+07
0.59 3.56576e+07
0.6 3.6262e+07
0.61 3.68664e+07
0.62 3.74708e+07
0.63 3.80751e+07
0.64 3.86795e+07
0.65 3.92839e+07
0.66 3.98883e+07
0.67 4.04926e+07
0.68 4.1097e+07
0.69 4.17014e+07
0.7 4.23058e+07
0.71 4.29102e+07
0.72 4.35145e+07
0.73 4.41189e+07
0.74 4.47233e+07
0.75 4.53277e+07
0.76 4.5932e+07
0.77 4.65364e+07
0.78 4.71408e+07
0.79 4.77452e+07
0.8 4.83495e+07
0.81 4.89539e+07
0.82 4.95583e+07
0.83 5.01627e+07
0.84 5.0767e+07
0.85 5.13714e+07
0.86 5.19758e+07
0.87 5.25802e+07
0.88 5.31846e+07
0.89 5.37889e+07
0.9 5.43933e+07
0.91 5.49977e+07
0.92 5.56021e+07
0.93 5.62064e+07
0.94 5.68108e+07
0.95 5.74152e+07
0.96 5.80196e+07
0.97 5.86239e+07
0.98 5.92283e+07
0.99 5.98327e+07
1 6.04371e+07
1.01 6.10415e+07
1.02 6.16458e+07
1.03 6.22502e+07
1.04 6.28546e+07
1.05 6.3459e+07
1.06 6.40633e+07
1.07 6.46677e+07
1.08 6.52721e+07
1.09 6.58765e+07
1.1 6.64808e+07
1.11 6.70852e+07
1.12 6.76896e+07
1.13 6.8294e+07
1.14 6.88983e+07
1.15 6.95027e+07
1.16 7.01071e+07
1.17 7.07115e+07
1.18 7.13159e+07
1.19 7.19202e+07
1.2 7.25246e+07
1.21 7.3129e+07
1.22 7.37334e+07
1.23 7.43377e+07
1.24 7.49421e+07
1.25 7.55465e+07
1.26 7.61509e+07
1.27 7.67552e+07
1.28 7.73596e+07
1.29 7.7964e+07
1.3 7.85684e+07
1.31 7.91728e+07
1.32 7.97771e+07
1.33 8.03815e+07
1.34 8.09859e+07
1.35 8.15903e+07
1.36 8.21946e+07
1.37 8.2799e+07
1.38 8.34034e+07
1.39 8.40078e+07
1.4 8.46121e+07
1.41 8.52165e+07
1.42 8.58209e+07
1.43 8.64253e+07
1.44 8.70296e+07
1.45 8.7634e+07
1.46 8.82384e+07
1.47 8.88428e+07
1.48 8.94472e+07
1.49 9.00515e+07
1.5 9.06559e+07
1.51 9.12603e+07
1.52 9.18647e+07
1.53 9.2469e+07
1.54 9.30734e+07
1.55 9.36778e+07
1.56 9.42822e+07
1.57 9.48865e+07
1.58 9.54909e+07
1.59 9.60953e+07
1.6 9.66997e+07
1.61 9.7304e+07
1.62 9.79084e+07
1.63 9.85128e+07
1.64 9.91172e+07
1.65 9.97216e+07
1.66 1.00326e+08
1.67 1.0093e+08
1.68 1.01535e+08
1.69 1.02139e+08
1.7 1.02743e+08
1.71 1.03348e+08
1.72 1.03952e+08
1.73 1.04557e+08
1.74 1.05161e+08
1.75 1.05765e+08
1.76 1.0637e+08
1.77 1.06974e+08
1.78 1.07578e+08
1.79 1.08183e+08
1.8 1.08787e+08
1.81 1.09392e+08
1.82 1.09996e+08
1.83 1.106e+08
1.84 1.11205e+08
1.85 1.11809e+08
1.86 1.12413e+08
1.87 1.13018e+08
1.88 1.13622e+08
1.89 1.14227e+08
1.9 1.14831e+08
1.91 1.15435e+08
1.92 1.1604e+08
1.93 1.16644e+08
1.94 1.17248e+08
1.95 1.17853e+08
1.96 1.18457e+08
1.97 1.19062e+08
1.98 1.19666e+08
1.99 1.2027e+08
2 1.20875e+08
2.01 1.21479e+08
2.02 1.22083e+08
2.03 1.22688e+08
2.04 1.23292e+08
2.05 1.23897e+08
2.06 1.24501e+08
2.07 1.25105e+08
2.08 1.2571e+08
2.09 1.26314e+08
2.1 1.26918e+08
2.11 1.27523e+08
2.12 1.28127e+08
2.13 1.28732e+08
2.14 1.29336e+08
2.15 1.2994e+08
2.16 1.30545e+08
2.17 1.31149e+08
2.18 1.31754e+08
2.19 1.32358e+08
2.2 1.32962e+08
2.21 1.33567e+08
2.22 1.34171e+08
2.23 1.34775e+08
2.24 1.3538e+08
2.25 1.35984e+08
2.26 1.36589e+08
2.27 1.37193e+08
2.28 1.37797e+08
2.29 1.38402e+08
2.3 1.39006e+08
2.31 1.3961e+08
2.32 1.40215e+08
2.33 1.40819e+08
2.34 1.41424e+08
2.35 1.42028e+08
2.36 1.42632e+08
2.37 1.43237e+08
2.38 1.43841e+08
2.39 1.44445e+08
2.4 1.4505e+08
2.41 1.45654e+08
2.42 1.46259e+08
2.43 1.46863e+08
2.44 1.47467e+08
2.45 1.48072e+08
2.46 1.48676e+08
2.47 1.4928e+08
2.48 1.49885e+08
2.49 1.50489e+08
2.5 1.51094e+08
2.51 1.51698e+08
2.52 1.52302e+08
2.53 1.52907e+08
2.54 1.53511e+08
2.55 1.54115e+08
2.56 1.5472e+08
2.57 1.55324e+08
2.58 1.55929e+08
2.59 1.56533e+08
2.6 1.57137e+08
2.61 1.57742e+08
2.62 1.58346e+08
2.63 1.5895e+08
2.64 1.59555e+08
2.65 1.60159e+08
2.66 1.60764e+08
2.67 1.61368e+08
2.68 1.61972e+08
2.69 1.62577e+08
2.7 1.63181e+08
2.71 1.63785e+08
2.72 1.6439e+08
2.73 1.64994e+08
2.74 1.65599e+08
2.75 1.66203e+08
2.76 1.66807e+08
2.77 1.67412e+08
2.78 1.68016e+08
2.79 1.6862e+08
2.8 1.69225e+08
2.81 1.69829e+08
2.82 1.70434e+08
2.83 1.71038e+08
2.84 1.71642e+08
2.85 1.72247e+08
2.86 1.72851e+08
2.87 1.73455e+08
2.88 1.7406e+08
2.89 1.74664e+08
2.9 1.75269e+08
2.91 1.75873e+08
2.92 1.76477e+08
2.93 1.77082e+08
2.94 1.77686e+08
2.95 1.78291e+08
2.96 1.78895e+08
2.97 1.79499e+08
2.98 1.80104e+08
2.99 1.80708e+08
3 1.81312e+08
3.01 1.81917e+08
3.02 1.82521e+08
3.03 1.83126e+08
3.04 1.8373e+08
3.05 1.84334e+08
3.06 1.84939e+08
3.07 1.85543e+08
3.08 1.86147e+08
3.09 1.86752e+08
3.1 1.87356e+08
3.11 1.87961e+08
3.12 1.88565e+08
3.13 1.89169e+08
3.14 1.89774e+08
3.15 1.90378e+08
3.16 1.90982e+08
3.17 1.91587e+08
3.18 1.92191e+08
3.19 1.92796e+08
3.2 1.934e+08
3.21 1.94004e+08
3.22 1.94609e+08
3.23 1.95213e+08
3.24 1.95817e+08
3.25 1.96422e+08
3.26 1.97026e+08
3.27 1.97631e+08
3.28 1.98235e+08
3.29 1.98839e+08
3.3 1.99444e+08
3.31 2.00048e+08
3.32 2.00652e+08
3.33 2.01257e+08
3.34 2.01861e+08
3.35 2.02466e+08
3.36 2.0307e+08
3.37 2.03674e+08
3.38 2.04279e+08
3.39 2.04883e+08
3.4 2.05487e+08
3.41 2.06092e+08
3.42 2.06696e+08
3.43 2.07301e+08
3.44 2.07905e+08
3.45 2.08509e+08
3.46 2.09114e+08
3.47 2.09718e+08
3.48 2.10322e+08
3.49 2.10927e+08
3.5 2.11531e+08
3.51 2.12136e+08
3.52 2.1274e+08
3.53 2.13344e+08
3.54 2.13949e+08
3.55 2.14553e+08
3.56 2.15157e+08
3.57 2.15762e+08
3.58 2.16366e+08
3.59 2.16971e+08
3.6 2.17575e+08
3.61 2.18179e+08
3.62 2.18784e+08
3.63 2.19388e+08
3.64 2.19992e+08
3.65 2.20597e+08
3.66 2.21201e+08
3.67 2.21806e+08
3.68 2.2241e+08
3.69 2.23014e+08
3.7 2.23619e+08
3.71 2.24223e+08
3.72 2.24827e+08
3.73 2.25432e+08
3.74 2.26036e+08
3.75 2.26641e+08
3.76 2.27245e+08
3.77 2.27849e+08
3.78 2.28454e+08
3.79 2.29058e+08
3.8 2.29662e+08
3.81 2.30267e+08
3.82 2.30871e+08
3.83 2.31476e+08
3.84 2.3208e+08
3.85 2.32684e+08
3.86 2.33289e+08
3.87 2.33893e+08
3.88 2.34497e+08
3.89 2.35102e+08
3.9 2.35706e+08
3.91 2.36311e+08
3.92 2.36915e+08
3.93 2.37519e+08
3.94 2.38124e+08
3.95 2.38728e+08
3.96 2.39332e+08
3.97 2.39937e+08
3.98 2.40541e+08
3.99 2.41146e+08
4 2.4175e+08
4.01 2.42354e+08
4.02 2.42959e+08
4.03 2.43563e+08
4.04 2.44167e+08
4.05 2.44772e+08
4.06 2.45376e+08
4.07 2.45981e+08
4.08 2.46585e+08
4.09 2.47189e+08
4.1 2.47794e+08
4.11 2.48398e+08
4.12 2.49003e+08
4.13 2.49607e+08
4.14 2.50211e+08
4.15 2.50816e+08
4.16 2.5142e+08
4.17 2.52024e+08
4.18 2.52629e+08
4.19 2.53233e+08
4.2 2.53838e+08
4.21 2.54442e+08
4.22 2.55046e+08
4.23 2.55651e+08
4.24 2.56255e+08
4.25 2.56859e+08
4.26 2.57464e+08
4.27 2.58068e+08
4.28 2.58673e+08
4.29 2.59277e+08
4.3 2.59881e+08
4.31 2.60486e+08
4.32 2.6109e+08
4.33 2.61694e+08
4.34 2.62299e+08
4.35 2.62903e+08
4.36 2.63508e+08
4.37 2.64112e+08
4.38 2.64716e+08
4.39 2.65321e+08
4.4 2.65925e+08
4.41 2.66529e+08
4.42 2.67134e+08
4.43 2.67738e+08
4.44 2.68343e+08
4.45 2.68947e+08
4.46 2.69551e+08
4.47 2.70156e+08
4.48 2.7076e+08
4.49 2.71364e+08
4.5 2.71969e+08
4.51 2.72573e+08
4.52 2.73178e+08
4.53 2.73782e+08
4.54 2.74386e+08
4.55 2.74991e+08
4.56 2.75595e+08
4.57 2.76199e+08
4.58 2.76804e+08
4.59 2.77408e+08
4.6 2.78013e+08
4.61 2.78617e+08
4.62 2.79221e+08
4.63 2.79826e+08
4.64 2.8043e+08
4.65 2.81034e+08
4.66 2.81639e+08
4.67 2.82243e+08
4.68 2.82848e+08
4.69 2.83452e+08
4.7 2.84056e+08
4.71 2.84661e+08
4.72 2.85265e+08
4.73 2.85869e+08
4.74 2.86474e+08
4.75 2.87078e+08
4.76 2.87683e+08
4.77 2.88287e+08
4.78 2.88891e+08
4.79 2.89496e+08
4.8 2.901e+08
4.81 2.90704e+08
4.82 2.91309e+08
4.83 2.91913e+08
4.84 2.92518e+08
4.85 2.93122e+08
4.86 2.93726e+08
4.87 2.94331e+08
4.88 2.94935e+08
4.89 2.95539e+08
4.9 2.96144e+08
4.91 2.96748e+08
4.92 2.97353e+08
4.93 2.97957e+08
4.94 2.98561e+08
4.95 2.99166e+08
4.96 2.9977e+08
4.97 3.00374e+08
4.98 3.00979e+08
4.99 3.01583e+08
5 3.02188e+08
5.01 3.02792e+08
5.02 3.03396e+08
5.03 3.04001e+08
5.04 3.04605e+08
5.05 3.05209e+08
5.06 3.05814e+08
5.07 3.06418e+08
5.08 3.07023e+08
5.09 3.07627e+08
5.1 3.08231e+08
5.11 3.08836e+08
5.12 3.0944e+08
5.13 3.10044e+08
5.14 3.10649e+08
5.15 3.11253e+08
5.16 3.11858e+08
5.17 3.12462e+08
5.18 3.13066e+08
5.19 3.13671e+08
5.2 3.14275e+08
5.21 3.14879e+08
5.22 3.15484e+08
5.23 3.16088e+08
5.24 3.16693e+08
5.25 3.17297e+08
5.26 3.17901e+08
5.27 3.18506e+08
5.28 3.1911e+08
5.29 3.19714e+08
5.3 3.20319e+08
5.31 3.20923e+08
5.32 3.21528e+08
5.33 3.22132e+08
5.34 3.22736e+08
5.35 3.23341e+08
5.36 3.23945e+08
5.37 3.24549e+08
5.38 3.25154e+08
5.39 3.25758e+08
5.4 3.26363e+08
5.41 3.26967e+08
5.42 3.27571e+08
5.43 3.28176e+08
5.44 3.2878e+08
5.45 3.29384e+08
5.46 3.29989e+08
5.47 3.30593e+08
5.48 3.31198e+08
5.49 3.31802e+08
5.5 3.32406e+08
5.51 3.33011e+08
5.52 3.33615e+08
5.53 3.3422e+08
5.54 3.34824e+08
5.55 3.35428e+08
5.56 3.36033e+08
5.57 3.36637e+08
5.58 3.37241e+08
5.59 3.37846e+08
5.6 3.3845e+08
5.61 3.39055e+08
5.62 3.39659e+08
5.63 3.40263e+08
5.64 3.40868e+08
5.65 3.41472e+08
5.66 3.42076e+08
5.67 3.42681e+08
5.68 3.43285e+08
5.69 3.4389e+08
5.7 3.44494e+08
5.71 3.45098e+08
5.72 3.45703e+08
5.73 3.46307e+08
5.74 3.46911e+08
5.75 3.47516e+08
5.76 3.4812e+08
5.77 3.48725e+08
5.78 3.49329e+08
5.79 3.49933e+08
5.8 3.50538e+08
5.81 3.51142e+08
5.82 3.51746e+08
5.83 3.52351e+08
5.84 3.52955e+08
5.85 3.5356e+08
5.86 3.54164e+08
5.87 3.54768e+08
5.88 3.55373e+08
5.89 3.55977e+08
5.9 3.56581e+08
5.91 3.57186e+08
5.92 3.5779e+08
5.93 3.58395e+08
5.94 3.58999e+08
5.95 3.59603e+08
5.96 3.60208e+08
5.97 3.60812e+08
5.98 3.61416e+08
5.99 3.62021e+08
6 3.62625e+08
6.01 3.6323e+08
6.02 3.63834e+08
6.03 3.64438e+08
6.04 3.65043e+08
6.05 3.65647e+08
6.06 3.66251e+08
6.07 3.66856e+08
6.08 3.6746e+08
6.09 3.68065e+08
6.1 3.68669e+08
6.11 3.69273e+08
6.12 3.69878e+08
6.13 3.70482e+08
6.14 3.71086e+08
6.15 3.71691e+08
6.16 3.72295e+08
6.17 3.729e+08
6.18 3.73504e+08
6.19 3.74108e+08
6.2 3.74713e+08
6.21 3.75317e+08
6.22 3.75921e+08
6.23 3.76526e+08
6.24 3.7713e+08
6.25 3.77735e+08
6.26 3.78339e+08
6.27 3.78943e+08
6.28 3.79548e+08
6.29 3.80152e+08
6.3 3.80756e+08
6.31 3.81361e+08
6.32 3.81965e+08
6.33 3.8257e+08
6.34 3.83174e+08
6.35 3.83778e+08
6.36 3.84383e+08
6.37 3.84987e+08
6.38 3.85591e+08
6.39 3.86196e+08
6.4 3.868e+08
6.41 3.87405e+08
6.42 3.88009e+08
6.43 3.88613e+08
6.44 3.89218e+08
6.45 3.89822e+08
6.46 3.90426e+08
6.47 3.91031e+08
6.48 3.91635e+08
6.49 3.9224e+08
6.5 3.92844e+08
6.51 3.93448e+08
6.52 3.94053e+08
6.53 3.94657e+08
6.54 3.95261e+08
6.55 3.95866e+08
6.56 3.9647e+08
6.57 3.97075e+08
6.58 3.97679e+08
6.59 3.98283e+08
6.6 3.98888e+08
6.61 3.99492e+08
6.62 4.00097e+08
6.63 4.00701e+08
6.64 4.01305e+08
6.65 4.0191e+08
6.66 4.02514e+08
6.67 4.03118e+08
6.68 4.03723e+08
6.69 4.04327e+08
6.7 4.04932e+08
6.71 4.05536e+08
6.72 4.0614e+08
6.73 4.06745e+08
6.74 4.07349e+08
6.75 4.07953e+08
6.76 4.08558e+08
6.77 4.09162e+08
6.78 4.09767e+08
6.79 4.10371e+08
6.8 4.10975e+08
6.81 4.1158e+08
6.82 4.12184e+08
6.83 4.12788e+08
6.84 4.13393e+08
6.85 4.13997e+08
6.86 4.14602e+08
6.87 4.15206e+08
6.88 4.1581e+08
6.89 4.16415e+08
6.9 4.17019e+08
6.91 4.17623e+08
6.92 4.18228e+08
6.93 4.18832e+08
6.94 4.19437e+08
6.95 4.20041e+08
6.96 4.20645e+08
6.97 4.2125e+08
6.98 4.21854e+08
6.99 4.22458e+08
7 4.23063e+08
7.01 4.23667e+08
7.02 4.24272e+08
7.03 4.24876e+08
7.04 4.2548e+08
7.05 4.26085e+08
7.06 4.26689e+08
7.07 4.27293e+08
7.08 4.27898e+08
7.09 4.28502e+08
7.1 4.29107e+08
7.11 4.29711e+08
7.12 4.30315e+08
7.13 4.3092e+08
7.14 4.31524e+08
7.15 4.32128e+08
7.16 4.32733e+08
7.17 4.33337e+08
7.18 4.33942e+08
7.19 4.34546e+08
7.2 4.3515e+08
7.21 4.35755e+08
7.22 4.36359e+08
7.23 4.36963e+08
7.24 4.37568e+08
7.25 4.38172e+08
7.26 4.38777e+08
7.27 4.39381e+08
7.28 4.39985e+08
7.29 4.4059e+08
7.3 4.41194e+08
7.31 4.41798e+08
7.32 4.42403e+08
7.33 4.43007e+08
7.34 4.43612e+08
7.35 4.44216e+08
7.36 4.4482e+08
7.37 4.45425e+08
7.38 4.46029e+08
7.39 4.46633e+08
7.4 4.47238e+08
7.41 4.47842e+08
7.42 4.48447e+08
7.43 4.49051e+08
7.44 4.49655e+08
7.45 4.5026e+08
7.46 4.50864e+08
7.47 4.51468e+08
7.48 4.52073e+08
7.49 4.52677e+08
7.5 4.53282e+08
7.51 4.53886e+08
7.52 4.5449e+08
7.53 4.55095e+08
7.54 4.55699e+08
7.55 4.56303e+08
7.56 4.56908e+08
7.57 4.57512e+08
7.58 4.58117e+08
7.59 4.58721e+08
7.6 4.59325e+08
7.61 4.5993e+08
7.62 4.60534e+08
7.63 4.61138e+08
7.64 4.61743e+08
7.65 4.62347e+08
7.66 4.62952e+08
7.67 4.63556e+08
7.68 4.6416e+08
7.69 4.64765e+08
7.7 4.65369e+08
7.71 4.65973e+08
7.72 4.66578e+08
7.73 4.67182e+08
7.74 4.67787e+08
7.75 4.68391e+08
7.76 4.68995e+08
7.77 4.696e+08
7.78 4.70204e+08
7.79 4.70808e+08
7.8 4.71413e+08
7.81 4.72017e+08
7.82 4.72622e+08
7.83 4.73226e+08
7.84 4.7383e+08
7.85 4.74435e+08
7.86 4.75039e+08
7.87 4.75643e+08
7.88 4.76248e+08
7.89 4.76852e+08
7.9 4.77457e+08
7.91 4.78061e+08
7.92 4.78665e+08
7.93 4.7927e+08
7.94 4.79874e+08
7.95 4.80479e+08
7.96 4.81083e+08
7.97 4.81687e+08
7.98 4.82292e+08
7.99 4.82896e+08
8 4.835e+08
8.01 4.84105e+08
8.02 4.84709e+08
8.03 4.85314e+08
8.04 4.85918e+08
8.05 4.86522e+08
8.06 4.87127e+08
8.07 4.87731e+08
8.08 4.88335e+08
8.09 4.8894e+08
8.1 4.89544e+08
8.11 4.90149e+08
8.12 4.90753e+08
8.13 4.91357e+08
8.14 4.91962e+08
8.15 4.92566e+08
8.16 4.9317e+08
8.17 4.93775e+08
8.18 4.94379e+08
8.19 4.94984e+08
8.2 4.95588e+08
8.21 4.96192e+08
8.22 4.96797e+08
8.23 4.97401e+08
8.24 4.98005e+08
8.25 4.9861e+08
8.26 4.99214e+08
8.27 4.99819e+08
8.28 5.00423e+08
8.29 5.01027e+08
8.3 5.01632e+08
8.31 5.02236e+08
8.32 5.0284e+08
8.33 5.03445e+08
8.34 5.04049e+08
8.35 5.04654e+08
8.36 5.05258e+08
8.37 5.05862e+08
8.38 5.06467e+08
8.39 5.07071e+08
8.4 5.07675e+08
8.41 5.0828e+08
8.42 5.08884e+08
8.43 5.09489e+08
8.44 5.10093e+08
8.45 5.10697e+08
8.46 5.11302e+08
8.47 5.11906e+08
8.48 5.1251e+08
8.49 5.13115e+08
8.5 5.13719e+08
8.51 5.14324e+08
8.52 5.14928e+08
8.53 5.15532e+08
8.54 5.16137e+08
8.55 5.16741e+08
8.56 5.17345e+08
8.57 5.1795e+08
8.58 5.18554e+08
8.59 5.19159e+08
8.6 5.19763e+08
8.61 5.20367e+08
8.62 5.20972e+08
8.63 5.21576e+08
8.64 5.2218e+08
8.65 5.22785e+08
8.66 5.23389e+08
8.67 5.23994e+08
8.68 5.24598e+08
8.69 5.25202e+08
8.7 5.25807e+08
8.71 5.26411e+08
8.72 5.27015e+08
8.73 5.2762e+08
8.74 5.28224e+08
8.75 5.28829e+08
8.76 5.29433e+08
8.77 5.30037e+08
8.78 5.30642e+08
8.79 5.31246e+08
8.8 5.3185e+08
8.81 5.32455e+08
8.82 5.33059e+08
8.83 5.33664e+08
8.84 5.34268e+08
8.85 5.34872e+08
8.86 5.35477e+08
8.87 5.36081e+08
8.88 5.36685e+08
8.89 5.3729e+08
8.9 5.37894e+08
8.91 5.38499e+08
8.92 5.39103e+08
8.93 5.39707e+08
8.94 5.40312e+08
8.95 5.40916e+08
8.96 5.4152e+08
8.97 5.42125e+08
8.98 5.42729e+08
8.99 5.43334e+08
9 5.43938e+08
9.01 5.44542e+08
9.02 5.45147e+08
9.03 5.45751e+08
9.04 5.46355e+08
9.05 5.4696e+08
9.06 5.47564e+08
9.07 5.48169e+08
9.08 5.48773e+08
9.09 5.49377e+08
9.1 5.49982e+08
9.11 5.50586e+08
9.12 5.51191e+08
9.13 5.51795e+08
9.14 5.52399e+08
9.15 5.53004e+08
9.16 5.53608e+08
9.17 5.54212e+08
9.18 5.54817e+08
9.19 5.55421e+08
9.2 5.56026e+08
9.21 5.5663e+08
9.22 5.57234e+08
9.23 5.57839e+08
9.24 5.58443e+08
9.25 5.59047e+08
9.26 5.59652e+08
9.27 5.60256e+08
9.28 5.60861e+08
9.29 5.61465e+08
9.3 5.62069e+08
9.31 5.62674e+08
9.32 5.63278e+08
9.33 5.63882e+08
9.34 5.64487e+08
9.35 5.65091e+08
9.36 5.65696e+08
9.37 5.663e+08
9.38 5.66904e+08
9.39 5.67509e+08
9.4 5.68113e+08
9.41 5.68717e+08
9.42 5.69322e+08
9.43 5.69926e+08
9.44 5.70531e+08
9.45 5.71135e+08
9.46 5.71739e+08
9.47 5.72344e+08
9.48 5.72948e+08
9.49 5.73552e+08
9.5 5.74157e+08
9.51 5.74761e+08
9.52 5.75366e+08
9.53 5.7597e+08
9.54 5.76574e+08
9.55 5.77179e+08
9.56 5.77783e+08
9.57 5.78387e+08
9.58 5.78992e+08
9.59 5.79596e+08
9.6 5.80201e+08
9.61 5.80805e+08
9.62 5.81409e+08
9.63 5.82014e+08
9.64 5.82618e+08
9.65 5.83222e+08
9.66 5.83827e+08
9.67 5.84431e+08
9.68 5.85036e+08
9.69 5.8564e+08
9.7 5.86244e+08
9.71 5.86849e+08
9.72 5.87453e+08
9.73 5.88057e+08
9.74 5.88662e+08
9.75 5.89266e+08
9.76 5.89871e+08
9.77 5.90475e+08
9.78 5.91079e+08
9.79 5.91684e+08
9.8 5.92288e+08
9.81 5.92892e+08
9.82 5.93497e+08
9.83 5.94101e+08
9.84 5.94706e+08
9.85 5.9531e+08
9.86 5.95914e+08
9.87 5.96519e+08
9.88 5.97123e+08
9.89 5.97727e+08
9.9 5.98332e+08
9.91 5.98936e+08
9.92 5.99541e+08
9.93 6.00145e+08
9.94 6.00749e+08
9.95 6.01354e+08
9.96 6.01958e+08
9.97 6.02562e+08
9.98 6.03167e+08
9.99 6.03771e+08
