t x
0.01 603576
0.02 1.20775e+06
0.03 1.81206e+06
0.04 2.4164e+06
0.05 3.02076e+06
0.06 3.62512e+06
0.07 4.22949e+06
0.08 4.83386e+06
0.09 5.43823e+06
0.1 6.0426e+06
0.11 6.64697e+06
0.12 7.25135e+06
0.13 7.85572e+06
0.14 8.46009e+06
0.15 9.06447e+06
0.16 9.66884e+06
0.17 1.02732e+07
0.18 1.08776e+07
0.19 1.1482e+07
0.2 1.20863e+07
0.21 1.26907e+07
0.22 1.32951e+07
0.23 1.38995e+07
0.24 1.45038e+07
0.25 1.51082e+07
0.26 1.57126e+07
0.27 1.6317e+07
0.28 1.69213e+07
0.29 1.75257e+07
0.3 1.81301e+07
0.31 1.87345e+07
0.32 1.93388e+07
0.33 1.99432e+07
0.34 2.05476e+07
0.35 2.1152e+07
0.36 2.17563e+07
0.37 2.23607e+07
0.38 2.29651e+07
0.39 2.35695e+07
0.4 2.41738e+07
0.41 2.47782e+07
0.42 2.53826e+07
0.43 2.5987e+07
0.44 2.65913e+07
0.45 2.71957e+07
0.46 2.78001e+07
0.47 2.84045e+07
0.48 2.90088e+07
0.49 2.96132e+07
0.5 3.02176e+07
0.51 3.0822e+07
0.52 3.14264e+07
0.53 3.20307e+07
0.54 3.26351e+07
0.55 3.32395e+07
0.56 3.38439e+07
0.57 3.44482e+07
0.58 3.50526e+07
0.59 3.5657e+07
0.6 3.62614e+07
0.61 3.68657e+07
0.62 3.74701e+07
0.63 3.80745e+07
0.64 3.86789e+07
0.65 3.92832e+07
0.66 3.98876e+07
0.67 4.0492e+07
0.68 4.10964e+07
0.69 4.17007e+07
0.7 4.23051e+07
0.71 4.29095e+07
0.72 4.35139e+07
0.73 4.41182e+07
0.74 4.47226e+07
0.75 4.5327e+07
0.76 4.59314e+07
0.77 4.65357e+07
0.78 4.71401e+07
0.79 4.77445e+07
0.8 4.83489e+07
0.81 4.89533e+07
0.82 4.95576e+07
0.83 5.0162e+07
0.84 5.07664e+07
0.85 5.13708e+07
0.86 5.19751e+07
0.87 5.25795e+07
0.88 5.31839e+07
0.89 5.37883e+07
0.9 5.43926e+07
0.91 5.4997e+07
0.92 5.56014e+07
0.93 5.62058e+07
0.94 5.68101e+07
0.95 5.74145e+07
0.96 5.80189e+07
0.97 5.86233e+07
0.98 5.92276e+07
0.99 5.9832e+07
1 6.04364e+07
1.01 6.10408e+07
1.02 6.16451e+07
1.03 6.22495e+07
1.04 6.28539e+07
1.05 6.34583e+07
1.06 6.40626e+07
1.07 6.4667e+07
1.08 6.52714e+07
1.09 6.58758e+07
1.1 6.64802e+07
1.11 6.70845e+07
1.12 6.76889e+07
1.13 6.82933e+07
1.14 6.88977e+07
1.15 6.9502e+07
1.16 7.01064e+07
1.17 7.07108e+07
1.18 7.13152e+07
1.19 7.19195e+07
1.2 7.25239e+07
1.21 7.31283e+07
1.22 7.37327e+07
1.23 7.4337e+07
1.24 7.49414e+07
1.25 7.55458e+07
1.26 7.61502e+07
1.27 7.67546e+07
1.28 7.73589e+07
1.29 7.79633e+07
1.3 7.85677e+07
1.31 7.91721e+07
1.32 7.97764e+07
1.33 8.03808e+07
1.34 8.09852e+07
1.35 8.15896e+07
1.36 8.21939e+07
1.37 8.27983e+07
1.38 8.34027e+07
1.39 8.40071e+07
1.4 8.46114e+07
1.41 8.52158e+07
1.42 8.58202e+07
1.43 8.64246e+07
1.44 8.7029e+07
1.45 8.76333e+07
1.46 8.82377e+07
1.47 8.88421e+07
1.48 8.94465e+07
1.49 9.00508e+07
1.5 9.06552e+07
1.51 9.12596e+07
1.52 9.1864e+07
1.53 9.24683e+07
1.54 9.30727e+07
1.55 9.36771e+07
1.56 9.42815e+07
1.57 9.48859e+07
1.58 9.54902e+07
1.59 9.60946e+07
1.6 9.6699e+07
1.61 9.73034e+07
1.62 9.79077e+07
1.63 9.85121e+07
1.64 9.91165e+07
1.65 9.97209e+07
1.66 1.00325e+08
1.67 1.0093e+08
1.68 1.01534e+08
1.69 1.02138e+08
1.7 1.02743e+08
1.71 1.03347e+08
1.72 1.03952e+08
1.73 1.04556e+08
1.74 1.0516e+08
1.75 1.05765e+08
1.76 1.06369e+08
1.77 1.06973e+08
1.78 1.07578e+08
1.79 1.08182e+08
1.8 1.08787e+08
1.81 1.09391e+08
1.82 1.09995e+08
1.83 1.106e+08
1.84 1.11204e+08
1.85 1.11808e+08
1.86 1.12413e+08
1.87 1.13017e+08
1.88 1.13622e+08
1.89 1.14226e+08
1.9 1.1483e+08
1.91 1.15435e+08
1.92 1.16039e+08
1.93 1.16643e+08
1.94 1.17248e+08
1.95 1.17852e+08
1.96 1.18457e+08
1.97 1.19061e+08
1.98 1.19665e+08
1.99 1.2027e+08
2 1.20874e+08
2.01 1.21478e+08
2.02 1.22083e+08
2.03 1.22687e+08
2.04 1.23292e+08
2.05 1.23896e+08
2.06 1.245e+08
2.07 1.25105e+08
2.08 1.25709e+08
2.09 1.26313e+08
2.1 1.26918e+08
2.11 1.27522e+08
2.12 1.28127e+08
2.13 1.28731e+08
2.14 1.29335e+08
2.15 1.2994e+08
2.16 1.30544e+08
2.17 1.31148e+08
2.18 1.31753e+08
2.19 1.32357e+08
2.2 1.32962e+08
2.21 1.33566e+08
2.22 1.3417e+08
2.23 1.34775e+08
2.24 1.35379e+08
2.25 1.35983e+08
2.26 1.36588e+08
2.27 1.37192e+08
2.28 1.37797e+08
2.29 1.38401e+08
2.3 1.39005e+08
2.31 1.3961e+08
2.32 1.40214e+08
2.33 1.40819e+08
2.34 1.41423e+08
2.35 1.42027e+08
2.36 1.42632e+08
2.37 1.43236e+08
2.38 1.4384e+08
2.39 1.44445e+08
2.4 1.45049e+08
2.41 1.45654e+08
2.42 1.46258e+08
2.43 1.46862e+08
2.44 1.47467e+08
2.45 1.48071e+08
2.46 1.48675e+08
2.47 1.4928e+08
2.48 1.49884e+08
2.49 1.50489e+08
2.5 1.51093e+08
2.51 1.51697e+08
2.52 1.52302e+08
2.53 1.52906e+08
2.54 1.5351e+08
2.55 1.54115e+08
2.56 1.54719e+08
2.57 1.55324e+08
2.58 1.55928e+08
2.59 1.56532e+08
2.6 1.57137e+08
2.61 1.57741e+08
2.62 1.58345e+08
2.63 1.5895e+08
2.64 1.59554e+08
2.65 1.60159e+08
2.66 1.60763e+08
2.67 1.61367e+08
2.68 1.61972e+08
2.69 1.62576e+08
2.7 1.6318e+08
2.71 1.63785e+08
2.72 1.64389e+08
2.73 1.64994e+08
2.74 1.65598e+08
2.75 1.66202e+08
2.76 1.66807e+08
2.77 1.67411e+08
2.78 1.68015e+08
2.79 1.6862e+08
2.8 1.69224e+08
2.81 1.69829e+08
2.82 1.70433e+08
2.83 1.71037e+08
2.84 1.71642e+08
2.85 1.72246e+08
2.86 1.7285e+08
2.87 1.73455e+08
2.88 1.74059e+08
2.89 1.74664e+08
2.9 1.75268e+08
2.91 1.75872e+08
2.92 1.76477e+08
2.93 1.77081e+08
2.94 1.77685e+08
2.95 1.7829e+08
2.96 1.78894e+08
2.97 1.79499e+08
2.98 1.80103e+08
2.99 1.80707e+08
3 1.81312e+08
3.01 1.81916e+08
3.02 1.8252e+08
3.03 1.83125e+08
3.04 1.83729e+08
3.05 1.84334e+08
3.06 1.84938e+08
3.07 1.85542e+08
3.08 1.86147e+08
3.09 1.86751e+08
3.1 1.87355e+08
3.11 1.8796e+08
3.12 1.88564e+08
3.13 1.89169e+08
3.14 1.89773e+08
3.15 1.90377e+08
3.16 1.90982e+08
3.17 1.91586e+08
3.18 1.92191e+08
3.19 1.92795e+08
3.2 1.93399e+08
3.21 1.94004e+08
3.22 1.94608e+08
3.23 1.95212e+08
3.24 1.95817e+08
3.25 1.96421e+08
3.26 1.97026e+08
3.27 1.9763e+08
3.28 1.98234e+08
3.29 1.98839e+08
3.3 1.99443e+08
3.31 2.00047e+08
3.32 2.00652e+08
3.33 2.01256e+08
3.34 2.01861e+08
3.35 2.02465e+08
3.36 2.03069e+08
3.37 2.03674e+08
3.38 2.04278e+08
3.39 2.04882e+08
3.4 2.05487e+08
3.41 2.06091e+08
3.42 2.06696e+08
3.43 2.073e+08
3.44 2.07904e+08
3.45 2.08509e+08
3.46 2.09113e+08
3.47 2.09717e+08
3.48 2.10322e+08
3.49 2.10926e+08
3.5 2.11531e+08
3.51 2.12135e+08
3.52 2.12739e+08
3.53 2.13344e+08
3.54 2.13948e+08
3.55 2.14552e+08
3.56 2.15157e+08
3.57 2.15761e+08
3.58 2.16366e+08
3.59 2.1697e+08
3.6 2.17574e+08
3.61 2.18179e+08
3.62 2.18783e+08
3.63 2.19387e+08
3.64 2.19992e+08
3.65 2.20596e+08
3.66 2.21201e+08
3.67 2.21805e+08
3.68 2.22409e+08
3.69 2.23014e+08
3.7 2.23618e+08
3.71 2.24223e+08
3.72 2.24827e+08
3.73 2.25431e+08
3.74 2.26036e+08
3.75 2.2664e+08
3.76 2.27244e+08
3.77 2.27849e+08
3.78 2.28453e+08
3.79 2.29058e+08
3.8 2.29662e+08
3.81 2.30266e+08
3.82 2.30871e+08
3.83 2.31475e+08
3.84 2.32079e+08
3.85 2.32684e+08
3.86 2.33288e+08
3.87 2.33893e+08
3.88 2.34497e+08
3.89 2.35101e+08
3.9 2.35706e+08
3.91 2.3631e+08
3.92 2.36914e+08
3.93 2.37519e+08
3.94 2.38123e+08
3.95 2.38728e+08
3.96 2.39332e+08
3.97 2.39936e+08
3.98 2.40541e+08
3.99 2.41145e+08
4 2.41749e+08
4.01 2.42354e+08
4.02 2.42958e+08
4.03 2.43563e+08
4.04 2.44167e+08
4.05 2.44771e+08
4.06 2.45376e+08
4.07 2.4598e+08
4.08 2.46584e+08
4.09 2.47189e+08
4.1 2.47793e+08
4.11 2.48398e+08
4.12 2.49002e+08
4.13 2.49606e+08
4.14 2.50211e+08
4.15 2.50815e+08
4.16 2.51419e+08
4.17 2.52024e+08
4.18 2.52628e+08
4.19 2.53233e+08
4.2 2.53837e+08
4.21 2.54441e+08
4.22 2.55046e+08
4.23 2.5565e+08
4.24 2.56254e+08
4.25 2.56859e+08
4.26 2.57463e+08
4.27 2.58068e+08
4.28 2.58672e+08
4.29 2.59276e+08
4.3 2.59881e+08
4.31 2.60485e+08
4.32 2.61089e+08
4.33 2.61694e+08
4.34 2.62298e+08
4.35 2.62903e+08
4.36 2.63507e+08
4.37 2.64111e+08
4.38 2.64716e+08
4.39 2.6532e+08
4.4 2.65924e+08
4.41 2.66529e+08
4.42 2.67133e+08
4.43 2.67738e+08
4.44 2.68342e+08
4.45 2.68946e+08
4.46 2.69551e+08
4.47 2.70155e+08
4.48 2.7076e+08
4.49 2.71364e+08
4.5 2.71968e+08
4.51 2.72573e+08
4.52 2.73177e+08
4.53 2.73781e+08
4.54 2.74386e+08
4.55 2.7499e+08
4.56 2.75595e+08
4.57 2.76199e+08
4.58 2.76803e+08
4.59 2.77408e+08
4.6 2.78012e+08
4.61 2.78616e+08
4.62 2.79221e+08
4.63 2.79825e+08
4.64 2.8043e+08
4.65 2.81034e+08
4.66 2.81638e+08
4.67 2.82243e+08
4.68 2.82847e+08
4.69 2.83451e+08
4.7 2.84056e+08
4.71 2.8466e+08
4.72 2.85265e+08
4.73 2.85869e+08
4.74 2.86473e+08
4.75 2.87078e+08
4.76 2.87682e+08
4.77 2.88286e+08
4.78 2.88891e+08
4.79 2.89495e+08
4.8 2.901e+08
4.81 2.90704e+08
4.82 2.91308e+08
4.83 2.91913e+08
4.84 2.92517e+08
4.85 2.93121e+08
4.86 2.93726e+08
4.87 2.9433e+08
4.88 2.94935e+08
4.89 2.95539e+08
4.9 2.96143e+08
4.91 2.96748e+08
4.92 2.97352e+08
4.93 2.97956e+08
4.94 2.98561e+08
4.95 2.99165e+08
4.96 2.9977e+08
4.97 3.00374e+08
4.98 3.00978e+08
4.99 3.01583e+08
