t x
0.01 6.07869e-05
0.02 0.000121501
0.03 0.000182072
0.04 0.000242441
0.05 0.00030256
0.06 0.000362392
0.07 0.00042191
0.08 0.000481095
0.09 0.000539934
0.1 0.00059842
0.11 0.00065655
0.12 0.000714324
0.13 0.000771744
0.14 0.000828813
0.15 0.000885535
0.16 0.000941916
0.17 0.00099796
0.18 0.00105367
0.19 0.00110906
0.2 0.00116413
0.21 0.00121888
0.22 0.00127332
0.23 0.00132746
0.24 0.0013813
0.25 0.00143484
0.26 0.0014881
0.27 0.00154108
0.28 0.00159377
0.29 0.0016462
0.3 0.00169835
0.31 0.00175023
0.32 0.00180184
0.33 0.00185319
0.34 0.00190428
0.35 0.0019551
0.36 0.00200566
0.37 0.00205597
0.38 0.00210603
0.39 0.00215584
0.4 0.0022054
0.41 0.00225472
0.42 0.00230381
0.43 0.00235265
0.44 0.00240127
0.45 0.00244966
0.46 0.00249782
0.47 0.00254575
0.48 0.00259346
0.49 0.00264095
0.5 0.00268822
0.51 0.00273526
0.52 0.00278209
0.53 0.0028287
0.54 0.00287509
0.55 0.00292126
0.56 0.00296722
0.57 0.00301296
0.58 0.0030585
0.59 0.00310382
0.6 0.00314894
0.61 0.00319385
0.62 0.00323856
0.63 0.00328306
0.64 0.00332737
0.65 0.00337147
0.66 0.00341537
0.67 0.00345908
0.68 0.00350258
0.69 0.00354589
0.7 0.003589
0.71 0.00363192
0.72 0.00367464
0.73 0.00371716
0.74 0.0037595
0.75 0.00380164
0.76 0.0038436
0.77 0.00388537
0.78 0.00392695
0.79 0.00396834
0.8 0.00400956
0.81 0.00405058
0.82 0.00409143
0.83 0.00413209
0.84 0.00417258
0.85 0.00421288
0.86 0.00425301
0.87 0.00429296
0.88 0.00433274
0.89 0.00437234
0.9 0.00441177
0.91 0.00445103
0.92 0.00449011
0.93 0.00452902
0.94 0.00456776
0.95 0.00460633
0.96 0.00464474
0.97 0.00468298
0.98 0.00472105
0.99 0.00475896
1 0.0047967
1.01 0.00483428
1.02 0.00487169
1.03 0.00490895
1.04 0.00494604
1.05 0.00498296
1.06 0.00501973
1.07 0.00505634
1.08 0.00509278
1.09 0.00512906
1.1 0.00516519
1.11 0.00520115
1.12 0.00523696
1.13 0.0052726
1.14 0.00530809
1.15 0.00534342
1.16 0.0053786
1.17 0.00541362
1.18 0.00544848
1.19 0.00548319
1.2 0.00551775
1.21 0.00555216
1.22 0.00558642
1.23 0.00562054
1.24 0.0056545
1.25 0.00568832
1.26 0.00572199
1.27 0.00575552
1.28 0.00578889
1.29 0.00582213
1.3 0.00585521
1.31 0.00588816
1.32 0.00592096
1.33 0.00595361
1.34 0.00598613
1.35 0.0060185
1.36 0.00605073
1.37 0.00608283
1.38 0.00611478
1.39 0.00614659
1.4 0.00617827
1.41 0.0062098
1.42 0.0062412
1.43 0.00627245
1.44 0.00630357
1.45 0.00633454
1.46 0.00636537
1.47 0.00639606
1.48 0.00642661
1.49 0.00645702
1.5 0.00648729
1.51 0.00651742
1.52 0.00654742
1.53 0.00657728
1.54 0.006607
1.55 0.00663659
1.56 0.00666604
1.57 0.00669536
1.58 0.00672454
1.59 0.00675359
1.6 0.00678251
1.61 0.0068113
1.62 0.00683996
1.63 0.00686849
1.64 0.0068969
1.65 0.00692518
1.66 0.00695334
1.67 0.00698137
1.68 0.00700928
1.69 0.00703706
1.7 0.00706473
1.71 0.00709227
1.72 0.00711969
1.73 0.00714698
1.74 0.00717416
1.75 0.00720122
1.76 0.00722815
1.77 0.00725497
1.78 0.00728167
1.79 0.00730825
1.8 0.00733471
1.81 0.00736106
1.82 0.0073873
1.83 0.00741342
1.84 0.00743943
1.85 0.00746533
1.86 0.00749112
1.87 0.0075168
1.88 0.00754237
1.89 0.00756784
1.9 0.0075932
1.91 0.00761845
1.92 0.00764359
1.93 0.00766863
1.94 0.00769357
1.95 0.0077184
1.96 0.00774312
1.97 0.00776775
1.98 0.00779227
1.99 0.00781669
2 0.00784101
2.01 0.00786524
2.02 0.00788936
2.03 0.0079134
2.04 0.00793734
2.05 0.00796118
2.06 0.00798494
2.07 0.0080086
2.08 0.00803218
2.09 0.00805566
2.1 0.00807907
2.11 0.00810238
2.12 0.00812561
2.13 0.00814876
2.14 0.00817181
2.15 0.00819479
2.16 0.00821768
2.17 0.00824048
2.18 0.00826321
2.19 0.00828584
2.2 0.0083084
2.21 0.00833086
2.22 0.00835325
2.23 0.00837555
2.24 0.00839777
2.25 0.00841991
2.26 0.00844196
2.27 0.00846394
2.28 0.00848583
2.29 0.00850763
2.3 0.00852935
2.31 0.00855098
2.32 0.00857253
2.33 0.00859399
2.34 0.00861536
2.35 0.00863664
2.36 0.00865784
2.37 0.00867895
2.38 0.00869998
2.39 0.00872093
2.4 0.00874179
2.41 0.00876257
2.42 0.00878327
2.43 0.00880389
2.44 0.00882442
2.45 0.00884487
2.46 0.00886524
2.47 0.00888552
2.48 0.00890573
2.49 0.00892585
2.5 0.0089459
2.51 0.00896586
2.52 0.00898575
2.53 0.00900555
2.54 0.00902528
2.55 0.00904493
2.56 0.00906451
2.57 0.009084
2.58 0.00910343
2.59 0.00912277
2.6 0.00914204
2.61 0.00916123
2.62 0.00918035
2.63 0.00919939
2.64 0.00921835
2.65 0.00923723
2.66 0.00925604
2.67 0.00927478
2.68 0.00929344
2.69 0.00931203
2.7 0.00933055
2.71 0.00934899
2.72 0.00936737
2.73 0.00938567
2.74 0.00940392
2.75 0.00942209
2.76 0.0094402
2.77 0.00945825
2.78 0.00947624
2.79 0.00949416
2.8 0.00951202
2.81 0.00952982
2.82 0.00954755
2.83 0.00956522
2.84 0.00958282
2.85 0.00960036
2.86 0.00961784
2.87 0.00963526
2.88 0.00965262
2.89 0.00966992
2.9 0.00968715
2.91 0.00970433
2.92 0.00972145
2.93 0.00973851
2.94 0.00975551
2.95 0.00977246
2.96 0.00978935
2.97 0.00980618
2.98 0.00982296
2.99 0.00983969
3 0.00985636
3.01 0.00987298
3.02 0.00988955
3.03 0.00990606
3.04 0.00992252
3.05 0.00993893
3.06 0.00995528
3.07 0.00997159
3.08 0.00998784
3.09 0.010004
3.1 0.0100202
3.11 0.0100363
3.12 0.0100523
3.13 0.0100683
3.14 0.0100843
3.15 0.0101002
3.16 0.010116
3.17 0.0101318
3.18 0.0101476
3.19 0.0101633
3.2 0.0101789
3.21 0.0101946
3.22 0.0102101
3.23 0.0102257
3.24 0.0102411
3.25 0.0102566
3.26 0.010272
3.27 0.0102873
3.28 0.0103026
3.29 0.0103179
3.3 0.0103331
3.31 0.0103483
3.32 0.0103634
3.33 0.0103785
3.34 0.0103935
3.35 0.0104085
3.36 0.0104234
3.37 0.0104384
3.38 0.0104532
3.39 0.010468
3.4 0.0104828
3.41 0.0104976
3.42 0.0105123
3.43 0.0105269
3.44 0.0105416
3.45 0.0105561
3.46 0.0105707
3.47 0.0105852
3.48 0.0105996
3.49 0.0106141
3.5 0.0106285
3.51 0.0106428
3.52 0.0106571
3.53 0.0106714
3.54 0.0106856
3.55 0.0106998
3.56 0.0107139
3.57 0.010728
3.58 0.0107421
3.59 0.0107561
3.6 0.0107701
3.61 0.0107841
3.62 0.010798
3.63 0.0108119
3.64 0.0108258
3.65 0.0108396
3.66 0.0108534
3.67 0.0108671
3.68 0.0108808
3.69 0.0108945
3.7 0.0109082
3.71 0.0109218
3.72 0.0109354
3.73 0.0109489
3.74 0.0109624
3.75 0.0109759
3.76 0.0109893
3.77 0.0110027
3.78 0.0110161
3.79 0.0110294
3.8 0.0110427
3.81 0.011056
3.82 0.0110692
3.83 0.0110824
3.84 0.0110956
3.85 0.0111087
3.86 0.0111218
3.87 0.0111349
3.88 0.0111479
3.89 0.0111609
3.9 0.0111738
3.91 0.0111867
3.92 0.0111996
3.93 0.0112124
3.94 0.0112253
3.95 0.011238
3.96 0.0112508
3.97 0.0112635
3.98 0.0112762
3.99 0.0112889
4 0.0113016
4.01 0.0113142
4.02 0.0113268
4.03 0.0113393
4.04 0.0113519
4.05 0.0113644
4.06 0.0113769
4.07 0.0113894
4.08 0.0114018
4.09 0.0114142
4.1 0.0114266
4.11 0.011439
4.12 0.0114513
4.13 0.0114637
4.14 0.011476
4.15 0.0114883
4.16 0.0115005
4.17 0.0115127
4.18 0.011525
4.19 0.0115371
4.2 0.0115493
4.21 0.0115614
4.22 0.0115735
4.23 0.0115856
4.24 0.0115977
4.25 0.0116097
4.26 0.0116217
4.27 0.0116337
4.28 0.0116456
4.29 0.0116576
4.3 0.0116694
4.31 0.0116813
4.32 0.0116931
4.33 0.0117049
4.34 0.0117167
4.35 0.0117284
4.36 0.0117402
4.37 0.0117518
4.38 0.0117635
4.39 0.0117751
4.4 0.0117868
4.41 0.0117983
4.42 0.0118099
4.43 0.0118214
4.44 0.0118329
4.45 0.0118444
4.46 0.0118559
4.47 0.0118673
4.48 0.0118787
4.49 0.01189
4.5 0.0119014
4.51 0.0119127
4.52 0.0119239
4.53 0.0119352
4.54 0.0119464
4.55 0.0119576
4.56 0.0119688
4.57 0.0119799
4.58 0.0119911
4.59 0.0120021
4.6 0.0120132
4.61 0.0120243
4.62 0.0120353
4.63 0.0120463
4.64 0.0120572
4.65 0.0120682
4.66 0.0120791
4.67 0.01209
4.68 0.0121009
4.69 0.0121117
4.7 0.0121225
4.71 0.0121333
4.72 0.0121441
4.73 0.0121548
4.74 0.0121656
4.75 0.0121762
4.76 0.0121869
4.77 0.0121976
4.78 0.0122082
4.79 0.0122188
4.8 0.0122294
4.81 0.0122399
4.82 0.0122505
4.83 0.012261
4.84 0.0122715
4.85 0.0122819
4.86 0.0122924
4.87 0.0123028
4.88 0.0123132
4.89 0.0123236
4.9 0.0123339
4.91 0.0123442
4.92 0.0123545
4.93 0.0123648
4.94 0.0123751
4.95 0.0123853
4.96 0.0123955
4.97 0.0124056
4.98 0.0124158
4.99 0.0124259
5 0.012436
5.01 0.0124461
5.02 0.0124561
5.03 0.0124662
5.04 0.0124762
5.05 0.0124862
5.06 0.0124961
5.07 0.012506
5.08 0.012516
5.09 0.0125258
5.1 0.0125357
5.11 0.0125455
5.12 0.0125553
5.13 0.0125651
5.14 0.0125749
5.15 0.0125846
5.16 0.0125943
5.17 0.012604
5.18 0.0126136
5.19 0.0126233
5.2 0.0126329
5.21 0.0126424
5.22 0.012652
5.23 0.0126615
5.24 0.012671
5.25 0.0126805
5.26 0.0126899
5.27 0.0126993
5.28 0.0127087
5.29 0.0127181
5.3 0.0127274
5.31 0.0127367
5.32 0.012746
5.33 0.0127553
5.34 0.0127645
5.35 0.0127738
5.36 0.012783
5.37 0.0127921
5.38 0.0128013
5.39 0.0128104
5.4 0.0128195
5.41 0.0128285
5.42 0.0128376
5.43 0.0128466
5.44 0.0128556
5.45 0.0128645
5.46 0.0128735
5.47 0.0128824
5.48 0.0128913
5.49 0.0129001
5.5 0.0129089
5.51 0.0129177
5.52 0.0129265
5.53 0.0129353
5.54 0.012944
5.55 0.0129527
5.56 0.0129614
5.57 0.01297
5.58 0.0129786
5.59 0.0129872
5.6 0.0129958
5.61 0.0130043
5.62 0.0130128
5.63 0.0130213
5.64 0.0130298
5.65 0.0130382
5.66 0.0130467
5.67 0.0130551
5.68 0.0130634
5.69 0.0130718
5.7 0.0130801
5.71 0.0130884
5.72 0.0130967
5.73 0.0131049
5.74 0.0131131
5.75 0.0131213
5.76 0.0131295
5.77 0.0131377
5.78 0.0131458
5.79 0.0131539
5.8 0.013162
5.81 0.01317
5.82 0.0131781
5.83 0.0131861
5.84 0.0131941
5.85 0.0132021
5.86 0.01321
5.87 0.013218
5.88 0.0132259
5.89 0.0132338
5.9 0.0132416
5.91 0.0132495
5.92 0.0132573
5.93 0.0132651
5.94 0.0132729
5.95 0.0132806
5.96 0.0132884
5.97 0.0132961
5.98 0.0133038
5.99 0.0133114
6 0.0133191
6.01 0.0133267
6.02 0.0133343
6.03 0.0133419
6.04 0.0133494
6.05 0.0133569
6.06 0.0133644
6.07 0.0133719
6.08 0.0133794
6.09 0.0133868
6.1 0.0133943
6.11 0.0134017
6.12 0.013409
6.13 0.0134164
6.14 0.0134237
6.15 0.013431
6.16 0.0134383
6.17 0.0134456
6.18 0.0134528
6.19 0.01346
6.2 0.0134672
6.21 0.0134744
6.22 0.0134816
6.23 0.0134887
6.24 0.0134958
6.25 0.0135029
6.26 0.01351
6.27 0.0135171
6.28 0.0135242
6.29 0.0135312
6.3 0.0135382
6.31 0.0135452
6.32 0.0135522
6.33 0.0135592
6.34 0.0135662
6.35 0.0135731
6.36 0.01358
6.37 0.013587
6.38 0.0135939
6.39 0.0136008
6.4 0.0136076
6.41 0.0136145
6.42 0.0136213
6.43 0.0136282
6.44 0.013635
6.45 0.0136418
6.46 0.0136486
6.47 0.0136554
6.48 0.0136621
6.49 0.0136689
6.5 0.0136756
6.51 0.0136824
6.52 0.0136891
6.53 0.0136958
6.54 0.0137025
6.55 0.0137092
6.56 0.0137158
6.57 0.0137225
6.58 0.0137291
6.59 0.0137357
6.6 0.0137423
6.61 0.0137489
6.62 0.0137555
6.63 0.0137621
6.64 0.0137687
6.65 0.0137752
6.66 0.0137817
6.67 0.0137882
6.68 0.0137947
6.69 0.0138012
6.7 0.0138077
6.71 0.0138141
6.72 0.0138206
6.73 0.013827
6.74 0.0138334
6.75 0.0138398
6.76 0.0138462
6.77 0.0138526
6.78 0.0138589
6.79 0.0138653
6.8 0.0138716
6.81 0.0138779
6.82 0.0138842
6.83 0.0138905
6.84 0.0138967
6.85 0.013903
6.86 0.0139092
6.87 0.0139154
6.88 0.0139216
6.89 0.0139278
6.9 0.013934
6.91 0.0139402
6.92 0.0139463
6.93 0.0139524
6.94 0.0139586
6.95 0.0139646
6.96 0.0139707
6.97 0.0139768
6.98 0.0139828
6.99 0.0139889
7 0.0139949
7.01 0.0140009
7.02 0.0140068
7.03 0.0140128
7.04 0.0140187
7.05 0.0140247
7.06 0.0140306
7.07 0.0140365
7.08 0.0140424
7.09 0.0140482
7.1 0.0140541
7.11 0.0140599
7.12 0.0140658
7.13 0.0140716
7.14 0.0140774
7.15 0.0140832
7.16 0.014089
7.17 0.0140948
7.18 0.0141006
7.19 0.0141063
7.2 0.0141121
7.21 0.0141178
7.22 0.0141235
7.23 0.0141292
7.24 0.0141349
7.25 0.0141406
7.26 0.0141463
7.27 0.014152
7.28 0.0141577
7.29 0.0141633
7.3 0.014169
7.31 0.0141746
7.32 0.0141802
7.33 0.0141858
7.34 0.0141915
7.35 0.0141971
7.36 0.0142027
7.37 0.0142082
7.38 0.0142138
7.39 0.0142194
7.4 0.014225
7.41 0.0142305
7.42 0.0142361
7.43 0.0142416
7.44 0.0142471
7.45 0.0142527
7.46 0.0142582
7.47 0.0142637
7.48 0.0142692
7.49 0.0142747
7.5 0.0142801
7.51 0.0142856
7.52 0.0142911
7.53 0.0142966
7.54 0.014302
7.55 0.0143075
7.56 0.0143129
7.57 0.0143184
7.58 0.0143238
7.59 0.0143292
7.6 0.0143347
7.61 0.0143401
7.62 0.0143455
7.63 0.0143509
7.64 0.0143563
7.65 0.0143617
7.66 0.0143671
7.67 0.0143725
7.68 0.0143779
7.69 0.0143832
7.7 0.0143886
7.71 0.014394
7.72 0.0143993
7.73 0.0144047
7.74 0.01441
7.75 0.0144153
7.76 0.0144206
7.77 0.0144259
7.78 0.0144312
7.79 0.0144365
7.8 0.0144418
7.81 0.0144471
7.82 0.0144524
7.83 0.0144577
7.84 0.0144629
7.85 0.0144682
7.86 0.0144735
7.87 0.0144787
7.88 0.014484
7.89 0.0144892
7.9 0.0144945
7.91 0.0144997
7.92 0.0145049
7.93 0.0145102
7.94 0.0145154
7.95 0.0145206
7.96 0.0145259
7.97 0.0145311
7.98 0.0145363
7.99 0.0145415
8 0.0145468
8.01 0.014552
8.02 0.0145572
8.03 0.0145624
8.04 0.0145676
8.05 0.0145728
8.06 0.014578
8.07 0.0145832
8.08 0.0145884
8.09 0.0145936
8.1 0.0145988
8.11 0.014604
8.12 0.0146092
8.13 0.0146144
8.14 0.0146195
8.15 0.0146247
8.16 0.0146299
8.17 0.0146351
8.18 0.0146403
8.19 0.0146455
8.2 0.0146507
8.21 0.0146559
8.22 0.0146611
8.23 0.0146663
8.24 0.0146715
8.25 0.0146767
8.26 0.0146819
8.27 0.0146871
8.28 0.0146923
8.29 0.0146975
8.3 0.0147027
8.31 0.0147079
8.32 0.0147131
8.33 0.0147183
8.34 0.0147235
8.35 0.0147287
8.36 0.0147339
8.37 0.0147391
8.38 0.0147443
8.39 0.0147495
8.4 0.0147547
8.41 0.0147599
8.42 0.0147651
8.43 0.0147703
8.44 0.0147755
8.45 0.0147807
8.46 0.0147859
8.47 0.014791
8.48 0.0147962
8.49 0.0148014
8.5 0.0148066
8.51 0.0148117
8.52 0.0148169
8.53 0.0148221
8.54 0.0148272
8.55 0.0148324
8.56 0.0148376
8.57 0.0148427
8.58 0.0148479
8.59 0.014853
8.6 0.0148582
8.61 0.0148633
8.62 0.0148685
8.63 0.0148736
8.64 0.0148788
8.65 0.0148839
8.66 0.0148891
8.67 0.0148942
8.68 0.0148993
8.69 0.0149044
8.7 0.0149096
8.71 0.0149147
8.72 0.0149198
8.73 0.0149249
8.74 0.01493
8.75 0.0149351
8.76 0.0149402
8.77 0.0149453
8.78 0.0149504
8.79 0.0149555
8.8 0.0149606
8.81 0.0149657
8.82 0.0149707
8.83 0.0149758
8.84 0.0149809
8.85 0.0149859
8.86 0.014991
8.87 0.014996
8.88 0.0150011
8.89 0.0150061
8.9 0.0150111
8.91 0.0150162
8.92 0.0150212
8.93 0.0150262
8.94 0.0150312
8.95 0.0150362
8.96 0.0150412
8.97 0.0150462
8.98 0.0150512
8.99 0.0150561
9 0.0150611
9.01 0.0150661
9.02 0.015071
9.03 0.015076
9.04 0.015081
9.05 0.0150859
9.06 0.0150908
9.07 0.0150958
9.08 0.0151007
9.09 0.0151056
9.1 0.0151106
9.11 0.0151155
9.12 0.0151204
9.13 0.0151253
9.14 0.0151302
9.15 0.0151351
9.16 0.01514
9.17 0.0151448
9.18 0.0151497
9.19 0.0151546
9.2 0.0151594
9.21 0.0151643
9.22 0.0151691
9.23 0.0151739
9.24 0.0151788
9.25 0.0151836
9.26 0.0151884
9.27 0.0151932
9.28 0.015198
9.29 0.0152028
9.3 0.0152075
9.31 0.0152123
9.32 0.0152171
9.33 0.0152218
9.34 0.0152266
9.35 0.0152314
9.36 0.0152361
9.37 0.0152408
9.38 0.0152456
9.39 0.0152503
9.4 0.015255
9.41 0.0152597
9.42 0.0152644
9.43 0.0152691
9.44 0.0152738
9.45 0.0152785
9.46 0.0152832
9.47 0.0152879
9.48 0.0152926
9.49 0.0152972
9.5 0.0153019
9.51 0.0153066
9.52 0.0153112
9.53 0.0153159
9.54 0.0153205
9.55 0.0153252
9.56 0.0153298
9.57 0.0153345
9.58 0.0153391
9.59 0.0153437
9.6 0.0153484
9.61 0.015353
9.62 0.0153576
9.63 0.0153622
9.64 0.0153668
9.65 0.0153714
9.66 0.015376
9.67 0.0153806
9.68 0.0153852
9.69 0.0153898
9.7 0.0153944
9.71 0.015399
9.72 0.0154036
9.73 0.0154082
9.74 0.0154127
9.75 0.0154173
9.76 0.0154219
9.77 0.0154265
9.78 0.015431
9.79 0.0154356
9.8 0.0154401
9.81 0.0154447
9.82 0.0154492
9.83 0.0154538
9.84 0.0154583
9.85 0.0154628
9.86 0.0154673
9.87 0.0154719
9.88 0.0154764
9.89 0.0154809
9.9 0.0154853
9.91 0.0154898
9.92 0.0154943
9.93 0.0154987
9.94 0.0155032
9.95 0.0155076
9.96 0.0155121
9.97 0.0155165
9.98 0.0155209
9.99 0.0155253
10 0.0155297
10.01 0.0155341
10.02 0.0155385
10.03 0.0155429
10.04 0.0155473
10.05 0.0155516
10.06 0.015556
10.07 0.0155604
10.08 0.0155647
10.09 0.0155691
10.1 0.0155734
10.11 0.0155777
10.12 0.0155821
10.13 0.0155864
10.14 0.0155907
10.15 0.0155951
10.16 0.0155994
10.17 0.0156037
10.18 0.015608
10.19 0.0156123
10.2 0.0156166
10.21 0.0156209
10.22 0.0156252
10.23 0.0156295
10.24 0.0156338
10.25 0.015638
10.26 0.0156423
10.27 0.0156466
10.28 0.0156508
10.29 0.015655
10.3 0.0156593
10.31 0.0156635
10.32 0.0156677
10.33 0.0156719
10.34 0.0156761
10.35 0.0156803
10.36 0.0156845
10.37 0.0156887
10.38 0.0156929
10.39 0.0156971
10.4 0.0157012
10.41 0.0157054
10.42 0.0157095
10.43 0.0157137
10.44 0.0157178
10.45 0.015722
10.46 0.0157261
10.47 0.0157302
10.48 0.0157343
10.49 0.0157384
10.5 0.0157424
10.51 0.0157465
10.52 0.0157506
10.53 0.0157546
10.54 0.0157587
10.55 0.0157627
10.56 0.0157667
10.57 0.0157707
10.58 0.0157747
10.59 0.0157787
10.6 0.0157827
10.61 0.0157867
10.62 0.0157906
10.63 0.0157946
10.64 0.0157985
10.65 0.0158025
10.66 0.0158064
10.67 0.0158103
10.68 0.0158142
10.69 0.0158181
10.7 0.015822
10.71 0.0158259
10.72 0.0158297
10.73 0.0158336
10.74 0.0158375
10.75 0.0158413
10.76 0.0158452
10.77 0.015849
10.78 0.0158529
10.79 0.0158567
10.8 0.0158605
10.81 0.0158643
10.82 0.0158681
10.83 0.0158719
10.84 0.0158757
10.85 0.0158795
10.86 0.0158833
10.87 0.0158871
10.88 0.0158909
10.89 0.0158947
10.9 0.0158984
10.91 0.0159022
10.92 0.015906
10.93 0.0159097
10.94 0.0159135
10.95 0.0159172
10.96 0.015921
10.97 0.0159247
10.98 0.0159284
10.99 0.0159322
11 0.0159359
11.01 0.0159396
11.02 0.0159434
11.03 0.0159471
11.04 0.0159508
11.05 0.0159545
11.06 0.0159583
11.07 0.015962
11.08 0.0159657
11.09 0.0159694
11.1 0.0159732
11.11 0.0159769
11.12 0.0159806
11.13 0.0159843
11.14 0.015988
11.15 0.0159917
11.16 0.0159955
11.17 0.0159992
11.18 0.0160029
11.19 0.0160066
11.2 0.0160103
11.21 0.016014
11.22 0.0160177
11.23 0.0160214
11.24 0.0160251
11.25 0.0160288
11.26 0.0160325
11.27 0.0160361
11.28 0.0160398
11.29 0.0160435
11.3 0.0160471
11.31 0.0160508
11.32 0.0160545
11.33 0.0160581
11.34 0.0160618
11.35 0.0160654
11.36 0.016069
11.37 0.0160727
11.38 0.0160763
11.39 0.0160799
11.4 0.0160836
11.41 0.0160872
11.42 0.0160908
11.43 0.0160944
11.44 0.016098
11.45 0.0161016
11.46 0.0161052
11.47 0.0161088
11.48 0.0161123
11.49 0.0161159
11.5 0.0161195
11.51 0.0161231
11.52 0.0161266
11.53 0.0161302
11.54 0.0161338
11.55 0.0161373
11.56 0.0161408
11.57 0.0161444
11.58 0.0161479
11.59 0.0161514
11.6 0.0161549
11.61 0.0161584
11.62 0.0161619
11.63 0.0161654
11.64 0.0161689
11.65 0.0161724
11.66 0.0161759
11.67 0.0161793
11.68 0.0161828
11.69 0.0161862
11.7 0.0161897
11.71 0.0161931
11.72 0.0161966
11.73 0.0162
11.74 0.0162034
11.75 0.0162069
11.76 0.0162103
11.77 0.0162137
11.78 0.0162171
11.79 0.0162205
11.8 0.0162239
11.81 0.0162273
11.82 0.0162307
11.83 0.0162341
11.84 0.0162375
11.85 0.0162409
11.86 0.0162443
11.87 0.0162477
11.88 0.016251
11.89 0.0162544
11.9 0.0162578
11.91 0.0162611
11.92 0.0162645
11.93 0.0162679
11.94 0.0162712
11.95 0.0162746
11.96 0.0162779
11.97 0.0162812
11.98 0.0162846
11.99 0.0162879
12 0.0162912
12.01 0.0162946
12.02 0.0162979
12.03 0.0163012
12.04 0.0163045
12.05 0.0163078
12.06 0.0163111
12.07 0.0163144
12.08 0.0163177
12.09 0.016321
12.1 0.0163243
12.11 0.0163276
12.12 0.0163309
12.13 0.0163342
12.14 0.0163374
12.15 0.0163407
12.16 0.016344
12.17 0.0163472
12.18 0.0163505
12.19 0.0163538
12.2 0.016357
12.21 0.0163602
12.22 0.0163635
12.23 0.0163667
12.24 0.0163699
12.25 0.0163731
12.26 0.0163763
12.27 0.0163795
12.28 0.0163827
12.29 0.0163859
12.3 0.0163891
12.31 0.0163923
12.32 0.0163955
12.33 0.0163987
12.34 0.0164018
12.35 0.016405
12.36 0.0164081
12.37 0.0164113
12.38 0.0164144
12.39 0.0164176
12.4 0.0164207
12.41 0.0164238
12.42 0.0164269
12.43 0.01643
12.44 0.0164331
12.45 0.0164362
12.46 0.0164393
12.47 0.0164424
12.48 0.0164455
12.49 0.0164485
12.5 0.0164516
12.51 0.0164546
12.52 0.0164577
12.53 0.0164607
12.54 0.0164637
12.55 0.0164668
12.56 0.0164698
12.57 0.0164728
12.58 0.0164758
12.59 0.0164788
12.6 0.0164818
12.61 0.0164848
12.62 0.0164878
12.63 0.0164908
12.64 0.0164938
12.65 0.0164968
12.66 0.0164998
12.67 0.0165028
12.68 0.0165058
12.69 0.0165087
12.7 0.0165117
12.71 0.0165147
12.72 0.0165177
12.73 0.0165206
12.74 0.0165236
12.75 0.0165266
12.76 0.0165295
12.77 0.0165325
12.78 0.0165355
12.79 0.0165384
12.8 0.0165414
12.81 0.0165443
12.82 0.0165473
12.83 0.0165503
12.84 0.0165532
12.85 0.0165562
12.86 0.0165591
12.87 0.0165621
12.88 0.0165651
12.89 0.016568
12.9 0.016571
12.91 0.0165739
12.92 0.0165769
12.93 0.0165798
12.94 0.0165828
12.95 0.0165857
12.96 0.0165887
12.97 0.0165916
12.98 0.0165946
12.99 0.0165975
13 0.0166005
13.01 0.0166034
13.02 0.0166064
13.03 0.0166093
13.04 0.0166123
13.05 0.0166152
13.06 0.0166182
13.07 0.0166211
13.08 0.016624
13.09 0.016627
13.1 0.0166299
13.11 0.0166329
13.12 0.0166358
13.13 0.0166388
13.14 0.0166417
13.15 0.0166447
13.16 0.0166477
13.17 0.0166506
13.18 0.0166536
13.19 0.0166565
13.2 0.0166595
13.21 0.0166625
13.22 0.0166654
13.23 0.0166684
13.24 0.0166714
13.25 0.0166743
13.26 0.0166773
13.27 0.0166803
13.28 0.0166832
13.29 0.0166862
13.3 0.0166892
13.31 0.0166921
13.32 0.0166951
13.33 0.016698
13.34 0.016701
13.35 0.016704
13.36 0.0167069
13.37 0.0167098
13.38 0.0167128
13.39 0.0167157
13.4 0.0167187
13.41 0.0167216
13.42 0.0167245
13.43 0.0167274
13.44 0.0167304
13.45 0.0167333
13.46 0.0167362
13.47 0.0167391
13.48 0.016742
13.49 0.0167449
13.5 0.0167478
13.51 0.0167507
13.52 0.0167536
13.53 0.0167565
13.54 0.0167594
13.55 0.0167623
13.56 0.0167652
13.57 0.016768
13.58 0.0167709
13.59 0.0167738
13.6 0.0167766
13.61 0.0167795
13.62 0.0167823
13.63 0.0167852
13.64 0.016788
13.65 0.0167908
13.66 0.0167936
13.67 0.0167965
13.68 0.0167993
13.69 0.0168021
13.7 0.0168049
13.71 0.0168077
13.72 0.0168105
13.73 0.0168133
13.74 0.0168161
13.75 0.0168189
13.76 0.0168217
13.77 0.0168244
13.78 0.0168272
13.79 0.0168299
13.8 0.0168327
13.81 0.0168354
13.82 0.0168382
13.83 0.0168409
13.84 0.0168436
13.85 0.0168463
13.86 0.016849
13.87 0.0168517
13.88 0.0168544
13.89 0.0168571
13.9 0.0168598
13.91 0.0168625
13.92 0.0168652
13.93 0.0168678
13.94 0.0168705
13.95 0.0168732
13.96 0.0168758
13.97 0.0168785
13.98 0.0168811
13.99 0.0168837
14 0.0168863
14.01 0.016889
14.02 0.0168916
14.03 0.0168942
14.04 0.0168968
14.05 0.0168994
14.06 0.0169019
14.07 0.0169045
14.08 0.016907
14.09 0.0169096
14.1 0.0169121
14.11 0.0169147
14.12 0.0169172
14.13 0.0169197
14.14 0.0169222
14.15 0.0169247
14.16 0.0169271
14.17 0.0169296
14.18 0.0169321
14.19 0.0169345
14.2 0.0169369
14.21 0.0169393
14.22 0.0169417
14.23 0.0169441
14.24 0.0169465
14.25 0.0169489
14.26 0.0169512
14.27 0.0169536
14.28 0.0169559
14.29 0.0169582
14.3 0.0169606
14.31 0.0169629
14.32 0.0169652
14.33 0.0169674
14.34 0.0169697
14.35 0.016972
14.36 0.0169742
14.37 0.0169765
14.38 0.0169787
14.39 0.016981
14.4 0.0169832
14.41 0.0169854
14.42 0.0169876
14.43 0.0169898
14.44 0.016992
14.45 0.0169942
14.46 0.0169964
14.47 0.0169985
14.48 0.0170007
14.49 0.0170029
14.5 0.017005
14.51 0.0170072
14.52 0.0170093
14.53 0.0170114
14.54 0.0170136
14.55 0.0170157
14.56 0.0170178
14.57 0.0170199
14.58 0.017022
14.59 0.0170241
14.6 0.0170262
14.61 0.0170282
14.62 0.0170303
14.63 0.0170323
14.64 0.0170344
14.65 0.0170364
14.66 0.0170385
14.67 0.0170405
14.68 0.0170425
14.69 0.0170445
14.7 0.0170465
14.71 0.0170485
14.72 0.0170505
14.73 0.0170524
14.74 0.0170544
14.75 0.0170564
14.76 0.0170583
14.77 0.0170602
14.78 0.0170622
14.79 0.0170641
14.8 0.017066
14.81 0.0170679
14.82 0.0170698
14.83 0.0170717
14.84 0.0170735
14.85 0.0170754
14.86 0.0170772
14.87 0.0170791
14.88 0.0170809
14.89 0.0170827
14.9 0.0170845
14.91 0.0170862
14.92 0.017088
14.93 0.0170897
14.94 0.0170915
14.95 0.0170932
14.96 0.0170949
14.97 0.0170966
14.98 0.0170983
14.99 0.0170999
15 0.0171016
15.01 0.0171032
15.02 0.0171048
15.03 0.0171064
15.04 0.017108
15.05 0.0171096
15.06 0.0171112
15.07 0.0171128
15.08 0.0171143
15.09 0.0171159
15.1 0.0171174
15.11 0.0171189
15.12 0.0171204
15.13 0.0171219
15.14 0.0171234
15.15 0.0171249
15.16 0.0171264
15.17 0.0171278
15.18 0.0171293
15.19 0.0171307
15.2 0.0171322
15.21 0.0171336
15.22 0.017135
15.23 0.0171364
15.24 0.0171378
15.25 0.0171392
15.26 0.0171405
15.27 0.0171419
15.28 0.0171432
15.29 0.0171446
15.3 0.0171459
15.31 0.0171472
15.32 0.0171486
15.33 0.0171499
15.34 0.0171512
15.35 0.0171525
15.36 0.0171537
15.37 0.017155
15.38 0.0171563
15.39 0.0171575
15.4 0.0171588
15.41 0.01716
15.42 0.0171613
15.43 0.0171625
15.44 0.0171637
15.45 0.0171649
15.46 0.0171661
15.47 0.0171673
15.48 0.0171685
15.49 0.0171697
15.5 0.0171708
15.51 0.017172
15.52 0.0171731
15.53 0.0171743
15.54 0.0171754
15.55 0.0171766
15.56 0.0171777
15.57 0.0171788
15.58 0.01718
15.59 0.0171811
15.6 0.0171822
15.61 0.0171833
15.62 0.0171844
15.63 0.0171855
15.64 0.0171866
15.65 0.0171877
15.66 0.0171888
15.67 0.0171899
15.68 0.017191
15.69 0.0171921
15.7 0.0171931
15.71 0.0171942
15.72 0.0171953
15.73 0.0171963
15.74 0.0171974
15.75 0.0171984
15.76 0.0171994
15.77 0.0172005
15.78 0.0172015
15.79 0.0172025
15.8 0.0172035
15.81 0.0172045
15.82 0.0172055
15.83 0.0172065
15.84 0.0172075
15.85 0.0172085
15.86 0.0172095
15.87 0.0172105
15.88 0.0172114
15.89 0.0172124
15.9 0.0172134
15.91 0.0172143
15.92 0.0172153
15.93 0.0172163
15.94 0.0172172
15.95 0.0172182
15.96 0.0172191
15.97 0.01722
15.98 0.017221
15.99 0.0172219
16 0.0172229
16.01 0.0172238
16.02 0.0172247
16.03 0.0172257
16.04 0.0172266
16.05 0.0172275
16.06 0.0172284
16.07 0.0172294
16.08 0.0172303
16.09 0.0172312
16.1 0.0172322
16.11 0.0172331
16.12 0.0172341
16.13 0.017235
16.14 0.0172359
16.15 0.0172369
16.16 0.0172378
16.17 0.0172388
16.18 0.0172397
16.19 0.0172407
16.2 0.0172416
16.21 0.0172426
16.22 0.0172435
16.23 0.0172445
16.24 0.0172454
16.25 0.0172464
16.26 0.0172473
16.27 0.0172483
16.28 0.0172492
16.29 0.0172502
16.3 0.0172511
16.31 0.0172521
16.32 0.017253
16.33 0.0172539
16.34 0.0172549
16.35 0.0172558
16.36 0.0172568
16.37 0.0172578
16.38 0.0172587
16.39 0.0172597
16.4 0.0172606
16.41 0.0172616
16.42 0.0172625
16.43 0.0172635
16.44 0.0172645
16.45 0.0172654
16.46 0.0172664
16.47 0.0172673
16.48 0.0172683
16.49 0.0172692
16.5 0.0172702
16.51 0.0172711
16.52 0.0172721
16.53 0.0172731
16.54 0.017274
16.55 0.017275
16.56 0.0172759
16.57 0.0172768
16.58 0.0172778
16.59 0.0172787
16.6 0.0172797
16.61 0.0172806
16.62 0.0172816
16.63 0.0172825
16.64 0.0172835
16.65 0.0172844
16.66 0.0172854
16.67 0.0172863
16.68 0.0172872
16.69 0.0172882
16.7 0.0172891
16.71 0.0172901
16.72 0.017291
16.73 0.0172919
16.74 0.0172929
16.75 0.0172938
16.76 0.0172948
16.77 0.0172957
16.78 0.0172966
16.79 0.0172976
16.8 0.0172985
16.81 0.0172995
16.82 0.0173004
16.83 0.0173013
16.84 0.0173023
16.85 0.0173032
16.86 0.0173042
16.87 0.0173051
16.88 0.017306
16.89 0.017307
16.9 0.0173079
16.91 0.0173088
16.92 0.0173098
16.93 0.0173107
16.94 0.0173116
16.95 0.0173126
16.96 0.0173135
16.97 0.0173144
16.98 0.0173154
16.99 0.0173163
17 0.0173172
17.01 0.0173182
17.02 0.0173191
17.03 0.0173201
17.04 0.017321
17.05 0.017322
17.06 0.0173229
17.07 0.0173239
17.08 0.0173248
17.09 0.0173258
17.1 0.0173267
17.11 0.0173277
17.12 0.0173287
17.13 0.0173296
17.14 0.0173306
17.15 0.0173316
17.16 0.0173326
17.17 0.0173336
17.18 0.0173345
17.19 0.0173355
17.2 0.0173365
17.21 0.0173375
17.22 0.0173385
17.23 0.0173395
17.24 0.0173405
17.25 0.0173415
17.26 0.0173425
17.27 0.0173435
17.28 0.0173445
17.29 0.0173455
17.3 0.0173466
17.31 0.0173476
17.32 0.0173486
17.33 0.0173496
17.34 0.0173506
17.35 0.0173516
17.36 0.0173527
17.37 0.0173537
17.38 0.0173547
17.39 0.0173557
17.4 0.0173568
17.41 0.0173578
17.42 0.0173588
17.43 0.0173599
17.44 0.0173609
17.45 0.0173619
17.46 0.017363
17.47 0.017364
17.48 0.0173651
17.49 0.0173661
