t x
0.01 6.10762e-05
0.02 0.000244153
0.03 0.000548774
0.04 0.00097422
0.05 0.00151957
0.06 0.00218377
0.07 0.00296567
0.08 0.00386408
0.09 0.00487778
0.1 0.00600558
0.11 0.00724629
0.12 0.00859874
0.13 0.0100618
0.14 0.0116344
0.15 0.0133154
0.16 0.0151038
0.17 0.0169987
0.18 0.0189989
0.19 0.0211037
0.2 0.0233119
0.21 0.0256229
0.22 0.0280356
0.23 0.0305492
0.24 0.033163
0.25 0.035876
0.26 0.0386876
0.27 0.041597
0.28 0.0446034
0.29 0.0477062
0.3 0.0509046
0.31 0.0541979
0.32 0.0575853
0.33 0.0610663
0.34 0.06464
0.35 0.0683058
0.36 0.072063
0.37 0.0759109
0.38 0.0798488
0.39 0.0838761
0.4 0.0879921
0.41 0.092196
0.42 0.0964872
0.43 0.100865
0.44 0.105329
0.45 0.109878
0.46 0.114512
0.47 0.119231
0.48 0.124033
0.49 0.128917
0.5 0.133885
0.51 0.138934
0.52 0.144064
0.53 0.149275
0.54 0.154566
0.55 0.159937
0.56 0.165386
0.57 0.170914
0.58 0.176519
0.59 0.182201
0.6 0.187961
0.61 0.193796
0.62 0.199707
0.63 0.205692
0.64 0.211753
0.65 0.217887
0.66 0.224094
0.67 0.230374
0.68 0.236727
0.69 0.243152
0.7 0.249648
0.71 0.256215
0.72 0.262852
0.73 0.26956
0.74 0.276337
0.75 0.283183
0.76 0.290097
0.77 0.29708
0.78 0.30413
0.79 0.311247
0.8 0.318431
0.81 0.325681
0.82 0.332997
0.83 0.340379
0.84 0.347825
0.85 0.355336
0.86 0.362911
0.87 0.370549
0.88 0.378251
0.89 0.386016
0.9 0.393844
0.91 0.401734
0.92 0.409686
0.93 0.417698
0.94 0.425772
0.95 0.433907
0.96 0.442101
0.97 0.450355
0.98 0.458668
0.99 0.46704
1 0.47547
1.01 0.483959
1.02 0.492505
1.03 0.501108
1.04 0.509768
1.05 0.518484
1.06 0.527256
1.07 0.536083
1.08 0.544966
1.09 0.553904
1.1 0.562896
1.11 0.571943
1.12 0.581044
1.13 0.590198
1.14 0.599405
1.15 0.608664
1.16 0.617976
1.17 0.62734
1.18 0.636756
1.19 0.646223
1.2 0.655741
1.21 0.66531
1.22 0.67493
1.23 0.6846
1.24 0.694319
1.25 0.704089
1.26 0.713907
1.27 0.723773
1.28 0.733688
1.29 0.743651
1.3 0.75366
1.31 0.763717
1.32 0.77382
1.33 0.783969
1.34 0.794164
1.35 0.804405
1.36 0.81469
1.37 0.82502
1.38 0.835395
1.39 0.845814
1.4 0.856277
1.41 0.866784
1.42 0.877335
1.43 0.88793
1.44 0.898567
1.45 0.909247
1.46 0.91997
1.47 0.930736
1.48 0.941543
1.49 0.952392
1.5 0.963282
1.51 0.974213
1.52 0.985186
1.53 0.996199
1.54 1.00725
1.55 1.01835
1.56 1.02948
1.57 1.04065
1.58 1.05186
1.59 1.06311
1.6 1.0744
1.61 1.08573
1.62 1.0971
1.63 1.10851
1.64 1.11995
1.65 1.13143
1.66 1.14295
1.67 1.1545
1.68 1.16609
1.69 1.17772
1.7 1.18938
1.71 1.20108
1.72 1.21282
1.73 1.22459
1.74 1.2364
1.75 1.24824
1.76 1.26011
1.77 1.27203
1.78 1.28397
1.79 1.29595
1.8 1.30797
1.81 1.32001
1.82 1.3321
1.83 1.34421
1.84 1.35636
1.85 1.36854
1.86 1.38076
1.87 1.39301
1.88 1.40529
1.89 1.4176
1.9 1.42994
1.91 1.44231
1.92 1.45472
1.93 1.46715
1.94 1.47962
1.95 1.49212
1.96 1.50464
1.97 1.5172
1.98 1.52979
1.99 1.5424
2 1.55505
2.01 1.56773
2.02 1.58043
2.03 1.59316
2.04 1.60593
2.05 1.61872
2.06 1.63154
2.07 1.64439
2.08 1.65726
2.09 1.67017
2.1 1.6831
2.11 1.69606
2.12 1.70905
2.13 1.72206
2.14 1.7351
2.15 1.74817
2.16 1.76127
2.17 1.77439
2.18 1.78754
2.19 1.80071
2.2 1.81391
2.21 1.82714
2.22 1.84039
2.23 1.85367
2.24 1.86697
2.25 1.8803
2.26 1.89365
2.27 1.90703
2.28 1.92043
2.29 1.93386
2.3 1.94732
2.31 1.9608
2.32 1.9743
2.33 1.98782
2.34 2.00138
2.35 2.01495
2.36 2.02855
2.37 2.04217
2.38 2.05581
2.39 2.06948
2.4 2.08317
2.41 2.09688
2.42 2.11062
2.43 2.12437
2.44 2.13815
2.45 2.15195
2.46 2.16577
2.47 2.17961
2.48 2.19347
2.49 2.20735
2.5 2.22125
2.51 2.23517
2.52 2.24912
2.53 2.26308
2.54 2.27706
2.55 2.29107
2.56 2.30509
2.57 2.31914
2.58 2.3332
2.59 2.34729
2.6 2.36139
2.61 2.37551
2.62 2.38965
2.63 2.40382
2.64 2.418
2.65 2.4322
2.66 2.44641
2.67 2.46065
2.68 2.4749
2.69 2.48917
2.7 2.50346
2.71 2.51777
2.72 2.53209
2.73 2.54643
2.74 2.56079
2.75 2.57516
2.76 2.58955
2.77 2.60396
2.78 2.61838
2.79 2.63282
2.8 2.64728
2.81 2.66175
2.82 2.67624
2.83 2.69075
2.84 2.70527
2.85 2.7198
2.86 2.73436
2.87 2.74893
2.88 2.76351
2.89 2.77811
2.9 2.79273
2.91 2.80736
2.92 2.82201
2.93 2.83668
2.94 2.85135
2.95 2.86605
2.96 2.88075
2.97 2.89548
2.98 2.91021
2.99 2.92497
3 2.93973
3.01 2.95451
3.02 2.9693
3.03 2.98411
3.04 2.99893
3.05 3.01377
3.06 3.02861
3.07 3.04348
3.08 3.05835
3.09 3.07323
3.1 3.08813
3.11 3.10304
3.12 3.11797
3.13 3.1329
3.14 3.14785
3.15 3.16281
3.16 3.17778
3.17 3.19276
3.18 3.20776
3.19 3.22276
3.2 3.23778
3.21 3.25281
3.22 3.26785
3.23 3.28291
3.24 3.29797
3.25 3.31305
3.26 3.32813
3.27 3.34323
3.28 3.35834
3.29 3.37346
3.3 3.3886
3.31 3.40374
3.32 3.41889
3.33 3.43406
3.34 3.44923
3.35 3.46442
3.36 3.47962
3.37 3.49483
3.38 3.51005
3.39 3.52527
3.4 3.54051
3.41 3.55577
3.42 3.57103
3.43 3.5863
3.44 3.60158
3.45 3.61688
3.46 3.63218
3.47 3.6475
3.48 3.66283
3.49 3.67816
3.5 3.69351
3.51 3.70887
3.52 3.72424
3.53 3.73962
3.54 3.75501
3.55 3.77041
3.56 3.78583
3.57 3.80125
3.58 3.81668
3.59 3.83213
3.6 3.84758
3.61 3.86304
3.62 3.87852
3.63 3.894
3.64 3.9095
3.65 3.925
3.66 3.94052
3.67 3.95604
3.68 3.97157
3.69 3.98711
3.7 4.00266
3.71 4.01822
3.72 4.03379
3.73 4.04937
3.74 4.06496
3.75 4.08055
3.76 4.09616
3.77 4.11177
3.78 4.12739
3.79 4.14302
3.8 4.15866
3.81 4.17431
3.82 4.18996
3.83 4.20562
3.84 4.22129
3.85 4.23697
3.86 4.25265
3.87 4.26835
3.88 4.28405
3.89 4.29976
3.9 4.31547
3.91 4.3312
3.92 4.34693
3.93 4.36268
3.94 4.37843
3.95 4.39419
3.96 4.40995
3.97 4.42573
3.98 4.44151
3.99 4.4573
4 4.4731
4.01 4.48891
4.02 4.50472
4.03 4.52055
4.04 4.53638
4.05 4.55222
4.06 4.56806
4.07 4.58392
4.08 4.59978
4.09 4.61565
4.1 4.63153
4.11 4.64742
4.12 4.66331
4.13 4.67921
4.14 4.69512
4.15 4.71104
4.16 4.72697
4.17 4.7429
4.18 4.75884
4.19 4.77479
4.2 4.79075
4.21 4.80671
4.22 4.82269
4.23 4.83867
4.24 4.85465
4.25 4.87065
4.26 4.88665
4.27 4.90266
4.28 4.91868
4.29 4.93471
4.3 4.95075
4.31 4.96679
4.32 4.98284
4.33 4.9989
4.34 5.01497
4.35 5.03104
4.36 5.04713
4.37 5.06322
4.38 5.07932
4.39 5.09543
4.4 5.11155
4.41 5.12768
4.42 5.14381
4.43 5.15995
4.44 5.1761
4.45 5.19226
4.46 5.20842
4.47 5.22459
4.48 5.24077
4.49 5.25695
4.5 5.27314
4.51 5.28934
4.52 5.30554
4.53 5.32175
4.54 5.33796
4.55 5.35418
4.56 5.3704
4.57 5.38663
4.58 5.40286
4.59 5.4191
4.6 5.43535
4.61 5.4516
4.62 5.46785
4.63 5.48411
4.64 5.50037
4.65 5.51664
4.66 5.53292
4.67 5.54919
4.68 5.56547
4.69 5.58176
4.7 5.59804
4.71 5.61434
4.72 5.63063
4.73 5.64692
4.74 5.66322
4.75 5.67952
4.76 5.69582
4.77 5.71212
4.78 5.72842
4.79 5.74473
4.8 5.76103
4.81 5.77734
4.82 5.79365
4.83 5.80996
4.84 5.82627
4.85 5.84258
4.86 5.8589
4.87 5.87521
4.88 5.89153
4.89 5.90784
4.9 5.92416
4.91 5.94048
4.92 5.9568
4.93 5.97312
4.94 5.98944
4.95 6.00576
4.96 6.02208
4.97 6.03841
4.98 6.05474
4.99 6.07107
5 6.0874
5.01 6.10374
5.02 6.12007
5.03 6.13641
5.04 6.15275
5.05 6.1691
5.06 6.18545
5.07 6.20179
5.08 6.21815
5.09 6.2345
5.1 6.25085
5.11 6.26721
5.12 6.28357
5.13 6.29993
5.14 6.31629
5.15 6.33265
5.16 6.34901
5.17 6.36538
5.18 6.38174
5.19 6.39811
5.2 6.41448
5.21 6.43085
5.22 6.44722
5.23 6.46359
5.24 6.47996
5.25 6.49633
5.26 6.5127
5.27 6.52908
5.28 6.54545
5.29 6.56183
5.3 6.5782
5.31 6.59458
5.32 6.61095
5.33 6.62733
5.34 6.6437
5.35 6.66008
5.36 6.67646
5.37 6.69284
5.38 6.70922
5.39 6.7256
5.4 6.74199
5.41 6.75837
5.42 6.77476
5.43 6.79115
5.44 6.80754
5.45 6.82393
5.46 6.84032
5.47 6.85671
5.48 6.87311
5.49 6.8895
5.5 6.9059
5.51 6.92229
5.52 6.93869
5.53 6.95508
5.54 6.97148
5.55 6.98787
5.56 7.00427
5.57 7.02067
5.58 7.03707
5.59 7.05346
5.6 7.06986
5.61 7.08626
5.62 7.10266
5.63 7.11906
5.64 7.13546
5.65 7.15186
5.66 7.16826
5.67 7.18466
5.68 7.20106
5.69 7.21746
5.7 7.23386
5.71 7.25025
5.72 7.26665
5.73 7.28304
5.74 7.29943
5.75 7.31583
5.76 7.33222
5.77 7.3486
5.78 7.36499
5.79 7.38138
5.8 7.39776
5.81 7.41415
5.82 7.43053
5.83 7.44691
5.84 7.46329
5.85 7.47966
5.86 7.49604
5.87 7.51241
5.88 7.52878
5.89 7.54515
5.9 7.56152
5.91 7.57789
5.92 7.59425
5.93 7.61061
5.94 7.62698
5.95 7.64333
5.96 7.65969
5.97 7.67604
5.98 7.6924
5.99 7.70874
6 7.72509
6.01 7.74144
6.02 7.75778
6.03 7.77412
6.04 7.79046
6.05 7.8068
6.06 7.82313
6.07 7.83947
6.08 7.8558
6.09 7.87213
6.1 7.88845
6.11 7.90478
6.12 7.9211
6.13 7.93743
6.14 7.95375
6.15 7.97007
6.16 7.9864
6.17 8.00272
6.18 8.01904
6.19 8.03536
6.2 8.05168
6.21 8.068
6.22 8.08432
6.23 8.10064
6.24 8.11696
6.25 8.13328
6.26 8.1496
6.27 8.16592
6.28 8.18224
6.29 8.19855
6.3 8.21487
6.31 8.23118
6.32 8.2475
6.33 8.26381
6.34 8.28012
6.35 8.29643
6.36 8.31274
6.37 8.32904
6.38 8.34535
6.39 8.36165
6.4 8.37795
6.41 8.39425
6.42 8.41054
6.43 8.42684
6.44 8.44313
6.45 8.45942
6.46 8.47571
6.47 8.492
6.48 8.50828
6.49 8.52457
6.5 8.54085
6.51 8.55714
6.52 8.57342
6.53 8.5897
6.54 8.60598
6.55 8.62227
6.56 8.63854
6.57 8.65482
6.58 8.6711
6.59 8.68738
6.6 8.70366
6.61 8.71993
6.62 8.7362
6.63 8.75248
6.64 8.76875
6.65 8.78502
6.66 8.80129
6.67 8.81756
6.68 8.83383
6.69 8.8501
6.7 8.86636
6.71 8.88263
6.72 8.89889
6.73 8.91516
6.74 8.93142
6.75 8.94768
6.76 8.96395
6.77 8.98021
6.78 8.99647
6.79 9.01273
6.8 9.02899
6.81 9.04525
6.82 9.06151
6.83 9.07776
6.84 9.09402
6.85 9.11028
6.86 9.12653
6.87 9.14279
6.88 9.15904
6.89 9.1753
6.9 9.19155
6.91 9.2078
6.92 9.22405
6.93 9.2403
6.94 9.25655
6.95 9.27279
6.96 9.28904
6.97 9.30529
6.98 9.32154
6.99 9.33778
7 9.35403
7.01 9.37028
7.02 9.38653
7.03 9.40278
7.04 9.41904
7.05 9.43529
7.06 9.45155
7.07 9.46781
7.08 9.48407
7.09 9.50033
7.1 9.51659
7.11 9.53285
7.12 9.54912
7.13 9.56538
7.14 9.58165
7.15 9.59791
7.16 9.61418
7.17 9.63045
7.18 9.64671
7.19 9.66298
7.2 9.67925
7.21 9.69552
7.22 9.71178
7.23 9.72805
7.24 9.74432
7.25 9.76059
7.26 9.77686
7.27 9.79313
7.28 9.8094
7.29 9.82567
7.3 9.84194
7.31 9.8582
7.32 9.87447
7.33 9.89073
7.34 9.907
7.35 9.92326
7.36 9.93952
7.37 9.95577
7.38 9.97203
7.39 9.98828
7.4 10.0045
7.41 10.0208
7.42 10.037
7.43 10.0533
7.44 10.0695
7.45 10.0857
7.46 10.102
7.47 10.1182
7.48 10.1344
7.49 10.1506
7.5 10.1669
7.51 10.1831
7.52 10.1993
7.53 10.2155
7.54 10.2317
7.55 10.2479
7.56 10.2641
7.57 10.2803
7.58 10.2965
7.59 10.3127
7.6 10.3289
7.61 10.3451
7.62 10.3613
7.63 10.3775
7.64 10.3937
7.65 10.4099
7.66 10.426
7.67 10.4422
7.68 10.4584
7.69 10.4746
7.7 10.4907
7.71 10.5069
7.72 10.5231
7.73 10.5392
7.74 10.5554
7.75 10.5715
7.76 10.5877
7.77 10.6038
7.78 10.62
7.79 10.6361
7.8 10.6523
7.81 10.6684
7.82 10.6846
7.83 10.7007
7.84 10.7168
7.85 10.733
7.86 10.7491
7.87 10.7652
7.88 10.7813
7.89 10.7974
7.9 10.8135
7.91 10.8296
7.92 10.8457
7.93 10.8618
7.94 10.8779
7.95 10.894
7.96 10.91
7.97 10.9261
7.98 10.9422
7.99 10.9582
8 10.9743
8.01 10.9904
8.02 11.0064
8.03 11.0225
8.04 11.0386
8.05 11.0546
8.06 11.0707
8.07 11.0867
8.08 11.1028
8.09 11.1189
8.1 11.1349
8.11 11.151
8.12 11.1671
8.13 11.1831
8.14 11.1992
8.15 11.2152
8.16 11.2313
8.17 11.2474
8.18 11.2634
8.19 11.2795
8.2 11.2956
8.21 11.3116
8.22 11.3277
8.23 11.3438
8.24 11.3599
8.25 11.3759
8.26 11.392
8.27 11.4081
8.28 11.4242
8.29 11.4402
8.3 11.4563
8.31 11.4724
8.32 11.4885
8.33 11.5046
8.34 11.5207
8.35 11.5368
8.36 11.5529
8.37 11.5689
8.38 11.585
8.39 11.6011
8.4 11.6172
8.41 11.6334
8.42 11.6495
8.43 11.6656
8.44 11.6817
8.45 11.6978
8.46 11.7139
8.47 11.73
8.48 11.7461
8.49 11.7623
8.5 11.7784
8.51 11.7945
8.52 11.8107
8.53 11.8268
8.54 11.843
8.55 11.8591
8.56 11.8753
8.57 11.8914
8.58 11.9076
8.59 11.9237
8.6 11.9399
8.61 11.9561
8.62 11.9722
8.63 11.9884
8.64 12.0046
8.65 12.0208
8.66 12.037
8.67 12.0532
8.68 12.0694
8.69 12.0856
8.7 12.1018
8.71 12.118
8.72 12.1342
8.73 12.1504
8.74 12.1667
8.75 12.1829
8.76 12.1991
8.77 12.2154
8.78 12.2316
8.79 12.2479
8.8 12.2641
8.81 12.2804
8.82 12.2966
8.83 12.3129
8.84 12.3292
8.85 12.3455
8.86 12.3617
8.87 12.378
8.88 12.3943
8.89 12.4106
8.9 12.4269
8.91 12.4432
8.92 12.4595
8.93 12.4759
8.94 12.4922
8.95 12.5085
8.96 12.5248
8.97 12.5412
8.98 12.5575
8.99 12.5739
9 12.5902
9.01 12.6066
9.02 12.6229
9.03 12.6393
9.04 12.6557
9.05 12.6721
9.06 12.6884
9.07 12.7048
9.08 12.7212
9.09 12.7376
9.1 12.754
9.11 12.7705
9.12 12.7869
9.13 12.8033
9.14 12.8197
9.15 12.8361
9.16 12.8526
9.17 12.869
9.18 12.8854
9.19 12.9019
9.2 12.9183
9.21 12.9347
9.22 12.9512
9.23 12.9676
9.24 12.984
9.25 13.0005
9.26 13.0169
9.27 13.0334
9.28 13.0498
9.29 13.0663
9.3 13.0827
9.31 13.0992
9.32 13.1157
9.33 13.1321
9.34 13.1486
9.35 13.1651
9.36 13.1815
9.37 13.198
9.38 13.2145
9.39 13.231
9.4 13.2475
9.41 13.264
9.42 13.2805
9.43 13.2969
9.44 13.3134
9.45 13.3299
9.46 13.3464
9.47 13.3629
9.48 13.3794
9.49 13.3959
9.5 13.4124
9.51 13.4289
9.52 13.4454
9.53 13.4619
9.54 13.4784
9.55 13.4949
9.56 13.5114
9.57 13.5279
9.58 13.5444
9.59 13.5609
9.6 13.5774
9.61 13.5939
9.62 13.6104
9.63 13.6269
9.64 13.6434
9.65 13.6599
9.66 13.6765
9.67 13.693
9.68 13.7095
9.69 13.726
9.7 13.7425
9.71 13.759
9.72 13.7756
9.73 13.7921
9.74 13.8086
9.75 13.8251
9.76 13.8417
9.77 13.8582
9.78 13.8748
9.79 13.8913
9.8 13.9079
9.81 13.9244
9.82 13.941
9.83 13.9575
9.84 13.9741
9.85 13.9907
9.86 14.0072
9.87 14.0238
9.88 14.0404
9.89 14.057
9.9 14.0736
9.91 14.0902
9.92 14.1068
9.93 14.1234
9.94 14.14
9.95 14.1566
9.96 14.1732
9.97 14.1899
9.98 14.2065
9.99 14.2231
10 14.2398
10.01 14.2564
10.02 14.2731
10.03 14.2897
10.04 14.3064
10.05 14.323
10.06 14.3397
10.07 14.3564
10.08 14.3731
10.09 14.3897
10.1 14.4064
10.11 14.4231
10.12 14.4398
10.13 14.4565
10.14 14.4732
10.15 14.4899
10.16 14.5066
10.17 14.5233
10.18 14.54
10.19 14.5567
10.2 14.5734
10.21 14.5901
10.22 14.6068
10.23 14.6236
10.24 14.6403
10.25 14.657
10.26 14.6738
10.27 14.6905
10.28 14.7072
10.29 14.724
10.3 14.7407
10.31 14.7575
10.32 14.7742
10.33 14.791
10.34 14.8077
10.35 14.8245
10.36 14.8412
10.37 14.858
10.38 14.8748
10.39 14.8915
10.4 14.9083
10.41 14.9251
10.42 14.9419
10.43 14.9586
10.44 14.9754
10.45 14.9922
10.46 15.0089
10.47 15.0257
10.48 15.0425
10.49 15.0593
10.5 15.076
10.51 15.0928
10.52 15.1096
10.53 15.1264
10.54 15.1431
10.55 15.1599
10.56 15.1767
10.57 15.1935
10.58 15.2102
10.59 15.227
10.6 15.2438
10.61 15.2605
10.62 15.2773
10.63 15.2941
10.64 15.3108
10.65 15.3276
10.66 15.3443
10.67 15.3611
10.68 15.3778
10.69 15.3945
10.7 15.4113
10.71 15.428
10.72 15.4448
10.73 15.4615
10.74 15.4782
10.75 15.495
10.76 15.5117
10.77 15.5284
10.78 15.5452
10.79 15.5619
10.8 15.5786
10.81 15.5953
10.82 15.612
10.83 15.6288
10.84 15.6455
10.85 15.6622
10.86 15.6789
10.87 15.6956
10.88 15.7123
10.89 15.729
10.9 15.7457
10.91 15.7625
10.92 15.7792
10.93 15.7959
10.94 15.8126
10.95 15.8293
10.96 15.846
10.97 15.8627
10.98 15.8794
10.99 15.8961
11 15.9128
11.01 15.9295
11.02 15.9462
11.03 15.9629
11.04 15.9796
11.05 15.9963
11.06 16.013
11.07 16.0297
11.08 16.0464
11.09 16.0631
11.1 16.0798
11.11 16.0965
11.12 16.1132
11.13 16.1299
11.14 16.1466
11.15 16.1633
11.16 16.18
11.17 16.1967
11.18 16.2134
11.19 16.2301
11.2 16.2468
11.21 16.2635
11.22 16.2801
11.23 16.2968
11.24 16.3135
11.25 16.3301
11.26 16.3468
11.27 16.3635
11.28 16.3801
11.29 16.3968
11.3 16.4135
11.31 16.4301
11.32 16.4468
11.33 16.4634
11.34 16.4801
11.35 16.4968
11.36 16.5134
11.37 16.5301
11.38 16.5467
11.39 16.5633
11.4 16.58
11.41 16.5966
11.42 16.6133
11.43 16.6299
11.44 16.6466
11.45 16.6632
11.46 16.6798
11.47 16.6965
11.48 16.7131
11.49 16.7297
11.5 16.7464
11.51 16.763
11.52 16.7796
11.53 16.7963
11.54 16.8129
11.55 16.8295
11.56 16.8462
11.57 16.8628
11.58 16.8794
11.59 16.896
11.6 16.9126
11.61 16.9292
11.62 16.9458
11.63 16.9624
11.64 16.979
11.65 16.9956
11.66 17.0122
11.67 17.0288
11.68 17.0454
11.69 17.062
11.7 17.0785
11.71 17.0951
11.72 17.1117
11.73 17.1283
11.74 17.1448
11.75 17.1614
11.76 17.178
11.77 17.1945
11.78 17.2111
11.79 17.2276
11.8 17.2442
11.81 17.2607
11.82 17.2773
11.83 17.2938
11.84 17.3104
11.85 17.3269
11.86 17.3434
11.87 17.36
11.88 17.3765
11.89 17.393
11.9 17.4095
11.91 17.4261
11.92 17.4426
11.93 17.4591
11.94 17.4756
11.95 17.4921
11.96 17.5086
11.97 17.5251
11.98 17.5416
11.99 17.5581
12 17.5746
12.01 17.5911
12.02 17.6076
12.03 17.6241
12.04 17.6406
12.05 17.6571
12.06 17.6735
12.07 17.69
12.08 17.7065
12.09 17.723
12.1 17.7395
12.11 17.756
12.12 17.7725
12.13 17.789
12.14 17.8055
12.15 17.822
12.16 17.8385
12.17 17.855
12.18 17.8715
12.19 17.888
12.2 17.9045
12.21 17.921
12.22 17.9375
12.23 17.954
12.24 17.9705
12.25 17.987
12.26 18.0035
12.27 18.02
12.28 18.0366
12.29 18.0531
12.3 18.0696
12.31 18.0861
12.32 18.1026
12.33 18.1191
12.34 18.1357
12.35 18.1522
12.36 18.1687
12.37 18.1852
12.38 18.2017
12.39 18.2182
12.4 18.2347
12.41 18.2512
12.42 18.2677
12.43 18.2842
12.44 18.3007
12.45 18.3172
12.46 18.3337
12.47 18.3502
12.48 18.3667
12.49 18.3831
12.5 18.3996
12.51 18.4161
12.52 18.4326
12.53 18.449
12.54 18.4655
12.55 18.4819
12.56 18.4984
12.57 18.5148
12.58 18.5313
12.59 18.5477
12.6 18.5641
12.61 18.5806
12.62 18.597
12.63 18.6134
12.64 18.6298
12.65 18.6463
12.66 18.6627
12.67 18.6791
12.68 18.6955
12.69 18.7119
12.7 18.7283
12.71 18.7447
12.72 18.7611
12.73 18.7775
12.74 18.7939
12.75 18.8103
12.76 18.8267
12.77 18.8431
12.78 18.8595
12.79 18.8759
12.8 18.8923
12.81 18.9087
12.82 18.9251
12.83 18.9415
12.84 18.9578
12.85 18.9742
12.86 18.9906
12.87 19.007
12.88 19.0234
12.89 19.0398
12.9 19.0562
12.91 19.0725
12.92 19.0889
12.93 19.1053
12.94 19.1217
12.95 19.138
12.96 19.1544
12.97 19.1708
12.98 19.1871
12.99 19.2035
13 19.2198
13.01 19.2361
13.02 19.2525
13.03 19.2688
13.04 19.2851
13.05 19.3014
13.06 19.3178
13.07 19.3341
13.08 19.3504
13.09 19.3667
13.1 19.3829
13.11 19.3992
13.12 19.4155
13.13 19.4318
13.14 19.4481
13.15 19.4643
13.16 19.4806
13.17 19.4968
13.18 19.5131
13.19 19.5293
13.2 19.5456
13.21 19.5618
13.22 19.578
13.23 19.5942
13.24 19.6105
13.25 19.6267
13.26 19.6429
13.27 19.6591
13.28 19.6753
13.29 19.6915
13.3 19.7077
13.31 19.7239
13.32 19.7401
13.33 19.7563
13.34 19.7724
13.35 19.7886
13.36 19.8048
13.37 19.821
13.38 19.8371
13.39 19.8533
13.4 19.8695
13.41 19.8856
13.42 19.9018
13.43 19.9179
13.44 19.934
13.45 19.9502
13.46 19.9663
13.47 19.9824
13.48 19.9985
13.49 20.0147
13.5 20.0308
13.51 20.0469
13.52 20.063
13.53 20.0791
13.54 20.0952
13.55 20.1113
13.56 20.1274
13.57 20.1435
13.58 20.1596
13.59 20.1757
13.6 20.1918
13.61 20.2078
13.62 20.2239
13.63 20.24
13.64 20.2561
13.65 20.2722
13.66 20.2882
13.67 20.3043
13.68 20.3204
13.69 20.3365
13.7 20.3525
13.71 20.3686
13.72 20.3847
13.73 20.4007
13.74 20.4168
13.75 20.4328
13.76 20.4489
13.77 20.465
13.78 20.481
13.79 20.4971
13.8 20.5131
13.81 20.5292
13.82 20.5452
13.83 20.5613
13.84 20.5773
13.85 20.5934
13.86 20.6094
13.87 20.6254
13.88 20.6415
13.89 20.6575
13.9 20.6735
13.91 20.6896
13.92 20.7056
13.93 20.7216
13.94 20.7376
13.95 20.7536
13.96 20.7696
13.97 20.7857
13.98 20.8017
13.99 20.8177
14 20.8337
14.01 20.8497
14.02 20.8657
14.03 20.8817
14.04 20.8977
14.05 20.9137
14.06 20.9296
14.07 20.9456
14.08 20.9616
14.09 20.9776
14.1 20.9936
14.11 21.0096
14.12 21.0256
14.13 21.0416
14.14 21.0576
14.15 21.0736
14.16 21.0896
14.17 21.1056
14.18 21.1216
14.19 21.1376
14.2 21.1536
14.21 21.1696
14.22 21.1856
14.23 21.2016
14.24 21.2176
14.25 21.2336
14.26 21.2496
14.27 21.2656
14.28 21.2816
14.29 21.2976
14.3 21.3136
14.31 21.3296
14.32 21.3456
14.33 21.3617
14.34 21.3777
14.35 21.3937
14.36 21.4097
14.37 21.4258
14.38 21.4418
14.39 21.4578
14.4 21.4739
14.41 21.4899
14.42 21.5059
14.43 21.522
14.44 21.538
14.45 21.5541
14.46 21.5702
14.47 21.5862
14.48 21.6023
14.49 21.6183
14.5 21.6344
14.51 21.6505
14.52 21.6665
14.53 21.6826
14.54 21.6987
14.55 21.7148
14.56 21.7309
14.57 21.747
14.58 21.7631
14.59 21.7792
14.6 21.7953
14.61 21.8114
14.62 21.8275
14.63 21.8437
14.64 21.8598
14.65 21.876
14.66 21.8921
14.67 21.9083
14.68 21.9244
14.69 21.9406
14.7 21.9568
14.71 21.9729
14.72 21.9891
14.73 22.0053
14.74 22.0215
14.75 22.0377
14.76 22.0539
14.77 22.0701
14.78 22.0863
14.79 22.1025
14.8 22.1187
14.81 22.1349
14.82 22.1511
14.83 22.1673
14.84 22.1836
14.85 22.1998
14.86 22.216
14.87 22.2323
14.88 22.2485
14.89 22.2647
14.9 22.281
14.91 22.2972
14.92 22.3135
14.93 22.3297
14.94 22.346
14.95 22.3623
14.96 22.3785
14.97 22.3948
14.98 22.4111
14.99 22.4274
15 22.4437
15.01 22.46
15.02 22.4763
15.03 22.4926
15.04 22.5089
15.05 22.5252
15.06 22.5416
15.07 22.5579
15.08 22.5742
15.09 22.5905
15.1 22.6068
15.11 22.6232
15.12 22.6395
15.13 22.6558
15.14 22.6722
15.15 22.6885
15.16 22.7048
15.17 22.7212
15.18 22.7375
15.19 22.7538
15.2 22.7702
15.21 22.7865
15.22 22.8029
15.23 22.8192
15.24 22.8356
15.25 22.8519
15.26 22.8683
15.27 22.8847
15.28 22.901
15.29 22.9174
15.3 22.9338
15.31 22.9502
15.32 22.9666
15.33 22.983
15.34 22.9994
15.35 23.0158
15.36 23.0322
15.37 23.0486
15.38 23.0651
15.39 23.0815
15.4 23.0979
15.41 23.1144
15.42 23.1309
15.43 23.1473
15.44 23.1638
15.45 23.1803
15.46 23.1968
15.47 23.2133
15.48 23.2298
15.49 23.2463
15.5 23.2628
15.51 23.2793
15.52 23.2958
15.53 23.3124
15.54 23.3289
15.55 23.3455
15.56 23.362
15.57 23.3786
15.58 23.3951
15.59 23.4117
15.6 23.4283
15.61 23.4449
15.62 23.4615
15.63 23.4781
15.64 23.4947
15.65 23.5113
15.66 23.5279
15.67 23.5445
15.68 23.5611
15.69 23.5778
15.7 23.5944
15.71 23.6111
15.72 23.6277
15.73 23.6444
15.74 23.661
15.75 23.6777
15.76 23.6944
15.77 23.7111
15.78 23.7278
15.79 23.7444
15.8 23.7611
15.81 23.7778
15.82 23.7945
15.83 23.8112
15.84 23.8279
15.85 23.8446
15.86 23.8613
15.87 23.878
15.88 23.8947
15.89 23.9115
15.9 23.9282
15.91 23.9449
15.92 23.9616
15.93 23.9783
15.94 23.9951
15.95 24.0118
15.96 24.0285
15.97 24.0453
15.98 24.062
15.99 24.0787
16 24.0955
16.01 24.1122
16.02 24.129
16.03 24.1457
16.04 24.1625
16.05 24.1792
16.06 24.196
16.07 24.2127
16.08 24.2295
16.09 24.2463
16.1 24.263
16.11 24.2798
16.12 24.2966
16.13 24.3134
16.14 24.3302
16.15 24.347
16.16 24.3638
16.17 24.3806
16.18 24.3974
16.19 24.4143
16.2 24.4311
16.21 24.4479
16.22 24.4648
16.23 24.4816
16.24 24.4985
16.25 24.5153
16.26 24.5322
16.27 24.5491
16.28 24.566
16.29 24.5828
16.3 24.5997
16.31 24.6166
16.32 24.6335
16.33 24.6504
16.34 24.6673
16.35 24.6843
16.36 24.7012
16.37 24.7181
16.38 24.7351
16.39 24.752
16.4 24.769
16.41 24.7859
16.42 24.8029
16.43 24.8199
16.44 24.8368
16.45 24.8538
16.46 24.8708
16.47 24.8878
16.48 24.9048
16.49 24.9218
16.5 24.9388
16.51 24.9558
16.52 24.9728
16.53 24.9898
16.54 25.0069
16.55 25.0239
16.56 25.0409
16.57 25.0579
16.58 25.075
16.59 25.092
16.6 25.109
16.61 25.1261
16.62 25.1431
16.63 25.1601
16.64 25.1772
16.65 25.1942
16.66 25.2113
16.67 25.2283
16.68 25.2454
16.69 25.2624
16.7 25.2795
16.71 25.2965
16.72 25.3136
16.73 25.3307
16.74 25.3477
16.75 25.3648
16.76 25.3818
16.77 25.3989
16.78 25.4159
16.79 25.433
16.8 25.45
16.81 25.4671
16.82 25.4841
16.83 25.5012
16.84 25.5182
16.85 25.5353
16.86 25.5523
16.87 25.5694
16.88 25.5864
16.89 25.6034
16.9 25.6205
16.91 25.6375
16.92 25.6546
16.93 25.6716
16.94 25.6886
16.95 25.7056
16.96 25.7226
16.97 25.7396
16.98 25.7567
16.99 25.7737
17 25.7907
17.01 25.8077
17.02 25.8246
17.03 25.8416
17.04 25.8586
17.05 25.8756
17.06 25.8926
17.07 25.9095
17.08 25.9265
17.09 25.9435
17.1 25.9604
17.11 25.9774
17.12 25.9943
17.13 26.0113
17.14 26.0282
17.15 26.0452
17.16 26.0621
17.17 26.0791
17.18 26.096
17.19 26.1129
17.2 26.1299
17.21 26.1468
17.22 26.1637
17.23 26.1807
17.24 26.1976
17.25 26.2145
17.26 26.2314
17.27 26.2484
17.28 26.2653
17.29 26.2822
17.3 26.2991
17.31 26.316
17.32 26.3329
17.33 26.3498
17.34 26.3667
17.35 26.3836
17.36 26.4005
17.37 26.4173
17.38 26.4342
17.39 26.4511
17.4 26.4679
17.41 26.4848
17.42 26.5016
17.43 26.5185
17.44 26.5353
17.45 26.5522
17.46 26.569
17.47 26.5858
17.48 26.6026
17.49 26.6194
