
Experiment 0
125
1
3600
0.01
0.1
1
3000 500


Experiment 1
125
1
3600
0.01
0.1
1
3000 500


Experiment 2
125
1
10100
0.01
0.1
0.1
9000 1000


Experiment 3
125
1
10100
0.1
0.1
0.1
9000 1000


Experiment 4
125
1
10100
0.1
0.1
0.001
9000 1000


Experiment 5
125
1
5100
0.01
0.1
0.01
4000 1000


Experiment 6
125
1
5100
0.01
0.1
0.1
4000 1000


Experiment 7
125
1
5100
0.01
0.1
2
4000 1000


Experiment 8
125
1
5100
0.01
0.1
4
4000 1000


Experiment 9
125
1
5100
0.01
0.1
6
4000 1000


Experiment 10
125
1
5100
0.01
0.1
5
4000 1000


Experiment 11
125
1
5100
0.01
0.1
4.5
4000 1000


Experiment 12
125
1
5100
0.01
0.1
4
4000 1000


Experiment 13
125
1
6100
0.01
0.1
4
4000 2000


Experiment 14
125
1
6100
0.01
0.1
4
4000 2000

