x y
0 1.90343
0.01 1.90321
0.02 1.90367
0.03 1.90472
0.04 1.90615
0.05 1.90766
0.06 1.90868
0.07 1.90806
0.08 1.90378
0.09 1.89437
0.1 1.88454
0.11 1.8862
0.12 1.90083
0.13 1.91621
0.14 1.92489
0.15 1.92621
0.16 1.92069
0.17 1.90997
0.18 1.89946
0.19 1.89526
0.2 1.89813
0.21 1.90655
0.22 1.91966
0.23 1.93373
0.24 1.94409
0.25 1.94878
0.26 1.94809
0.27 1.94344
0.28 1.93741
0.29 1.93316
0.3 1.93242
0.31 1.93461
0.32 1.93865
0.33 1.94487
0.34 1.95419
0.35 1.96588
0.36 1.97751
0.37 1.98692
0.38 1.99336
0.39 1.99715
0.4 1.99936
0.41 2.00158
0.42 2.00537
0.43 2.01108
0.44 2.01735
0.45 2.02214
0.46 2.02421
0.47 2.02376
0.48 2.02152
0.49 2.01684
0.5 2.00961
0.51 2.00417
0.52 2.00049
0.53 1.99065
0.54 1.97859
0.55 1.97849
0.56 1.98943
0.57 1.99908
0.58 2.00074
0.59 2.0042
0.6 2.03018
0.61 2.06758
0.62 2.09078
0.63 2.09591
0.64 2.08942
0.65 2.07766
0.66 2.06371
0.67 2.04921
0.68 2.04079
0.69 2.04733
0.7 2.06749
0.71 2.08926
0.72 2.10268
0.73 2.10618
0.74 2.10451
0.75 2.10378
0.76 2.10772
0.77 2.11655
0.78 2.12745
0.79 2.13594
0.8 2.13815
0.81 2.13222
0.82 2.1183
0.83 2.09837
0.84 2.07766
0.85 2.06389
0.86 2.05683
0.87 2.0487
0.88 2.04367
0.89 2.0455
0.9 2.0551
0.91 2.07312
0.92 2.0904
0.93 2.1031
0.94 2.11179
0.95 2.11734
0.96 2.12193
0.97 2.12772
0.98 2.13439
0.99 2.13935
1 2.14013
1.01 2.1354
1.02 2.12494
1.03 2.11019
1.04 2.09509
1.05 2.08469
1.06 2.08105
1.07 2.08195
1.08 2.08457
1.09 2.08797
1.1 2.09122
1.11 2.08981
1.12 2.07528
1.13 2.04539
1.14 2.02215
1.15 2.03515
1.16 2.07039
1.17 2.09649
1.18 2.10925
1.19 2.11456
1.2 2.11407
1.21 2.10487
1.22 2.08267
1.23 2.04891
1.24 2.01911
1.25 2.01062
1.26 2.02123
1.27 2.03752
1.28 2.05215
1.29 2.06897
1.3 2.08799
1.31 2.09984
1.32 2.10104
1.33 2.09669
1.34 2.09395
1.35 2.09588
1.36 2.10041
1.37 2.10496
1.38 2.10969
1.39 2.11632
1.4 2.12511
1.41 2.13376
1.42 2.13917
1.43 2.13889
1.44 2.13084
1.45 2.11369
1.46 2.09005
1.47 2.06925
1.48 2.05953
1.49 2.05935
1.5 2.06429
1.51 2.07336
1.52 2.08568
1.53 2.09659
1.54 2.10075
1.55 2.09616
1.56 2.087
1.57 2.08342
1.58 2.08819
1.59 2.09284
1.6 2.09207
1.61 2.08903
1.62 2.09142
1.63 2.10174
1.64 2.11236
1.65 2.11679
1.66 2.11524
1.67 2.10909
1.68 2.10067
1.69 2.09449
1.7 2.09279
1.71 2.09683
1.72 2.10737
1.73 2.1192
1.74 2.12546
1.75 2.12398
1.76 2.11629
1.77 2.10609
1.78 2.09891
1.79 2.09897
1.8 2.1047
1.81 2.11081
1.82 2.11458
1.83 2.11726
1.84 2.12006
1.85 2.12062
1.86 2.11535
1.87 2.10494
1.88 2.09435
1.89 2.08958
1.9 2.09408
1.91 2.10315
1.92 2.10992
1.93 2.11257
1.94 2.11252
1.95 2.11198
1.96 2.11261
1.97 2.11373
1.98 2.11252
1.99 2.10661
2 2.09559
2.01 2.08323
2.02 2.08061
2.03 2.09285
2.04 2.1085
2.05 2.11828
2.06 2.12378
2.07 2.12977
2.08 2.13608
2.09 2.13663
2.1 2.12816
2.11 2.11642
2.12 2.10904
2.13 2.10548
2.14 2.10041
2.15 2.09312
2.16 2.08865
2.17 2.09157
2.18 2.10202
2.19 2.11638
2.2 2.12974
2.21 2.13901
2.22 2.14457
2.23 2.14914
2.24 2.15474
2.25 2.16057
2.26 2.1645
2.27 2.16583
2.28 2.16491
2.29 2.1609
2.3 2.15035
2.31 2.12955
2.32 2.10322
2.33 2.08723
2.34 2.08687
2.35 2.09357
2.36 2.10305
2.37 2.11252
2.38 2.11988
2.39 2.12911
2.4 2.14292
2.41 2.15554
2.42 2.1598
2.43 2.15349
2.44 2.13931
2.45 2.12359
2.46 2.1126
2.47 2.10945
2.48 2.11663
2.49 2.1334
2.5 2.15188
2.51 2.16528
2.52 2.17253
2.53 2.17497
2.54 2.17376
2.55 2.16957
2.56 2.16328
2.57 2.15641
2.58 2.15096
2.59 2.14896
2.6 2.15192
2.61 2.15871
2.62 2.16537
2.63 2.16866
2.64 2.16817
2.65 2.16536
2.66 2.16151
2.67 2.15678
2.68 2.15188
2.69 2.14956
2.7 2.1531
2.71 2.16268
2.72 2.17384
2.73 2.17905
2.74 2.1724
2.75 2.15738
2.76 2.15
2.77 2.16138
2.78 2.18038
2.79 2.18946
2.8 2.18404
2.81 2.17662
2.82 2.18001
2.83 2.19083
2.84 2.20062
2.85 2.20447
2.86 2.20112
2.87 2.19433
2.88 2.19225
2.89 2.20109
2.9 2.21719
2.91 2.23134
2.92 2.23934
2.93 2.24177
2.94 2.23981
2.95 2.23439
2.96 2.22723
2.97 2.22129
2.98 2.21868
2.99 2.2187
3 2.21889
3.01 2.21702
3.02 2.21182
3.03 2.20343
3.04 2.19364
3.05 2.18483
3.06 2.17826
3.07 2.17394
3.08 2.17308
3.09 2.17855
3.1 2.19065
3.11 2.20476
3.12 2.21531
3.13 2.22016
3.14 2.22027
3.15 2.21675
3.16 2.20958
3.17 2.19951
3.18 2.19039
3.19 2.18481
3.2 2.17809
3.21 2.16589
3.22 2.15059
3.23 2.1332
3.24 2.11589
3.25 2.11028
3.26 2.12475
3.27 2.15336
3.28 2.18198
3.29 2.20058
3.3 2.20716
3.31 2.2038
3.32 2.19623
3.33 2.19258
3.34 2.19551
3.35 2.19914
3.36 2.19703
3.37 2.18716
3.38 2.17303
3.39 2.1658
3.4 2.17173
3.41 2.18115
3.42 2.18338
3.43 2.17595
3.44 2.16404
3.45 2.15958
3.46 2.1666
3.47 2.1753
3.48 2.18036
3.49 2.18365
3.5 2.18627
3.51 2.18577
3.52 2.17928
3.53 2.16788
3.54 2.15624
3.55 2.14772
3.56 2.14158
3.57 2.13768
3.58 2.13954
3.59 2.14795
3.6 2.15689
3.61 2.15815
3.62 2.14491
3.63 2.11959
3.64 2.11011
3.65 2.13173
3.66 2.15608
3.67 2.16816
3.68 2.17182
3.69 2.17119
3.7 2.1675
3.71 2.15997
3.72 2.14693
3.73 2.12675
3.74 2.09916
3.75 2.07127
3.76 2.06037
3.77 2.07028
3.78 2.08376
3.79 2.08982
3.8 2.08967
3.81 2.08806
3.82 2.08916
3.83 2.09622
3.84 2.10621
3.85 2.10995
3.86 2.10223
3.87 2.0888
3.88 2.08288
3.89 2.0898
3.9 2.09992
3.91 2.10294
3.92 2.10027
3.93 2.09844
3.94 2.09849
3.95 2.09732
3.96 2.0943
3.97 2.09292
3.98 2.09728
3.99 2.10685
4 2.1165
4.01 2.12182
4.02 2.12249
4.03 2.12054
4.04 2.11541
4.05 2.10256
4.06 2.07938
4.07 2.05041
4.08 2.02572
4.09 2.01789
4.1 2.03069
4.11 2.05189
4.12 2.0696
4.13 2.07923
4.14 2.07876
4.15 2.06699
4.16 2.04889
4.17 2.03929
4.18 2.04663
4.19 2.06422
4.2 2.08016
4.21 2.08805
4.22 2.08984
4.23 2.08955
4.24 2.08956
4.25 2.09062
4.26 2.09262
4.27 2.09518
4.28 2.09793
4.29 2.10054
4.3 2.10257
4.31 2.1037
4.32 2.1042
4.33 2.10484
4.34 2.10528
4.35 2.10224
4.36 2.09069
4.37 2.07087
4.38 2.05649
4.39 2.05592
4.4 2.06205
4.41 2.07928
4.42 2.10429
4.43 2.12161
4.44 2.12699
4.45 2.12413
4.46 2.11547
4.47 2.10302
4.48 2.09885
4.49 2.10961
4.5 2.11702
4.51 2.10742
4.52 2.09166
4.53 2.09468
4.54 2.11517
4.55 2.13181
4.56 2.13896
4.57 2.14053
4.58 2.13685
4.59 2.12161
4.6 2.09736
4.61 2.09154
4.62 2.1076
4.63 2.11741
4.64 2.11283
4.65 2.10159
4.66 2.09595
4.67 2.10196
4.68 2.11409
4.69 2.12502
4.7 2.13204
4.71 2.13463
4.72 2.13274
4.73 2.12714
4.74 2.11968
4.75 2.11233
4.76 2.10604
4.77 2.10121
4.78 2.10069
4.79 2.10962
4.8 2.12645
4.81 2.14248
4.82 2.15264
4.83 2.15716
4.84 2.15729
4.85 2.15253
4.86 2.13864
4.87 2.10898
4.88 2.08011
4.89 2.09402
4.9 2.12742
4.91 2.14007
4.92 2.12608
4.93 2.08787
4.94 2.06299
4.95 2.08532
4.96 2.11227
4.97 2.12322
4.98 2.1277
4.99 2.13324
5 2.14197
5.01 2.15199
5.02 2.15982
5.03 2.16479
5.04 2.16891
5.05 2.17051
5.06 2.1626
5.07 2.13915
5.08 2.1013
5.09 2.06155
5.1 2.0412
5.11 2.04719
5.12 2.05517
5.13 2.04807
5.14 2.04848
5.15 2.07867
5.16 2.12043
5.17 2.14942
5.18 2.16201
5.19 2.16397
5.2 2.15932
5.21 2.14855
5.22 2.13288
5.23 2.11997
5.24 2.11703
5.25 2.11926
5.26 2.11839
5.27 2.11041
5.28 2.09361
5.29 2.07315
5.3 2.0652
5.31 2.07458
5.32 2.08599
5.33 2.0903
5.34 2.09031
5.35 2.09145
5.36 2.09537
5.37 2.09872
5.38 2.09661
5.39 2.08952
5.4 2.08748
5.41 2.09532
5.42 2.10309
5.43 2.10386
5.44 2.09992
5.45 2.09614
5.46 2.09466
5.47 2.096
5.48 2.10036
5.49 2.10607
5.5 2.11239
5.51 2.11966
5.52 2.12722
5.53 2.13366
5.54 2.13689
5.55 2.13371
5.56 2.12217
5.57 2.10789
5.58 2.10427
5.59 2.11473
5.6 2.12959
5.61 2.14211
5.62 2.1512
5.63 2.15726
5.64 2.16067
5.65 2.16178
5.66 2.16085
5.67 2.15872
5.68 2.15822
5.69 2.1628
5.7 2.1707
5.71 2.17452
5.72 2.1679
5.73 2.15187
5.74 2.13883
5.75 2.14164
5.76 2.15666
5.77 2.17095
5.78 2.17763
5.79 2.17712
5.8 2.17265
5.81 2.16792
5.82 2.1651
5.83 2.16438
5.84 2.16546
5.85 2.16887
5.86 2.17541
5.87 2.18379
5.88 2.19091
5.89 2.19436
5.9 2.1928
5.91 2.18471
5.92 2.1681
5.93 2.14307
5.94 2.11698
5.95 2.10323
5.96 2.10586
5.97 2.11502
5.98 2.12429
5.99 2.13374
6 2.13957
6.01 2.13855
6.02 2.13629
6.03 2.13983
6.04 2.14684
6.05 2.1509
6.06 2.14976
6.07 2.14397
6.08 2.13412
6.09 2.12314
6.1 2.11895
6.11 2.12616
6.12 2.13853
6.13 2.14875
6.14 2.15515
6.15 2.15888
6.16 2.16121
6.17 2.16267
6.18 2.16289
6.19 2.16065
6.2 2.15351
6.21 2.13845
6.22 2.11926
6.23 2.11317
6.24 2.12426
6.25 2.13388
6.26 2.13165
6.27 2.11882
6.28 2.10144
6.29 2.09088
6.3 2.09723
6.31 2.1173
6.32 2.13747
6.33 2.14706
6.34 2.14407
6.35 2.13371
6.36 2.12412
6.37 2.1201
6.38 2.11721
6.39 2.11152
6.4 2.11645
6.41 2.137
6.42 2.15599
6.43 2.16422
6.44 2.16338
6.45 2.1562
6.46 2.14439
6.47 2.13009
6.48 2.11708
6.49 2.10922
6.5 2.1078
6.51 2.11141
6.52 2.11749
6.53 2.12355
6.54 2.12825
6.55 2.13148
6.56 2.13361
6.57 2.13608
6.58 2.14135
6.59 2.14957
6.6 2.15726
6.61 2.16131
6.62 2.16187
6.63 2.16141
6.64 2.1625
6.65 2.16545
6.66 2.16802
6.67 2.16789
6.68 2.16454
6.69 2.15927
6.7 2.15424
6.71 2.15151
6.72 2.15189
6.73 2.15453
6.74 2.15742
6.75 2.15848
6.76 2.15677
6.77 2.15346
6.78 2.15066
6.79 2.14834
6.8 2.14416
6.81 2.13781
6.82 2.1352
6.83 2.14339
6.84 2.15922
6.85 2.17294
6.86 2.17943
6.87 2.17891
6.88 2.17393
6.89 2.16839
6.9 2.16593
6.91 2.16677
6.92 2.16795
6.93 2.16654
6.94 2.1614
6.95 2.15331
6.96 2.14457
6.97 2.13767
6.98 2.13411
6.99 2.13402
7 2.13518
7.01 2.13385
7.02 2.12812
7.03 2.11911
7.04 2.11172
7.05 2.1136
7.06 2.12485
7.07 2.13615
7.08 2.14085
7.09 2.13919
7.1 2.13581
7.11 2.13598
7.12 2.14026
7.13 2.14516
7.14 2.14806
7.15 2.14876
7.16 2.14854
7.17 2.14915
7.18 2.15155
7.19 2.1551
7.2 2.15815
7.21 2.15952
7.22 2.15904
7.23 2.1571
7.24 2.15395
7.25 2.14925
7.26 2.14258
7.27 2.1349
7.28 2.12964
7.29 2.1309
7.3 2.13938
7.31 2.15083
7.32 2.15899
7.33 2.16054
7.34 2.15667
7.35 2.14991
7.36 2.14136
7.37 2.13285
7.38 2.12914
7.39 2.13354
7.4 2.14224
7.41 2.14625
7.42 2.13898
7.43 2.12395
7.44 2.11272
7.45 2.10955
7.46 2.11275
7.47 2.12262
7.48 2.13658
7.49 2.15078
7.5 2.16451
7.51 2.17812
7.52 2.19017
7.53 2.19804
7.54 2.19954
7.55 2.19345
7.56 2.18004
7.57 2.16322
7.58 2.15144
7.59 2.14754
7.6 2.1449
7.61 2.14338
7.62 2.15002
7.63 2.16399
7.64 2.17511
7.65 2.17508
7.66 2.1673
7.67 2.16586
7.68 2.17515
7.69 2.18581
7.7 2.19228
7.71 2.19551
7.72 2.19667
7.73 2.19622
7.74 2.19671
7.75 2.20022
7.76 2.20338
7.77 2.20053
7.78 2.18989
7.79 2.1736
7.8 2.15387
7.81 2.13309
7.82 2.11842
7.83 2.11847
7.84 2.13087
7.85 2.14362
7.86 2.15182
7.87 2.16056
7.88 2.17154
7.89 2.17997
7.9 2.18317
7.91 2.18342
7.92 2.18451
7.93 2.18825
7.94 2.19357
7.95 2.19784
7.96 2.19767
7.97 2.18806
7.98 2.16153
7.99 2.11474
8 2.06607
8.01 2.05223
8.02 2.08141
8.03 2.11529
8.04 2.13565
8.05 2.14907
8.06 2.1599
8.07 2.1654
8.08 2.16105
8.09 2.14703
8.1 2.13221
8.11 2.12707
8.12 2.13092
8.13 2.13667
8.14 2.13903
8.15 2.13482
8.16 2.12527
8.17 2.11272
8.18 2.09785
8.19 2.08632
8.2 2.08675
8.21 2.09847
8.22 2.11352
8.23 2.12672
8.24 2.13695
8.25 2.14412
8.26 2.14796
8.27 2.14817
8.28 2.14455
8.29 2.13687
8.3 2.12524
8.31 2.11121
8.32 2.09894
8.33 2.09365
8.34 2.09592
8.35 2.09845
8.36 2.09324
8.37 2.08035
8.38 2.06811
8.39 2.06541
8.4 2.07358
8.41 2.08165
8.42 2.08193
8.43 2.08461
8.44 2.099
8.45 2.11616
8.46 2.12466
8.47 2.12214
8.48 2.11198
8.49 2.09948
8.5 2.08749
8.51 2.07409
8.52 2.05916
8.53 2.05375
8.54 2.06611
8.55 2.08283
8.56 2.08937
8.57 2.08887
8.58 2.08722
8.59 2.08163
8.6 2.06708
8.61 2.04902
8.62 2.04428
8.63 2.05542
8.64 2.06579
8.65 2.06846
8.66 2.07454
8.67 2.0919
8.68 2.11464
8.69 2.13566
8.7 2.15264
8.71 2.16381
8.72 2.16631
8.73 2.1571
8.74 2.13474
8.75 2.10337
8.76 2.07163
8.77 2.04581
8.78 2.03007
8.79 2.02428
8.8 2.02665
8.81 2.04145
8.82 2.06735
8.83 2.09154
8.84 2.10535
8.85 2.10984
8.86 2.10871
8.87 2.10444
8.88 2.10004
8.89 2.09938
8.9 2.10403
8.91 2.11006
8.92 2.1083
8.93 2.09263
8.94 2.0744
8.95 2.07179
8.96 2.07836
8.97 2.07898
8.98 2.07189
8.99 2.06333
9 2.05838
9.01 2.06002
9.02 2.07241
9.03 2.09421
9.04 2.11634
9.05 2.13189
9.06 2.13864
9.07 2.13554
9.08 2.12412
9.09 2.11251
9.1 2.10984
9.11 2.11656
9.12 2.12691
9.13 2.13454
9.14 2.13684
9.15 2.13677
9.16 2.13674
9.17 2.13575
9.18 2.13403
9.19 2.13141
9.2 2.12395
9.21 2.10865
9.22 2.09182
9.23 2.08527
9.24 2.08931
9.25 2.09099
9.26 2.0823
9.27 2.07032
9.28 2.06689
9.29 2.08302
9.3 2.10401
9.31 2.10876
9.32 2.10006
9.33 2.08518
9.34 2.06765
9.35 2.06704
9.36 2.09528
9.37 2.12813
9.38 2.1483
9.39 2.15561
9.4 2.15487
9.41 2.15128
9.42 2.14861
9.43 2.14777
9.44 2.1474
9.45 2.14608
9.46 2.14397
9.47 2.14256
9.48 2.14309
9.49 2.14494
9.5 2.14511
9.51 2.13887
9.52 2.12072
9.53 2.09139
9.54 2.0743
9.55 2.09127
9.56 2.12168
9.57 2.14104
9.58 2.14466
9.59 2.13433
9.6 2.11227
9.61 2.08454
9.62 2.06485
9.63 2.06291
9.64 2.07475
9.65 2.09735
9.66 2.12164
9.67 2.13198
9.68 2.126
9.69 2.11692
9.7 2.12128
9.71 2.13882
9.72 2.15561
9.73 2.16281
9.74 2.15862
9.75 2.14239
9.76 2.11289
9.77 2.07418
9.78 2.04629
9.79 2.04767
9.8 2.06685
9.81 2.08565
9.82 2.09728
9.83 2.09831
9.84 2.08537
9.85 2.06425
9.86 2.05767
9.87 2.07483
9.88 2.09701
9.89 2.11194
9.9 2.11964
9.91 2.12271
9.92 2.12289
9.93 2.12057
9.94 2.11505
9.95 2.1053
9.96 2.09157
9.97 2.07794
9.98 2.07199
9.99 2.07623
10 2.08506
10.01 2.09314
10.02 2.09799
10.03 2.09777
10.04 2.09057
10.05 2.07444
10.06 2.05044
10.07 2.03407
10.08 2.04499
10.09 2.0696
10.1 2.08606
10.11 2.09026
10.12 2.08544
10.13 2.07725
10.14 2.07064
10.15 2.06565
10.16 2.06497
10.17 2.07776
10.18 2.10158
10.19 2.12304
10.2 2.13633
10.21 2.14341
10.22 2.147
10.23 2.14795
10.24 2.14539
10.25 2.13761
10.26 2.12369
10.27 2.10572
10.28 2.08925
10.29 2.07928
10.3 2.07596
10.31 2.07678
10.32 2.08069
10.33 2.08788
10.34 2.09809
10.35 2.10931
10.36 2.11943
10.37 2.12792
10.38 2.13463
10.39 2.13875
10.4 2.13914
10.41 2.13533
10.42 2.12919
10.43 2.12595
10.44 2.12975
10.45 2.13857
10.46 2.14757
10.47 2.15326
10.48 2.15261
10.49 2.14147
10.5 2.11525
10.51 2.07884
10.52 2.05517
10.53 2.05335
10.54 2.05932
10.55 2.05809
10.56 2.04557
10.57 2.04641
10.58 2.06316
10.59 2.0666
10.6 2.06229
10.61 2.07817
10.62 2.11153
10.63 2.14181
10.64 2.16046
10.65 2.16753
10.66 2.16582
10.67 2.15886
10.68 2.15046
10.69 2.14339
10.7 2.13692
10.71 2.12682
10.72 2.11049
10.73 2.09839
10.74 2.10814
10.75 2.13124
10.76 2.14892
10.77 2.15872
10.78 2.16521
10.79 2.17053
10.8 2.1722
10.81 2.16467
10.82 2.14287
10.83 2.10859
10.84 2.0784
10.85 2.07462
10.86 2.09722
10.87 2.12478
10.88 2.14211
10.89 2.15107
10.9 2.15984
10.91 2.16665
10.92 2.16136
10.93 2.14387
10.94 2.12988
10.95 2.12748
10.96 2.13119
10.97 2.13865
10.98 2.14948
10.99 2.16192
11 2.17359
11.01 2.18227
11.02 2.18592
11.03 2.18426
11.04 2.17923
11.05 2.1732
11.06 2.16832
11.07 2.16476
11.08 2.15677
11.09 2.13743
11.1 2.11515
11.11 2.10624
11.12 2.10941
11.13 2.12096
11.14 2.14044
11.15 2.16294
11.16 2.18313
11.17 2.19772
11.18 2.20537
11.19 2.20645
11.2 2.20196
11.21 2.19258
11.22 2.17871
11.23 2.16249
11.24 2.14971
11.25 2.14578
11.26 2.14947
11.27 2.15519
11.28 2.15803
11.29 2.15481
11.3 2.14313
11.31 2.12363
11.32 2.11119
11.33 2.1237
11.34 2.14832
11.35 2.16736
11.36 2.1788
11.37 2.18397
11.38 2.18301
11.39 2.17597
11.4 2.16307
11.41 2.14364
11.42 2.11433
11.43 2.07489
11.44 2.04774
11.45 2.05864
11.46 2.0864
11.47 2.11091
11.48 2.13557
11.49 2.15976
11.5 2.17569
11.51 2.17837
11.52 2.17164
11.53 2.16752
11.54 2.17189
11.55 2.17759
11.56 2.17889
11.57 2.17659
11.58 2.17267
11.59 2.16762
11.6 2.16145
11.61 2.15614
11.62 2.15595
11.63 2.1616
11.64 2.16785
11.65 2.16951
11.66 2.16467
11.67 2.15445
11.68 2.14397
11.69 2.1386
11.7 2.1374
11.71 2.1363
11.72 2.1336
11.73 2.12886
11.74 2.12255
11.75 2.11692
11.76 2.1136
11.77 2.11218
11.78 2.11027
11.79 2.10443
11.8 2.09805
11.81 2.10617
11.82 2.13337
11.83 2.16142
11.84 2.17518
11.85 2.17326
11.86 2.16055
11.87 2.14381
11.88 2.12979
11.89 2.12329
11.9 2.12589
11.91 2.13527
11.92 2.14638
11.93 2.15413
11.94 2.15541
11.95 2.15104
11.96 2.1471
11.97 2.14759
11.98 2.14448
11.99 2.12355
12 2.08344
12.01 2.06309
12.02 2.09247
12.03 2.13049
12.04 2.14844
12.05 2.1484
12.06 2.13455
12.07 2.1082
12.08 2.07478
12.09 2.06106
12.1 2.08511
12.11 2.11478
12.12 2.12844
12.13 2.12891
12.14 2.12285
12.15 2.1174
12.16 2.11752
12.17 2.12129
12.18 2.12331
12.19 2.11949
12.2 2.10873
12.21 2.10203
12.22 2.11569
12.23 2.14029
12.24 2.15856
12.25 2.16823
12.26 2.17261
12.27 2.1739
12.28 2.17285
12.29 2.16949
12.3 2.16365
12.31 2.15557
12.32 2.14692
12.33 2.14103
12.34 2.13982
12.35 2.14142
12.36 2.14348
12.37 2.14676
12.38 2.15312
12.39 2.16021
12.4 2.15963
12.41 2.14308
12.42 2.12432
12.43 2.12843
12.44 2.13616
12.45 2.12973
12.46 2.12069
12.47 2.11879
12.48 2.12296
12.49 2.13133
12.5 2.14487
12.51 2.16206
12.52 2.17836
12.53 2.19009
12.54 2.19556
12.55 2.19312
12.56 2.17991
12.57 2.15654
12.58 2.13839
12.59 2.13897
12.6 2.14415
12.61 2.14351
12.62 2.14396
12.63 2.14945
12.64 2.15522
12.65 2.15698
12.66 2.15433
12.67 2.14941
12.68 2.14595
12.69 2.14745
12.7 2.15348
12.71 2.15907
12.72 2.15994
12.73 2.15625
12.74 2.15043
12.75 2.14347
12.76 2.13442
12.77 2.12239
12.78 2.10769
12.79 2.09144
12.8 2.0736
12.81 2.05825
12.82 2.06549
12.83 2.09661
12.84 2.12479
12.85 2.14025
12.86 2.14619
12.87 2.14513
12.88 2.13812
12.89 2.12799
12.9 2.12162
12.91 2.12376
12.92 2.13014
12.93 2.13381
12.94 2.1321
12.95 2.12578
12.96 2.11744
12.97 2.1105
12.98 2.10715
12.99 2.10687
13 2.10821
13.01 2.11023
13.02 2.1099
13.03 2.0969
13.04 2.0615
13.05 2.04102
13.06 2.06305
13.07 2.0751
13.08 2.06495
13.09 2.04809
13.1 2.0412
13.11 2.05996
13.12 2.0923
13.13 2.1158
13.14 2.12643
13.15 2.12904
13.16 2.12711
13.17 2.12185
13.18 2.11347
13.19 2.10235
13.2 2.08996
13.21 2.08
13.22 2.0773
13.23 2.08235
13.24 2.08858
13.25 2.09077
13.26 2.09332
13.27 2.10004
13.28 2.10402
13.29 2.09986
13.3 2.09142
13.31 2.08592
13.32 2.08646
13.33 2.09087
13.34 2.09492
13.35 2.09547
13.36 2.09225
13.37 2.08764
13.38 2.08421
13.39 2.08152
13.4 2.07856
13.41 2.07817
13.42 2.08308
13.43 2.09199
13.44 2.10239
13.45 2.11297
13.46 2.12287
13.47 2.13065
13.48 2.13355
13.49 2.12725
13.5 2.11001
13.51 2.09293
13.52 2.08602
13.53 2.07061
13.54 2.03561
13.55 2.01624
13.56 2.05379
13.57 2.10693
13.58 2.12909
13.59 2.12805
13.6 2.11791
13.61 2.10677
13.62 2.09919
13.63 2.09732
13.64 2.10097
13.65 2.10747
13.66 2.11353
13.67 2.11853
13.68 2.12484
13.69 2.13352
13.7 2.14206
13.71 2.14756
13.72 2.14939
13.73 2.14868
13.74 2.14696
13.75 2.14522
13.76 2.14344
13.77 2.14073
13.78 2.13549
13.79 2.12471
13.8 2.10347
13.81 2.07083
13.82 2.04255
13.83 2.04489
13.84 2.07456
13.85 2.10626
13.86 2.13095
13.87 2.14811
13.88 2.15659
13.89 2.15519
13.9 2.14312
13.91 2.12353
13.92 2.10814
13.93 2.10345
13.94 2.09545
13.95 2.08096
13.96 2.08462
13.97 2.1025
13.98 2.11093
13.99 2.10979
14 2.10884
14.01 2.11282
14.02 2.11904
14.03 2.1227
14.04 2.12354
14.05 2.12629
14.06 2.13437
14.07 2.14614
14.08 2.15762
14.09 2.166
14.1 2.17029
14.11 2.17058
14.12 2.16717
14.13 2.16064
14.14 2.15291
14.15 2.14808
14.16 2.14992
14.17 2.15763
14.18 2.167
14.19 2.1743
14.2 2.1773
14.21 2.17497
14.22 2.16759
14.23 2.15616
14.24 2.14134
14.25 2.12907
14.26 2.13337
14.27 2.15482
14.28 2.17739
14.29 2.19132
14.3 2.19578
14.31 2.19213
14.32 2.18168
14.33 2.16716
14.34 2.15513
14.35 2.15424
14.36 2.16569
14.37 2.17988
14.38 2.18718
14.39 2.18354
14.4 2.17385
14.41 2.16921
14.42 2.17088
14.43 2.17604
14.44 2.18171
14.45 2.18313
14.46 2.18089
14.47 2.1801
14.48 2.17897
14.49 2.16729
14.5 2.1459
14.51 2.14403
14.52 2.17015
14.53 2.19495
14.54 2.20711
14.55 2.20954
14.56 2.2075
14.57 2.20779
14.58 2.21432
14.59 2.22393
14.6 2.22842
14.61 2.22279
14.62 2.21384
14.63 2.21244
14.64 2.21588
14.65 2.21604
14.66 2.20999
14.67 2.19676
14.68 2.17889
14.69 2.16716
14.7 2.17387
14.71 2.19621
14.72 2.21754
14.73 2.2233
14.74 2.20684
14.75 2.17362
14.76 2.14929
14.77 2.15359
14.78 2.17034
14.79 2.17852
14.8 2.17732
14.81 2.17802
14.82 2.1894
14.83 2.20834
14.84 2.22593
14.85 2.2368
14.86 2.24031
14.87 2.2383
14.88 2.23317
14.89 2.22675
14.9 2.22013
14.91 2.21395
14.92 2.20845
14.93 2.20369
14.94 2.19999
14.95 2.19791
14.96 2.19768
14.97 2.19841
14.98 2.19812
14.99 2.19461
15 2.18687
15.01 2.17721
15.02 2.17112
15.03 2.17046
15.04 2.16964
15.05 2.16429
15.06 2.1574
15.07 2.15387
15.08 2.15437
15.09 2.15577
15.1 2.15375
15.11 2.14606
15.12 2.13561
15.13 2.12782
15.14 2.12283
15.15 2.11868
15.16 2.12115
15.17 2.13402
15.18 2.1525
15.19 2.17038
15.2 2.18175
15.21 2.18445
15.22 2.18055
15.23 2.17395
15.24 2.16801
15.25 2.1637
15.26 2.15967
15.27 2.15519
15.28 2.1521
15.29 2.15208
15.3 2.15302
15.31 2.15082
15.32 2.1428
15.33 2.13016
15.34 2.12151
15.35 2.12694
15.36 2.14301
15.37 2.15806
15.38 2.1657
15.39 2.1657
15.4 2.16097
15.41 2.1558
15.42 2.15357
15.43 2.15528
15.44 2.16006
15.45 2.16645
15.46 2.17292
15.47 2.17815
15.48 2.18114
15.49 2.18146
15.5 2.17935
15.51 2.17575
15.52 2.1717
15.53 2.16765
15.54 2.16387
15.55 2.16124
15.56 2.15981
15.57 2.15701
15.58 2.1505
15.59 2.14325
15.6 2.1408
15.61 2.14719
15.62 2.1643
15.63 2.18422
15.64 2.19642
15.65 2.20039
15.66 2.20056
15.67 2.19943
15.68 2.19732
15.69 2.19443
15.7 2.19094
15.71 2.18586
15.72 2.17752
15.73 2.16709
15.74 2.15969
15.75 2.1549
15.76 2.15073
15.77 2.15891
15.78 2.17848
15.79 2.19388
15.8 2.20087
15.81 2.20237
15.82 2.2013
15.83 2.19985
15.84 2.19915
15.85 2.19868
15.86 2.19684
15.87 2.19294
15.88 2.18795
15.89 2.18291
15.9 2.1771
15.91 2.16954
15.92 2.16238
15.93 2.16095
15.94 2.1679
15.95 2.17879
15.96 2.18627
15.97 2.18862
15.98 2.18945
15.99 2.18972
16 2.18792
16.01 2.1855
16.02 2.18547
16.03 2.18798
16.04 2.19072
16.05 2.19209
16.06 2.19261
16.07 2.19387
16.08 2.19659
16.09 2.19963
16.1 2.20106
16.11 2.19977
16.12 2.19634
16.13 2.19307
16.14 2.1918
16.15 2.19076
16.16 2.18509
16.17 2.17205
16.18 2.15663
16.19 2.14941
16.2 2.15563
16.21 2.17039
16.22 2.18569
16.23 2.19689
16.24 2.20332
16.25 2.20626
16.26 2.20703
16.27 2.206
16.28 2.20251
16.29 2.19542
16.3 2.18355
16.31 2.16658
16.32 2.14713
16.33 2.13289
16.34 2.13153
16.35 2.1402
16.36 2.15067
16.37 2.16005
16.38 2.16779
16.39 2.17131
16.4 2.16801
16.41 2.15784
16.42 2.14285
16.43 2.12605
16.44 2.11407
16.45 2.11538
16.46 2.12826
16.47 2.14239
16.48 2.15084
16.49 2.15201
16.5 2.14735
16.51 2.14005
16.52 2.13373
16.53 2.13077
16.54 2.13108
16.55 2.13236
16.56 2.13225
16.57 2.12936
16.58 2.12315
16.59 2.1159
16.6 2.11319
16.61 2.11805
16.62 2.12775
16.63 2.13847
16.64 2.14835
16.65 2.15692
16.66 2.16358
16.67 2.16693
16.68 2.16527
16.69 2.15739
16.7 2.14328
16.71 2.12457
16.72 2.10742
16.73 2.10497
16.74 2.1174
16.75 2.12543
16.76 2.11826
16.77 2.09893
16.78 2.07648
16.79 2.06686
16.8 2.08331
16.81 2.11115
16.82 2.13252
16.83 2.14664
16.84 2.15522
16.85 2.15728
16.86 2.15222
16.87 2.1419
16.88 2.13033
16.89 2.1226
16.9 2.12297
16.91 2.13087
16.92 2.14244
16.93 2.15455
16.94 2.16453
16.95 2.16993
16.96 2.16992
16.97 2.16584
16.98 2.16024
16.99 2.15589
17 2.15619
17.01 2.1631
17.02 2.17273
17.03 2.17646
17.04 2.16717
17.05 2.14721
17.06 2.13522
17.07 2.14733
17.08 2.16849
17.09 2.17919
17.1 2.18089
17.11 2.1793
17.12 2.17369
17.13 2.16262
17.14 2.15026
17.15 2.14506
17.16 2.14752
17.17 2.15024
17.18 2.15249
17.19 2.15721
17.2 2.16025
17.21 2.15769
17.22 2.1568
17.23 2.16735
17.24 2.18551
17.25 2.20105
17.26 2.21004
17.27 2.21269
17.28 2.20775
17.29 2.19233
17.3 2.1697
17.31 2.15744
17.32 2.16801
17.33 2.18583
17.34 2.18871
17.35 2.17282
17.36 2.15791
17.37 2.16678
17.38 2.19256
17.39 2.21233
17.4 2.2161
17.41 2.2075
17.42 2.19691
17.43 2.19155
17.44 2.18319
17.45 2.16508
17.46 2.14815
17.47 2.1421
17.48 2.15288
17.49 2.17789
17.5 2.19885
17.51 2.20865
17.52 2.21263
17.53 2.21497
17.54 2.21404
17.55 2.20733
17.56 2.19743
17.57 2.19337
17.58 2.20141
17.59 2.21618
17.6 2.22926
17.61 2.23755
17.62 2.24107
17.63 2.24018
17.64 2.23617
17.65 2.23224
17.66 2.23065
17.67 2.22894
17.68 2.22173
17.69 2.20455
17.7 2.17898
17.71 2.15939
17.72 2.15676
17.73 2.15993
17.74 2.15753
17.75 2.1491
17.76 2.1398
17.77 2.1401
17.78 2.15465
17.79 2.17419
17.8 2.18852
17.81 2.19335
17.82 2.18616
17.83 2.16843
17.84 2.15856
17.85 2.17397
17.86 2.19736
17.87 2.21061
17.88 2.21335
17.89 2.20908
17.9 2.19973
17.91 2.18626
17.92 2.16968
17.93 2.15317
17.94 2.14613
17.95 2.15191
17.96 2.15756
17.97 2.15634
17.98 2.15349
17.99 2.15439
18 2.15893
18.01 2.16238
18.02 2.16235
18.03 2.16207
18.04 2.16231
18.05 2.16038
18.06 2.16029
18.07 2.16973
18.08 2.18548
18.09 2.19749
18.1 2.20206
18.11 2.20055
18.12 2.19444
18.13 2.18364
18.14 2.16692
18.15 2.14451
18.16 2.12335
18.17 2.11686
18.18 2.12244
18.19 2.12374
18.2 2.12575
18.21 2.14421
18.22 2.17162
18.23 2.19249
18.24 2.20145
18.25 2.19718
18.26 2.18215
18.27 2.16484
18.28 2.15309
18.29 2.14853
18.3 2.15425
18.31 2.17211
18.32 2.19177
18.33 2.2037
18.34 2.20733
18.35 2.20543
18.36 2.20058
18.37 2.19477
18.38 2.18935
18.39 2.1845
18.4 2.17904
18.41 2.17179
18.42 2.16352
18.43 2.15618
18.44 2.14952
18.45 2.14208
18.46 2.13605
18.47 2.13638
18.48 2.14465
18.49 2.15681
18.5 2.16866
18.51 2.18025
18.52 2.19216
18.53 2.20157
18.54 2.20536
18.55 2.20312
18.56 2.19655
18.57 2.18798
18.58 2.17886
18.59 2.16941
18.6 2.15923
18.61 2.14759
18.62 2.13597
18.63 2.1299
18.64 2.13376
18.65 2.14512
18.66 2.15811
18.67 2.16776
18.68 2.17046
18.69 2.16726
18.7 2.16782
18.71 2.18081
18.72 2.20011
18.73 2.21359
18.74 2.21686
18.75 2.21368
18.76 2.21007
18.77 2.20859
18.78 2.2075
18.79 2.20416
18.8 2.19629
18.81 2.18205
18.82 2.16286
18.83 2.14864
18.84 2.15267
18.85 2.17266
18.86 2.194
18.87 2.20673
18.88 2.2082
18.89 2.20104
18.9 2.19036
18.91 2.17964
18.92 2.17132
18.93 2.17022
18.94 2.17943
18.95 2.19363
18.96 2.20426
18.97 2.20975
18.98 2.21221
18.99 2.21311
19 2.21469
19.01 2.21697
19.02 2.21714
19.03 2.21308
19.04 2.2047
19.05 2.19357
19.06 2.18291
19.07 2.17671
19.08 2.17731
19.09 2.18322
19.1 2.19027
19.11 2.19434
19.12 2.19282
19.13 2.1843
19.14 2.16793
19.15 2.14314
19.16 2.11042
19.17 2.07584
19.18 2.05602
19.19 2.06361
19.2 2.08925
19.21 2.11563
19.22 2.13283
19.23 2.13808
19.24 2.13284
19.25 2.12209
19.26 2.1127
19.27 2.10742
19.28 2.10152
19.29 2.09137
19.3 2.08197
19.31 2.07663
19.32 2.0664
19.33 2.04618
19.34 2.03638
19.35 2.05594
19.36 2.0842
19.37 2.10015
19.38 2.10411
19.39 2.10177
19.4 2.09706
19.41 2.09316
19.42 2.09317
19.43 2.0976
19.44 2.10395
19.45 2.10963
19.46 2.11336
19.47 2.11429
19.48 2.11144
19.49 2.10425
19.5 2.0924
19.51 2.07511
19.52 2.05749
19.53 2.05816
19.54 2.08488
19.55 2.1167
19.56 2.13579
19.57 2.14131
19.58 2.13859
19.59 2.1324
19.6 2.12533
19.61 2.11837
19.62 2.11223
19.63 2.10755
19.64 2.10454
19.65 2.10292
19.66 2.10143
19.67 2.0981
19.68 2.09252
19.69 2.08815
19.7 2.08879
19.71 2.09209
19.72 2.09554
19.73 2.10353
19.74 2.11628
19.75 2.12528
19.76 2.12572
19.77 2.12075
19.78 2.11552
19.79 2.11179
19.8 2.10923
19.81 2.10855
19.82 2.10963
19.83 2.11064
19.84 2.10984
19.85 2.10604
19.86 2.09922
19.87 2.09186
19.88 2.08723
19.89 2.08625
19.9 2.08817
19.91 2.09214
19.92 2.09583
19.93 2.09626
19.94 2.09204
19.95 2.08325
19.96 2.07186
19.97 2.06514
19.98 2.06877
19.99 2.06934
20 2.04418
20.01 2.02285
20.02 2.05641
20.03 2.09193
20.04 2.10513
20.05 2.11034
20.06 2.11417
20.07 2.11757
20.08 2.12065
20.09 2.12237
20.1 2.11962
20.11 2.10669
20.12 2.07702
20.13 2.04662
20.14 2.05538
20.15 2.08394
20.16 2.10041
20.17 2.10833
20.18 2.11434
20.19 2.11945
20.2 2.12243
20.21 2.12243
20.22 2.11968
20.23 2.11458
20.24 2.10758
20.25 2.10107
20.26 2.0994
20.27 2.1038
20.28 2.10958
20.29 2.11205
20.3 2.11136
20.31 2.11021
20.32 2.11245
20.33 2.12147
20.34 2.13497
20.35 2.14743
20.36 2.15691
20.37 2.16512
20.38 2.17291
20.39 2.17735
20.4 2.17303
20.41 2.15462
20.42 2.12192
20.43 2.09256
20.44 2.09465
20.45 2.12184
20.46 2.14541
20.47 2.15564
20.48 2.15539
20.49 2.14761
20.5 2.13498
20.51 2.12288
20.52 2.11671
20.53 2.11566
20.54 2.11649
20.55 2.11924
20.56 2.12517
20.57 2.13355
20.58 2.14202
20.59 2.14837
20.6 2.15148
20.61 2.15155
20.62 2.14992
20.63 2.14922
20.64 2.15255
20.65 2.16008
20.66 2.16737
20.67 2.16963
20.68 2.16563
20.69 2.1573
20.7 2.14762
20.71 2.13912
20.72 2.13422
20.73 2.13501
20.74 2.14201
20.75 2.15399
20.76 2.16798
20.77 2.18002
20.78 2.18707
20.79 2.18752
20.8 2.1802
20.81 2.1649
20.82 2.14671
20.83 2.13879
20.84 2.14938
20.85 2.16837
20.86 2.18139
20.87 2.1842
20.88 2.1781
20.89 2.1628
20.9 2.136
20.91 2.10034
20.92 2.07554
20.93 2.07937
20.94 2.09854
20.95 2.11481
20.96 2.12394
20.97 2.12927
20.98 2.13335
20.99 2.13461
21 2.13168
21.01 2.12816
21.02 2.12735
21.03 2.12683
21.04 2.1239
21.05 2.12151
21.06 2.1261
21.07 2.13809
21.08 2.14951
21.09 2.15555
21.1 2.15917
21.11 2.16358
21.12 2.16744
21.13 2.16849
21.14 2.16709
21.15 2.16602
21.16 2.16783
21.17 2.17205
21.18 2.17615
21.19 2.17875
21.2 2.18047
21.21 2.18247
21.22 2.18489
21.23 2.18654
21.24 2.18569
21.25 2.1814
21.26 2.17399
21.27 2.16404
21.28 2.1514
21.29 2.1373
21.3 2.12668
21.31 2.12432
21.32 2.13018
21.33 2.14209
21.34 2.15833
21.35 2.17607
21.36 2.19038
21.37 2.19692
21.38 2.19434
21.39 2.18355
21.4 2.16624
21.41 2.14506
21.42 2.12647
21.43 2.12065
21.44 2.13123
21.45 2.14918
21.46 2.16312
21.47 2.16842
21.48 2.1671
21.49 2.16448
21.5 2.16429
21.51 2.16508
21.52 2.16317
21.53 2.15865
21.54 2.15603
21.55 2.15876
21.56 2.16538
21.57 2.17212
21.58 2.17655
21.59 2.17802
21.6 2.17686
21.61 2.17356
21.62 2.16811
21.63 2.15956
21.64 2.14813
21.65 2.13948
21.66 2.14025
21.67 2.14641
21.68 2.14852
21.69 2.14228
21.7 2.12876
21.71 2.11322
21.72 2.10322
21.73 2.10275
21.74 2.10965
21.75 2.11978
21.76 2.13045
21.77 2.13976
21.78 2.14369
21.79 2.13921
21.8 2.1319
21.81 2.12768
21.82 2.1193
21.83 2.10701
21.84 2.10791
21.85 2.12079
21.86 2.13166
21.87 2.1371
21.88 2.13765
21.89 2.13276
21.9 2.12274
21.91 2.11113
21.92 2.1041
21.93 2.10514
21.94 2.11172
21.95 2.11901
21.96 2.12406
21.97 2.1262
21.98 2.12568
21.99 2.12221
22 2.11501
22.01 2.10482
22.02 2.09611
22.03 2.09536
22.04 2.10351
22.05 2.11414
22.06 2.12115
22.07 2.12224
22.08 2.11773
22.09 2.11074
22.1 2.10614
22.11 2.10603
22.12 2.10883
22.13 2.11322
22.14 2.11882
22.15 2.12446
22.16 2.12816
22.17 2.1283
22.18 2.12464
22.19 2.1189
22.2 2.11454
22.21 2.11497
22.22 2.1215
22.23 2.13208
22.24 2.14186
22.25 2.14578
22.26 2.14132
22.27 2.13151
22.28 2.12541
22.29 2.12776
22.3 2.1328
22.31 2.13545
22.32 2.13626
22.33 2.13548
22.34 2.13023
22.35 2.12093
22.36 2.11732
22.37 2.1251
22.38 2.13452
22.39 2.13449
22.4 2.12151
22.41 2.09921
22.42 2.07939
22.43 2.07639
22.44 2.09026
22.45 2.10641
22.46 2.11851
22.47 2.133
22.48 2.1508
22.49 2.16597
22.5 2.17591
22.51 2.18046
22.52 2.1787
22.53 2.17072
22.54 2.16221
22.55 2.16145
22.56 2.16654
22.57 2.16841
22.58 2.16413
22.59 2.15708
22.6 2.15053
22.61 2.14417
22.62 2.13597
22.63 2.12683
22.64 2.12195
22.65 2.12464
22.66 2.13145
22.67 2.13725
22.68 2.14058
22.69 2.1418
22.7 2.14018
22.71 2.13452
22.72 2.12381
22.73 2.10504
22.74 2.07986
22.75 2.06897
22.76 2.08693
22.77 2.11435
22.78 2.1242
22.79 2.10841
22.8 2.09771
22.81 2.11889
22.82 2.13606
22.83 2.13172
22.84 2.1241
22.85 2.1291
22.86 2.14356
22.87 2.15701
22.88 2.16523
22.89 2.16863
22.9 2.1673
22.91 2.16064
22.92 2.14984
22.93 2.13932
22.94 2.13357
22.95 2.13229
22.96 2.13157
22.97 2.12975
22.98 2.12934
22.99 2.13253
23 2.13824
23.01 2.14489
23.02 2.15253
23.03 2.16138
23.04 2.17056
23.05 2.17869
23.06 2.1848
23.07 2.18851
23.08 2.18965
23.09 2.18812
23.1 2.18383
23.11 2.17696
23.12 2.16847
23.13 2.16048
23.14 2.15556
23.15 2.15482
23.16 2.1567
23.17 2.15842
23.18 2.15783
23.19 2.15388
23.2 2.1456
23.21 2.13394
23.22 2.13001
23.23 2.14381
23.24 2.16229
23.25 2.17174
23.26 2.17229
23.27 2.16801
23.28 2.16131
23.29 2.15271
23.3 2.14423
23.31 2.14291
23.32 2.15236
23.33 2.164
23.34 2.1688
23.35 2.16651
23.36 2.16211
23.37 2.16082
23.38 2.1642
23.39 2.16862
23.4 2.16827
23.41 2.16027
23.42 2.14852
23.43 2.14138
23.44 2.1423
23.45 2.15037
23.46 2.16315
23.47 2.17273
23.48 2.17372
23.49 2.16888
23.5 2.16421
23.51 2.16225
23.52 2.16121
23.53 2.15932
23.54 2.15606
23.55 2.15132
23.56 2.14577
23.57 2.1406
23.58 2.13646
23.59 2.13519
23.6 2.14061
23.61 2.15104
23.62 2.15645
23.63 2.14947
23.64 2.13368
23.65 2.11942
23.66 2.11408
23.67 2.12037
23.68 2.1368
23.69 2.15755
23.7 2.17614
23.71 2.18725
23.72 2.18889
23.73 2.18382
23.74 2.17825
23.75 2.17667
23.76 2.17683
23.77 2.17298
23.78 2.16471
23.79 2.15746
23.8 2.15217
23.81 2.15144
23.82 2.16062
23.83 2.173
23.84 2.17907
23.85 2.17533
23.86 2.16575
23.87 2.15654
23.88 2.14751
23.89 2.13235
23.9 2.11061
23.91 2.0958
23.92 2.09672
23.93 2.10672
23.94 2.12296
23.95 2.14281
23.96 2.15942
23.97 2.16925
23.98 2.17236
23.99 2.17184
24 2.17276
24.01 2.17456
24.02 2.16986
24.03 2.15786
24.04 2.15045
24.05 2.15426
24.06 2.15991
24.07 2.15814
24.08 2.14573
24.09 2.13116
24.1 2.13676
24.11 2.15828
24.12 2.17372
24.13 2.18014
24.14 2.18219
24.15 2.18146
24.16 2.17711
24.17 2.16785
24.18 2.15379
24.19 2.13903
24.2 2.13112
24.21 2.13337
24.22 2.14168
24.23 2.15081
24.24 2.15698
24.25 2.15699
24.26 2.14823
24.27 2.13061
24.28 2.11236
24.29 2.10915
24.3 2.12108
24.31 2.13199
24.32 2.13855
24.33 2.15028
24.34 2.16473
24.35 2.17054
24.36 2.16598
24.37 2.15821
24.38 2.15354
24.39 2.15146
24.4 2.14966
24.41 2.14896
24.42 2.15004
24.43 2.15069
24.44 2.14813
24.45 2.14143
24.46 2.13202
24.47 2.12405
24.48 2.12401
24.49 2.13444
24.5 2.14894
24.51 2.15968
24.52 2.16431
24.53 2.16413
24.54 2.1606
24.55 2.15495
24.56 2.14997
24.57 2.14954
24.58 2.15446
24.59 2.16138
24.6 2.16732
24.61 2.17184
24.62 2.17475
24.63 2.17363
24.64 2.16374
24.65 2.14377
24.66 2.12946
24.67 2.13776
24.68 2.15391
24.69 2.16203
24.7 2.16299
24.71 2.16146
24.72 2.16075
24.73 2.1623
24.74 2.16506
24.75 2.16614
24.76 2.16371
24.77 2.16059
24.78 2.16199
24.79 2.16887
24.8 2.17875
24.81 2.19005
24.82 2.19966
24.83 2.20217
24.84 2.19375
24.85 2.17342
24.86 2.14159
24.87 2.10701
24.88 2.10169
24.89 2.12915
24.9 2.15669
24.91 2.17428
24.92 2.18331
24.93 2.18347
24.94 2.17325
24.95 2.15322
24.96 2.13118
24.97 2.12297
24.98 2.13263
24.99 2.14695
25 2.15695
25.01 2.1618
25.02 2.16208
25.03 2.157
25.04 2.14638
25.05 2.136
25.06 2.13445
25.07 2.13967
25.08 2.14328
25.09 2.14202
25.1 2.13541
25.11 2.12217
25.12 2.10398
25.13 2.09257
25.14 2.09982
25.15 2.11889
25.16 2.13557
25.17 2.14326
25.18 2.14193
25.19 2.13411
25.2 2.12186
25.21 2.1059
25.22 2.09103
25.23 2.0902
25.24 2.10755
25.25 2.12962
25.26 2.14469
25.27 2.15049
25.28 2.14872
25.29 2.14133
25.3 2.12987
25.31 2.11611
25.32 2.10314
25.33 2.09592
25.34 2.09816
25.35 2.1078
25.36 2.11868
25.37 2.12598
25.38 2.12886
25.39 2.12965
25.4 2.13046
25.41 2.13063
25.42 2.12789
25.43 2.12012
25.44 2.10574
25.45 2.08606
25.46 2.06836
25.47 2.0613
25.48 2.06581
25.49 2.07804
25.5 2.09387
25.51 2.10738
25.52 2.11349
25.53 2.11058
25.54 2.09983
25.55 2.08388
25.56 2.06604
25.57 2.05496
25.58 2.06144
25.59 2.0792
25.6 2.09467
25.61 2.10404
25.62 2.10828
25.63 2.10807
25.64 2.10348
25.65 2.09458
25.66 2.08215
25.67 2.06847
25.68 2.05766
25.69 2.05396
25.7 2.0588
25.71 2.07014
25.72 2.08363
25.73 2.09499
25.74 2.10162
25.75 2.1026
25.76 2.09865
25.77 2.09214
25.78 2.08525
25.79 2.07775
25.8 2.0695
25.81 2.06451
25.82 2.06732
25.83 2.07667
25.84 2.08746
25.85 2.09574
25.86 2.09978
25.87 2.09939
25.88 2.0955
25.89 2.0898
25.9 2.08353
25.91 2.07505
25.92 2.06273
25.93 2.05838
25.94 2.07591
25.95 2.10031
25.96 2.11525
25.97 2.12144
25.98 2.12348
25.99 2.12333
26 2.12053
26.01 2.11499
26.02 2.10918
26.03 2.1053
26.04 2.10166
26.05 2.09571
26.06 2.08881
26.07 2.08711
26.08 2.09437
26.09 2.10545
26.1 2.11341
26.11 2.11648
26.12 2.11688
26.13 2.11763
26.14 2.1194
26.15 2.12001
26.16 2.11888
26.17 2.11965
26.18 2.12498
26.19 2.13218
26.2 2.13726
26.21 2.13878
26.22 2.13729
26.23 2.13423
26.24 2.13064
26.25 2.12495
26.26 2.11383
26.27 2.10094
26.28 2.09805
26.29 2.10501
26.3 2.1124
26.31 2.11902
26.32 2.12729
26.33 2.13611
26.34 2.14071
26.35 2.13755
26.36 2.12912
26.37 2.12297
26.38 2.124
26.39 2.12895
26.4 2.13283
26.41 2.13744
26.42 2.14787
26.43 2.16244
26.44 2.1749
26.45 2.18282
26.46 2.18697
26.47 2.18655
26.48 2.17735
26.49 2.1568
26.5 2.13487
26.51 2.13049
26.52 2.14605
26.53 2.16639
26.54 2.17986
26.55 2.18412
26.56 2.18145
26.57 2.17594
26.58 2.17321
26.59 2.17739
26.6 2.18644
26.61 2.19407
26.62 2.19542
26.63 2.18846
26.64 2.17378
26.65 2.1556
26.66 2.14038
26.67 2.13136
26.68 2.12945
26.69 2.13533
26.7 2.14561
26.71 2.1549
26.72 2.16019
26.73 2.16093
26.74 2.15795
26.75 2.15316
26.76 2.14889
26.77 2.14689
26.78 2.14753
26.79 2.14939
26.8 2.14967
26.81 2.14576
26.82 2.13749
26.83 2.12884
26.84 2.12551
26.85 2.12849
26.86 2.13332
26.87 2.13615
26.88 2.1369
26.89 2.13757
26.9 2.13975
26.91 2.14299
26.92 2.14491
26.93 2.14242
26.94 2.13372
26.95 2.12141
26.96 2.11315
26.97 2.11253
26.98 2.11327
26.99 2.10926
27 2.10203
27.01 2.09691
27.02 2.09592
27.03 2.09891
27.04 2.10704
27.05 2.11903
27.06 2.13004
27.07 2.13618
27.08 2.1365
27.09 2.13206
27.1 2.12441
27.11 2.11383
27.12 2.09801
27.13 2.07639
27.14 2.0622
27.15 2.06998
27.16 2.08829
27.17 2.10254
27.18 2.10994
27.19 2.11034
27.2 2.10323
27.21 2.09051
27.22 2.08084
27.23 2.08447
27.24 2.09975
27.25 2.11647
27.26 2.12787
27.27 2.13207
27.28 2.12971
27.29 2.12332
27.3 2.11712
27.31 2.11434
27.32 2.11455
27.33 2.11541
27.34 2.11604
27.35 2.11725
27.36 2.1198
27.37 2.1233
27.38 2.12688
27.39 2.1305
27.4 2.13469
27.41 2.13907
27.42 2.14156
27.43 2.13941
27.44 2.13092
27.45 2.11696
27.46 2.10114
27.47 2.08763
27.48 2.07955
27.49 2.07752
27.5 2.0786
27.51 2.08095
27.52 2.08806
27.53 2.10097
27.54 2.11389
27.55 2.12237
27.56 2.12691
27.57 2.12817
27.58 2.12401
27.59 2.11678
27.6 2.1205
27.61 2.13652
27.62 2.14899
27.63 2.15171
27.64 2.14619
27.65 2.13394
27.66 2.11755
27.67 2.10274
27.68 2.09464
27.69 2.09111
27.7 2.08618
27.71 2.081
27.72 2.08501
27.73 2.09957
27.74 2.11354
27.75 2.11997
27.76 2.11988
27.77 2.11632
27.78 2.11137
27.79 2.10663
27.8 2.10466
27.81 2.10752
27.82 2.1137
27.83 2.11951
27.84 2.12255
27.85 2.12214
27.86 2.1188
27.87 2.11497
27.88 2.11438
27.89 2.11755
27.9 2.12038
27.91 2.1197
27.92 2.11659
27.93 2.11335
27.94 2.10991
27.95 2.10532
27.96 2.10057
27.97 2.09777
27.98 2.09825
27.99 2.10284
28 2.11233
28.01 2.12628
28.02 2.14232
28.03 2.1571
28.04 2.1674
28.05 2.16956
28.06 2.15919
28.07 2.13651
28.08 2.11532
28.09 2.10513
28.1 2.09778
28.11 2.0927
28.12 2.09616
28.13 2.10403
28.14 2.10614
28.15 2.10062
28.16 2.09203
28.17 2.08342
28.18 2.0806
28.19 2.09909
28.2 2.13333
28.21 2.16089
28.22 2.17651
28.23 2.18453
28.24 2.18828
28.25 2.18911
28.26 2.18765
28.27 2.18463
28.28 2.181
28.29 2.17714
28.3 2.17209
28.31 2.16407
28.32 2.1531
28.33 2.14446
28.34 2.14597
28.35 2.15693
28.36 2.16888
28.37 2.17624
28.38 2.17815
28.39 2.17534
28.4 2.16803
28.41 2.15533
28.42 2.13712
28.43 2.1165
28.44 2.0974
28.45 2.08293
28.46 2.08089
28.47 2.09863
28.48 2.12614
28.49 2.1425
28.5 2.13719
28.51 2.11688
28.52 2.10055
28.53 2.09978
28.54 2.10637
28.55 2.11361
28.56 2.12716
28.57 2.14252
28.58 2.1447
28.59 2.12722
28.6 2.0982
28.61 2.07827
28.62 2.08405
28.63 2.11156
28.64 2.13764
28.65 2.14731
28.66 2.14394
28.67 2.13617
28.68 2.12863
28.69 2.12118
28.7 2.11321
28.71 2.10821
28.72 2.11137
28.73 2.1226
28.74 2.13643
28.75 2.14749
28.76 2.15315
28.77 2.15298
28.78 2.14768
28.79 2.13873
28.8 2.12825
28.81 2.11807
28.82 2.10885
28.83 2.1006
28.84 2.0941
28.85 2.0912
28.86 2.09339
28.87 2.09974
28.88 2.10664
28.89 2.10995
28.9 2.10699
28.91 2.09737
28.92 2.0835
28.93 2.07115
28.94 2.06772
28.95 2.07602
28.96 2.0905
28.97 2.10237
28.98 2.10546
28.99 2.09641
29 2.0756
29.01 2.05586
29.02 2.05499
29.03 2.06577
29.04 2.07277
29.05 2.07588
29.06 2.08011
29.07 2.08566
29.08 2.08854
29.09 2.08612
29.1 2.08
29.11 2.07527
29.12 2.07672
29.13 2.08459
29.14 2.09394
29.15 2.09734
29.16 2.08924
29.17 2.07475
29.18 2.06845
29.19 2.06931
29.2 2.06765
29.21 2.06544
29.22 2.06586
29.23 2.0667
29.24 2.06997
29.25 2.08592
29.26 2.11028
29.27 2.12837
29.28 2.1358
29.29 2.13537
29.3 2.13021
29.31 2.12182
29.32 2.11011
29.33 2.09432
29.34 2.075
29.35 2.05552
29.36 2.0407
29.37 2.03634
29.38 2.04517
29.39 2.05912
29.4 2.07062
29.41 2.08264
29.42 2.09833
29.43 2.11462
29.44 2.12666
29.45 2.13213
29.46 2.13149
29.47 2.12649
29.48 2.11922
29.49 2.11217
29.5 2.10788
29.51 2.10734
29.52 2.10846
29.53 2.10651
29.54 2.09659
29.55 2.079
29.56 2.06376
29.57 2.05937
29.58 2.06071
29.59 2.05887
29.6 2.05094
29.61 2.04083
29.62 2.03429
29.63 2.03446
29.64 2.04169
29.65 2.05359
29.66 2.0661
29.67 2.07614
29.68 2.083
29.69 2.08755
29.7 2.09083
29.71 2.09324
29.72 2.0947
29.73 2.09512
29.74 2.09464
29.75 2.09371
29.76 2.09293
29.77 2.09251
29.78 2.09129
29.79 2.08557
29.8 2.06779
29.81 2.02829
29.82 1.98143
29.83 1.98313
29.84 2.0238
29.85 2.0563
29.86 2.07693
29.87 2.09207
29.88 2.1031
29.89 2.10942
29.9 2.11172
29.91 2.11194
29.92 2.11031
29.93 2.10413
29.94 2.09248
29.95 2.08239
29.96 2.08202
29.97 2.08697
29.98 2.08862
29.99 2.08588
30 2.08174
30.01 2.08127
30.02 2.08816
30.03 2.09703
30.04 2.10046
30.05 2.10045
30.06 2.10442
30.07 2.11481
30.08 2.12736
30.09 2.13799
30.1 2.14597
30.11 2.15168
30.12 2.15534
30.13 2.15691
30.14 2.15628
30.15 2.15394
30.16 2.15182
30.17 2.15237
30.18 2.15545
30.19 2.15777
30.2 2.15592
30.21 2.14796
30.22 2.13148
30.23 2.1044
30.24 2.08328
30.25 2.09398
30.26 2.11053
30.27 2.11136
30.28 2.12045
30.29 2.14763
30.3 2.1758
30.31 2.19424
30.32 2.19887
30.33 2.18617
30.34 2.1599
30.35 2.13894
30.36 2.13741
30.37 2.14766
30.38 2.1593
30.39 2.1663
30.4 2.1652
30.41 2.15712
30.42 2.14719
30.43 2.14248
30.44 2.14887
30.45 2.16612
30.46 2.188
30.47 2.20707
30.48 2.21754
30.49 2.21594
30.5 2.20196
30.51 2.18596
30.52 2.1868
30.53 2.1966
30.54 2.1959
30.55 2.18593
30.56 2.17462
30.57 2.16908
30.58 2.17489
30.59 2.18815
30.6 2.20005
30.61 2.20637
30.62 2.20711
30.63 2.2038
30.64 2.19854
30.65 2.19328
30.66 2.18883
30.67 2.18447
30.68 2.17947
30.69 2.17586
30.7 2.17822
30.71 2.18694
30.72 2.19619
30.73 2.20092
30.74 2.19961
30.75 2.19228
30.76 2.18039
30.77 2.16828
30.78 2.16031
30.79 2.15628
30.8 2.15491
30.81 2.15734
30.82 2.1639
30.83 2.17188
30.84 2.17908
30.85 2.18674
30.86 2.19663
30.87 2.2073
30.88 2.21504
30.89 2.21781
30.9 2.21713
30.91 2.21719
30.92 2.22125
30.93 2.22853
30.94 2.23613
30.95 2.24229
30.96 2.24657
30.97 2.24866
30.98 2.24782
30.99 2.24308
31 2.23368
31.01 2.21947
31.02 2.2015
31.03 2.18218
31.04 2.16307
31.05 2.14324
31.06 2.12401
31.07 2.11162
31.08 2.10895
31.09 2.1017
31.1 2.09238
31.11 2.11821
31.12 2.16795
31.13 2.20383
31.14 2.22001
31.15 2.22492
31.16 2.22702
31.17 2.2297
31.18 2.22899
31.19 2.21504
31.2 2.18634
31.21 2.17292
31.22 2.1848
31.23 2.18968
31.24 2.17931
31.25 2.17038
31.26 2.17209
31.27 2.17241
31.28 2.16365
31.29 2.14739
31.3 2.12994
31.31 2.1241
31.32 2.13722
31.33 2.16096
31.34 2.18186
31.35 2.19337
31.36 2.19621
31.37 2.19317
31.38 2.18717
31.39 2.18166
31.4 2.17907
31.41 2.17887
31.42 2.1786
31.43 2.17595
31.44 2.16991
31.45 2.16134
31.46 2.15326
31.47 2.14821
31.48 2.14405
31.49 2.13543
31.5 2.12024
31.51 2.10407
31.52 2.09684
31.53 2.10228
31.54 2.11498
31.55 2.1278
31.56 2.13685
31.57 2.14176
31.58 2.14399
31.59 2.14506
31.6 2.14552
31.61 2.1438
31.62 2.13451
31.63 2.10896
31.64 2.07788
31.65 2.08381
31.66 2.11487
31.67 2.13497
31.68 2.14519
31.69 2.15313
31.7 2.16023
31.71 2.16293
31.72 2.15768
31.73 2.14919
31.74 2.1468
31.75 2.14855
31.76 2.14869
31.77 2.14888
31.78 2.1523
31.79 2.159
31.8 2.16627
31.81 2.17139
31.82 2.17361
31.83 2.17333
31.84 2.16902
31.85 2.15631
31.86 2.13371
31.87 2.11437
31.88 2.11604
31.89 2.12882
31.9 2.13507
31.91 2.13308
31.92 2.12787
31.93 2.12201
31.94 2.11294
31.95 2.11353
31.96 2.14418
31.97 2.1843
31.98 2.20854
31.99 2.21727
32 2.21696
32.01 2.21095
32.02 2.20108
32.03 2.19075
32.04 2.18312
32.05 2.17492
32.06 2.16285
32.07 2.15735
32.08 2.16783
32.09 2.18364
32.1 2.19309
32.11 2.19465
32.12 2.19055
32.13 2.18324
32.14 2.17517
32.15 2.16929
32.16 2.16798
32.17 2.1712
32.18 2.17665
32.19 2.18166
32.2 2.1842
32.21 2.18326
32.22 2.17965
32.23 2.17629
32.24 2.17588
32.25 2.17871
32.26 2.18348
32.27 2.18903
32.28 2.19428
32.29 2.19729
32.3 2.19506
32.31 2.18639
32.32 2.17591
32.33 2.16874
32.34 2.15995
32.35 2.14224
32.36 2.12245
32.37 2.12156
32.38 2.14761
32.39 2.18321
32.4 2.21125
32.41 2.22766
32.42 2.23487
32.43 2.23629
32.44 2.23446
32.45 2.23067
32.46 2.22522
32.47 2.21855
32.48 2.21195
32.49 2.20537
32.5 2.19276
32.51 2.16851
32.52 2.15662
32.53 2.18033
32.54 2.20728
32.55 2.21611
32.56 2.20952
32.57 2.19168
32.58 2.16731
32.59 2.14345
32.6 2.1268
32.61 2.122
32.62 2.13104
32.63 2.15028
32.64 2.17185
32.65 2.18934
32.66 2.20051
32.67 2.2063
32.68 2.2085
32.69 2.20776
32.7 2.20252
32.71 2.18899
32.72 2.16273
32.73 2.12576
32.74 2.0996
32.75 2.10698
32.76 2.13058
32.77 2.14565
32.78 2.15129
32.79 2.15385
32.8 2.1551
32.81 2.15168
32.82 2.14004
32.83 2.12297
32.84 2.10565
32.85 2.08909
32.86 2.0878
32.87 2.10216
32.88 2.10818
32.89 2.1071
32.9 2.10885
32.91 2.10927
32.92 2.10332
32.93 2.1041
32.94 2.11925
32.95 2.1336
32.96 2.14053
32.97 2.14241
32.98 2.13911
32.99 2.1289
33 2.11692
33.01 2.11663
33.02 2.12648
33.03 2.13251
33.04 2.12991
33.05 2.1201
33.06 2.10336
33.07 2.08576
33.08 2.08544
33.09 2.10561
33.1 2.12533
33.11 2.1332
33.12 2.13495
33.13 2.13812
33.14 2.14293
33.15 2.14527
33.16 2.14204
33.17 2.13325
33.18 2.12298
33.19 2.11828
33.2 2.12276
33.21 2.13211
33.22 2.13993
33.23 2.14436
33.24 2.14758
33.25 2.15183
33.26 2.15711
33.27 2.16228
33.28 2.16675
33.29 2.17007
33.3 2.17161
33.31 2.17123
33.32 2.16959
33.33 2.16733
33.34 2.16416
33.35 2.15943
33.36 2.1532
33.37 2.1467
33.38 2.1419
33.39 2.1404
33.4 2.14218
33.41 2.14523
33.42 2.14697
33.43 2.14623
33.44 2.14431
33.45 2.14413
33.46 2.14717
33.47 2.1508
33.48 2.15148
33.49 2.15094
33.5 2.15328
33.51 2.15569
33.52 2.15068
33.53 2.13689
33.54 2.12534
33.55 2.12631
33.56 2.13241
33.57 2.13409
33.58 2.13152
33.59 2.12792
33.6 2.12418
33.61 2.11917
33.62 2.11269
33.63 2.10596
33.64 2.10149
33.65 2.10241
33.66 2.10896
33.67 2.11742
33.68 2.12221
33.69 2.1185
33.7 2.10749
33.71 2.10123
33.72 2.11017
33.73 2.12608
33.74 2.13436
33.75 2.12988
33.76 2.11674
33.77 2.10523
33.78 2.10275
33.79 2.10457
33.8 2.10202
33.81 2.09263
33.82 2.0827
33.83 2.08437
33.84 2.09901
33.85 2.11367
33.86 2.11953
33.87 2.11591
33.88 2.10675
33.89 2.10103
33.9 2.10708
33.91 2.12106
33.92 2.13178
33.93 2.1336
33.94 2.12742
33.95 2.11698
33.96 2.10663
33.97 2.09907
33.98 2.09291
33.99 2.08542
34 2.07992
34.01 2.08175
34.02 2.08856
34.03 2.0959
34.04 2.10286
34.05 2.10941
34.06 2.1145
34.07 2.1165
34.08 2.11528
34.09 2.11364
34.1 2.11448
34.11 2.11604
34.12 2.11392
34.13 2.10672
34.14 2.09664
34.15 2.08713
34.16 2.08269
34.17 2.08749
34.18 2.09987
34.19 2.1131
34.2 2.1216
34.21 2.12316
34.22 2.11812
34.23 2.10988
34.24 2.10435
34.25 2.10476
34.26 2.10874
34.27 2.1131
34.28 2.11728
34.29 2.12192
34.3 2.12727
34.31 2.1329
34.32 2.13803
34.33 2.14176
34.34 2.1433
34.35 2.14219
34.36 2.13855
34.37 2.1332
34.38 2.12741
34.39 2.1225
34.4 2.11949
34.41 2.11875
34.42 2.11959
34.43 2.12039
34.44 2.11886
34.45 2.11359
34.46 2.11023
34.47 2.11714
34.48 2.12686
34.49 2.12723
34.5 2.11888
34.51 2.10751
34.52 2.09556
34.53 2.08572
34.54 2.08322
34.55 2.08944
34.56 2.09975
34.57 2.10861
34.58 2.11342
34.59 2.11382
34.6 2.11063
34.61 2.10576
34.62 2.10131
34.63 2.10025
34.64 2.10604
34.65 2.11714
34.66 2.12693
34.67 2.13026
34.68 2.12618
34.69 2.11792
34.7 2.11207
34.71 2.11319
34.72 2.11948
34.73 2.12682
34.74 2.13293
34.75 2.13704
34.76 2.13868
34.77 2.13741
34.78 2.13279
34.79 2.1239
34.8 2.10866
34.81 2.08625
34.82 2.06636
34.83 2.06349
34.84 2.06939
34.85 2.07131
34.86 2.07433
34.87 2.08587
34.88 2.1047
34.89 2.12469
34.9 2.14105
34.91 2.15233
34.92 2.15896
34.93 2.16105
34.94 2.15765
34.95 2.14789
34.96 2.13271
34.97 2.11582
34.98 2.10236
34.99 2.09565
35 2.09496
35.01 2.09652
35.02 2.09642
35.03 2.09464
35.04 2.09538
35.05 2.1014
35.06 2.11049
35.07 2.11888
35.08 2.12545
35.09 2.13134
35.1 2.13676
35.11 2.1403
35.12 2.14083
35.13 2.1382
35.14 2.13342
35.15 2.12899
35.16 2.12785
35.17 2.13063
35.18 2.13478
35.19 2.13705
35.2 2.13519
35.21 2.12816
35.22 2.11773
35.23 2.11081
35.24 2.11355
35.25 2.12086
35.26 2.12111
35.27 2.10708
35.28 2.08248
35.29 2.06662
35.3 2.07212
35.31 2.0846
35.32 2.09165
35.33 2.09376
35.34 2.09334
35.35 2.09184
35.36 2.0942
35.37 2.10661
35.38 2.12556
35.39 2.14112
35.4 2.14682
35.41 2.1414
35.42 2.12928
35.43 2.11921
35.44 2.11813
35.45 2.12663
35.46 2.13709
35.47 2.13794
35.48 2.12251
35.49 2.09241
35.5 2.06048
35.51 2.04862
35.52 2.06684
35.53 2.1018
35.54 2.13575
35.55 2.16016
35.56 2.17302
35.57 2.17453
35.58 2.16563
35.59 2.14766
35.6 2.12258
35.61 2.0938
35.62 2.06825
35.63 2.0564
35.64 2.06388
35.65 2.08549
35.66 2.11141
35.67 2.13337
35.68 2.14718
35.69 2.15301
35.7 2.15284
35.71 2.14806
35.72 2.13929
35.73 2.12897
35.74 2.12393
35.75 2.12912
35.76 2.13993
35.77 2.14909
35.78 2.15411
35.79 2.15549
35.8 2.15413
35.81 2.15033
35.82 2.14294
35.83 2.12889
35.84 2.10606
35.85 2.08413
35.86 2.08334
35.87 2.09987
35.88 2.11111
35.89 2.10911
35.9 2.09949
35.91 2.09061
35.92 2.08523
35.93 2.09128
35.94 2.1136
35.95 2.13029
35.96 2.12994
35.97 2.12019
35.98 2.1077
35.99 2.09349
36 2.08361
36.01 2.09041
36.02 2.11129
36.03 2.13043
36.04 2.14178
36.05 2.15028
36.06 2.15769
36.07 2.1604
36.08 2.15805
36.09 2.15461
36.1 2.15315
36.11 2.15245
36.12 2.14822
36.13 2.13857
36.14 2.12795
36.15 2.12224
36.16 2.12518
36.17 2.13772
36.18 2.15089
36.19 2.15687
36.2 2.15939
36.21 2.16264
36.22 2.16533
36.23 2.16492
36.24 2.16056
36.25 2.15302
36.26 2.14401
36.27 2.13523
36.28 2.12906
36.29 2.12875
36.3 2.13576
36.31 2.14733
36.32 2.15812
36.33 2.16382
36.34 2.16261
36.35 2.1558
36.36 2.14839
36.37 2.1455
36.38 2.14389
36.39 2.13148
36.4 2.10373
36.41 2.08548
36.42 2.09639
36.43 2.11455
36.44 2.12625
36.45 2.13386
36.46 2.13967
36.47 2.14391
36.48 2.14633
36.49 2.14766
36.5 2.15009
36.51 2.15569
36.52 2.1644
36.53 2.17436
36.54 2.18392
36.55 2.19237
36.56 2.19942
36.57 2.20469
36.58 2.20763
36.59 2.20715
36.6 2.20137
36.61 2.18788
36.62 2.16545
36.63 2.13725
36.64 2.11366
36.65 2.10771
36.66 2.12108
36.67 2.1408
36.68 2.15398
36.69 2.15657
36.7 2.15207
36.71 2.14857
36.72 2.14959
36.73 2.15046
36.74 2.14775
36.75 2.14523
36.76 2.14811
36.77 2.1535
36.78 2.15775
36.79 2.16379
36.8 2.17441
36.81 2.18662
36.82 2.19489
36.83 2.19817
36.84 2.19903
36.85 2.19868
36.86 2.19575
36.87 2.18732
36.88 2.17136
36.89 2.15376
36.9 2.14909
36.91 2.15602
36.92 2.15757
36.93 2.15031
36.94 2.14282
36.95 2.14134
36.96 2.14606
36.97 2.15482
36.98 2.16598
36.99 2.17856
37 2.18989
37.01 2.19614
37.02 2.19579
37.03 2.19064
37.04 2.1836
37.05 2.17627
37.06 2.16904
37.07 2.16314
37.08 2.16174
37.09 2.16668
37.1 2.17453
37.11 2.17926
37.12 2.17771
37.13 2.17139
37.14 2.1638
37.15 2.15589
37.16 2.14561
37.17 2.13359
37.18 2.12567
37.19 2.12411
37.2 2.12391
37.21 2.12289
37.22 2.1234
37.23 2.12734
37.24 2.13409
37.25 2.13978
37.26 2.14089
37.27 2.13729
37.28 2.12971
37.29 2.12062
37.3 2.11803
37.31 2.12534
37.32 2.13495
37.33 2.14154
37.34 2.14593
37.35 2.14969
37.36 2.15318
37.37 2.1561
37.38 2.158
37.39 2.15833
37.4 2.15635
37.41 2.15125
37.42 2.14268
37.43 2.1312
37.44 2.11724
37.45 2.09925
37.46 2.07575
37.47 2.05154
37.48 2.03806
37.49 2.04391
37.5 2.06334
37.51 2.07511
37.52 2.06967
37.53 2.07222
37.54 2.0937
37.55 2.108
37.56 2.10979
37.57 2.11583
37.58 2.13071
37.59 2.14558
37.6 2.15414
37.61 2.15516
37.62 2.1494
37.63 2.13984
37.64 2.13217
37.65 2.12987
37.66 2.13085
37.67 2.13282
37.68 2.13551
37.69 2.13803
37.7 2.13845
37.71 2.13544
37.72 2.12957
37.73 2.12407
37.74 2.12365
37.75 2.13023
37.76 2.13984
37.77 2.14659
37.78 2.14826
37.79 2.14642
37.8 2.14446
37.81 2.14606
37.82 2.14973
37.83 2.14946
37.84 2.14301
37.85 2.13174
37.86 2.11784
37.87 2.10791
37.88 2.11313
37.89 2.13642
37.9 2.16463
37.91 2.18363
37.92 2.18965
37.93 2.18626
37.94 2.18005
37.95 2.17618
37.96 2.17524
37.97 2.1752
37.98 2.17426
37.99 2.17215
38 2.1705
38.01 2.17063
38.02 2.17255
38.03 2.17698
38.04 2.184
38.05 2.19093
38.06 2.19453
38.07 2.19298
38.08 2.18608
38.09 2.17581
38.1 2.1664
38.11 2.16108
38.12 2.15919
38.13 2.15931
38.14 2.16143
38.15 2.16481
38.16 2.16787
38.17 2.16981
38.18 2.17084
38.19 2.17136
38.2 2.17175
38.21 2.17246
38.22 2.17406
38.23 2.17692
38.24 2.18073
38.25 2.1847
38.26 2.18796
38.27 2.18996
38.28 2.19049
38.29 2.18949
38.3 2.18628
38.31 2.17726
38.32 2.15402
38.33 2.11806
38.34 2.10593
38.35 2.12672
38.36 2.14941
38.37 2.1652
38.38 2.17505
38.39 2.18173
38.4 2.18815
38.41 2.19531
38.42 2.20234
38.43 2.2074
38.44 2.20838
38.45 2.20349
38.46 2.19219
38.47 2.17628
38.48 2.16008
38.49 2.14785
38.5 2.14131
38.51 2.14215
38.52 2.15266
38.53 2.16747
38.54 2.17435
38.55 2.16869
38.56 2.16134
38.57 2.17072
38.58 2.19704
38.59 2.22137
38.6 2.23443
38.61 2.23854
38.62 2.23725
38.63 2.23223
38.64 2.22418
38.65 2.21467
38.66 2.20696
38.67 2.20388
38.68 2.2043
38.69 2.2044
38.7 2.20234
38.71 2.20004
38.72 2.19954
38.73 2.19943
38.74 2.19669
38.75 2.18962
38.76 2.17736
38.77 2.1606
38.78 2.14919
38.79 2.15873
38.8 2.18471
38.81 2.21158
38.82 2.23243
38.83 2.24544
38.84 2.25198
38.85 2.25509
38.86 2.25627
38.87 2.25319
38.88 2.24073
38.89 2.21784
38.9 2.19696
38.91 2.19476
38.92 2.21282
38.93 2.23772
38.94 2.2567
38.95 2.26717
38.96 2.27023
38.97 2.26566
38.98 2.25163
38.99 2.2273
39 2.1975
39.01 2.17415
39.02 2.16872
39.03 2.18097
39.04 2.19878
39.05 2.21295
39.06 2.22295
39.07 2.23043
39.08 2.23409
39.09 2.22986
39.1 2.21509
39.11 2.19619
39.12 2.18951
39.13 2.19954
39.14 2.21262
39.15 2.21813
39.16 2.21514
39.17 2.20885
39.18 2.20598
39.19 2.20833
39.2 2.21106
39.21 2.20929
39.22 2.20444
39.23 2.20145
39.24 2.20112
39.25 2.20087
39.26 2.19916
39.27 2.19387
39.28 2.18189
39.29 2.16682
39.3 2.16101
39.31 2.16877
39.32 2.18047
39.33 2.18823
39.34 2.19183
39.35 2.19416
39.36 2.19684
39.37 2.19899
39.38 2.19808
39.39 2.19186
39.4 2.1807
39.41 2.1692
39.42 2.16275
39.43 2.16258
39.44 2.16715
39.45 2.17406
39.46 2.179
39.47 2.17799
39.48 2.17067
39.49 2.16018
39.5 2.15113
39.51 2.14626
39.52 2.14458
39.53 2.14352
39.54 2.1418
39.55 2.13969
39.56 2.13756
39.57 2.13524
39.58 2.13228
39.59 2.12855
39.6 2.1247
39.61 2.12227
39.62 2.1228
39.63 2.12616
39.64 2.13018
39.65 2.13206
39.66 2.13034
39.67 2.12612
39.68 2.12247
39.69 2.12026
39.7 2.11519
39.71 2.10403
39.72 2.09736
39.73 2.10808
39.74 2.12527
39.75 2.13493
39.76 2.13626
39.77 2.13208
39.78 2.12405
39.79 2.11379
39.8 2.10401
39.81 2.09847
39.82 2.10009
39.83 2.10802
39.84 2.11817
39.85 2.1264
39.86 2.12975
39.87 2.12719
39.88 2.11988
39.89 2.1091
39.9 2.09414
39.91 2.07603
39.92 2.08376
39.93 2.1289
39.94 2.16571
39.95 2.17948
39.96 2.18038
39.97 2.17752
39.98 2.17569
39.99 2.17492
40 2.17317
40.01 2.16967
40.02 2.16544
40.03 2.16209
40.04 2.1609
40.05 2.16099
40.06 2.15826
40.07 2.14953
40.08 2.13907
40.09 2.13501
40.1 2.13786
40.11 2.14349
40.12 2.15363
40.13 2.16926
40.14 2.18182
40.15 2.18263
40.16 2.17019
40.17 2.15172
40.18 2.14063
40.19 2.13946
40.2 2.14389
40.21 2.15531
40.22 2.16696
40.23 2.16938
40.24 2.16118
40.25 2.14526
40.26 2.12743
40.27 2.1176
40.28 2.11949
40.29 2.12179
40.3 2.1135
40.31 2.09795
40.32 2.08546
40.33 2.07984
40.34 2.08232
40.35 2.09675
40.36 2.11814
40.37 2.13528
40.38 2.14382
40.39 2.14584
40.4 2.14477
40.41 2.14263
40.42 2.13956
40.43 2.13516
40.44 2.12929
40.45 2.12093
40.46 2.10946
40.47 2.10023
40.48 2.09926
40.49 2.10165
40.5 2.10178
40.51 2.10183
40.52 2.10601
40.53 2.11403
40.54 2.1187
40.55 2.11295
40.56 2.09955
40.57 2.09061
40.58 2.09183
40.59 2.09695
40.6 2.10198
40.61 2.10671
40.62 2.10973
40.63 2.11139
40.64 2.11448
40.65 2.11871
40.66 2.11906
40.67 2.11227
40.68 2.10164
40.69 2.092
40.7 2.08388
40.71 2.0783
40.72 2.07992
40.73 2.09005
40.74 2.10269
40.75 2.11038
40.76 2.11157
40.77 2.11092
40.78 2.11029
40.79 2.10542
40.8 2.095
40.81 2.08484
40.82 2.08489
40.83 2.09639
40.84 2.10158
40.85 2.0871
40.86 2.07362
40.87 2.09382
40.88 2.12879
40.89 2.1485
40.9 2.1533
40.91 2.14851
40.92 2.13458
40.93 2.11272
40.94 2.09399
40.95 2.09357
40.96 2.10815
40.97 2.12292
40.98 2.13002
40.99 2.12831
41 2.11947
41.01 2.1062
41.02 2.09144
41.03 2.0799
41.04 2.0769
41.05 2.08261
41.06 2.09423
41.07 2.11047
41.08 2.12874
41.09 2.14477
41.1 2.15572
41.11 2.16076
41.12 2.16021
41.13 2.15539
41.14 2.14876
41.15 2.14332
41.16 2.14095
41.17 2.14056
41.18 2.1384
41.19 2.13107
41.2 2.11919
41.21 2.10739
41.22 2.09545
41.23 2.07083
41.24 2.04253
41.25 2.06208
41.26 2.10633
41.27 2.12897
41.28 2.13416
41.29 2.13673
41.3 2.14355
41.31 2.15148
41.32 2.15627
41.33 2.15742
41.34 2.1562
41.35 2.15413
41.36 2.15274
41.37 2.15333
41.38 2.15635
41.39 2.16142
41.4 2.1675
41.41 2.17238
41.42 2.17199
41.43 2.16032
41.44 2.13221
41.45 2.09582
41.46 2.07299
41.47 2.06823
41.48 2.07574
41.49 2.09465
41.5 2.11485
41.51 2.12633
41.52 2.13116
41.53 2.13495
41.54 2.1396
41.55 2.14459
41.56 2.14989
41.57 2.15616
41.58 2.16361
41.59 2.17134
41.6 2.17743
41.61 2.17939
41.62 2.17451
41.63 2.1609
41.64 2.1404
41.65 2.12166
41.66 2.1151
41.67 2.12095
41.68 2.12991
41.69 2.13399
41.7 2.12972
41.71 2.11784
41.72 2.10724
41.73 2.11139
41.74 2.13058
41.75 2.1496
41.76 2.15405
41.77 2.1376
41.78 2.1136
41.79 2.11274
41.8 2.12989
41.81 2.14254
41.82 2.14777
41.83 2.14535
41.84 2.13225
41.85 2.11292
41.86 2.10649
41.87 2.12156
41.88 2.13672
41.89 2.1345
41.9 2.11897
41.91 2.10234
41.92 2.09267
41.93 2.09117
41.94 2.09572
41.95 2.10279
41.96 2.1096
41.97 2.11607
41.98 2.12214
41.99 2.12565
42 2.12493
42.01 2.1209
42.02 2.11625
42.03 2.11426
42.04 2.11726
42.05 2.12383
42.06 2.12849
42.07 2.1257
42.08 2.11392
42.09 2.09773
42.1 2.08216
42.11 2.06207
42.12 2.0364
42.13 2.02809
42.14 2.04715
42.15 2.06813
42.16 2.077
42.17 2.08027
42.18 2.08513
42.19 2.0919
42.2 2.09568
42.21 2.09405
42.22 2.09085
42.23 2.08901
42.24 2.08723
42.25 2.08644
42.26 2.08983
42.27 2.09604
42.28 2.09963
42.29 2.09748
42.3 2.09078
42.31 2.08399
42.32 2.08251
42.33 2.0885
42.34 2.0995
42.35 2.11153
42.36 2.12156
42.37 2.12811
42.38 2.13086
42.39 2.13031
42.4 2.12756
42.41 2.12418
42.42 2.12184
42.43 2.12163
42.44 2.1235
42.45 2.12654
42.46 2.12954
42.47 2.13164
42.48 2.13252
42.49 2.13251
42.5 2.1325
42.51 2.13323
42.52 2.13389
42.53 2.13202
42.54 2.12644
42.55 2.12019
42.56 2.11595
42.57 2.10991
42.58 2.09894
42.59 2.08796
42.6 2.08405
42.61 2.09116
42.62 2.10851
42.63 2.12922
42.64 2.14613
42.65 2.15664
42.66 2.16132
42.67 2.1621
42.68 2.1615
42.69 2.16185
42.7 2.16376
42.71 2.16571
42.72 2.16655
42.73 2.16726
42.74 2.1688
42.75 2.17043
42.76 2.17062
42.77 2.1673
42.78 2.15947
42.79 2.1545
42.8 2.16235
42.81 2.17814
42.82 2.19177
42.83 2.19998
42.84 2.20261
42.85 2.19934
42.86 2.19024
42.87 2.17807
42.88 2.169
42.89 2.16825
42.9 2.17434
42.91 2.18075
42.92 2.18244
42.93 2.17818
42.94 2.1692
42.95 2.15808
42.96 2.1481
42.97 2.14218
42.98 2.14218
42.99 2.14731
43 2.15393
43.01 2.15991
43.02 2.16619
43.03 2.17202
43.04 2.17303
43.05 2.16518
43.06 2.15049
43.07 2.13953
43.08 2.14004
43.09 2.14798
43.1 2.15853
43.11 2.16969
43.12 2.17962
43.13 2.18842
43.14 2.19717
43.15 2.20517
43.16 2.21087
43.17 2.21372
43.18 2.21404
43.19 2.21226
43.2 2.20814
43.21 2.20004
43.22 2.18471
43.23 2.1609
43.24 2.1383
43.25 2.13254
43.26 2.14229
43.27 2.15772
43.28 2.1763
43.29 2.1975
43.3 2.2188
43.31 2.23665
43.32 2.24701
43.33 2.24384
43.34 2.21723
43.35 2.16019
43.36 2.10552
43.37 2.12013
43.38 2.17894
43.39 2.22362
43.4 2.24602
43.41 2.25056
43.42 2.23842
43.43 2.21478
43.44 2.19946
43.45 2.20197
43.46 2.20496
43.47 2.19848
43.48 2.1854
43.49 2.17199
43.5 2.16665
43.51 2.17453
43.52 2.19167
43.53 2.20986
43.54 2.22435
43.55 2.23438
43.56 2.23988
43.57 2.2396
43.58 2.23128
43.59 2.21308
43.6 2.18517
43.61 2.15361
43.62 2.1376
43.63 2.1412
43.64 2.13734
43.65 2.10762
43.66 2.07313
43.67 2.09496
43.68 2.14125
43.69 2.16719
43.7 2.17664
43.71 2.17752
43.72 2.17511
43.73 2.17286
43.74 2.1721
43.75 2.17227
43.76 2.17192
43.77 2.16943
43.78 2.16207
43.79 2.14346
43.8 2.10537
43.81 2.06081
43.82 2.04701
43.83 2.07265
43.84 2.10745
43.85 2.11469
43.86 2.10559
43.87 2.1117
43.88 2.12673
43.89 2.13383
43.9 2.13357
43.91 2.13076
43.92 2.12837
43.93 2.1277
43.94 2.12866
43.95 2.13004
43.96 2.13051
43.97 2.12961
43.98 2.12749
43.99 2.12435
44 2.1208
44.01 2.11831
44.02 2.11883
44.03 2.12286
44.04 2.12846
44.05 2.13309
44.06 2.13556
44.07 2.13578
44.08 2.13361
44.09 2.12801
44.1 2.1171
44.11 2.10014
44.12 2.08183
44.13 2.06973
44.14 2.06357
44.15 2.06025
44.16 2.06332
44.17 2.07515
44.18 2.09137
44.19 2.10616
44.2 2.11636
44.21 2.12137
44.22 2.12207
44.23 2.12009
44.24 2.11714
44.25 2.11445
44.26 2.11234
44.27 2.11035
44.28 2.10743
44.29 2.10287
44.3 2.09776
44.31 2.09504
44.32 2.09722
44.33 2.10473
44.34 2.11576
44.35 2.12646
44.36 2.13294
44.37 2.1331
44.38 2.12649
44.39 2.11405
44.4 2.09846
44.41 2.08224
44.42 2.06611
44.43 2.05668
44.44 2.06603
44.45 2.08851
44.46 2.10701
44.47 2.11537
44.48 2.11571
44.49 2.11189
44.5 2.10894
44.51 2.11159
44.52 2.12086
44.53 2.1333
44.54 2.14381
44.55 2.14754
44.56 2.14055
44.57 2.1229
44.58 2.10398
44.59 2.0955
44.6 2.09193
44.61 2.07449
44.62 2.04101
44.63 2.02127
44.64 2.032
44.65 2.05968
44.66 2.08947
44.67 2.11303
44.68 2.12877
44.69 2.13771
44.7 2.13977
44.71 2.13331
44.72 2.11838
44.73 2.10452
44.74 2.10611
44.75 2.11889
44.76 2.12798
44.77 2.12859
44.78 2.12296
44.79 2.11497
44.8 2.10917
44.81 2.10953
44.82 2.11722
44.83 2.12977
44.84 2.14251
44.85 2.15113
44.86 2.15308
44.87 2.14837
44.88 2.14012
44.89 2.13232
44.9 2.12569
44.91 2.11914
44.92 2.1138
44.93 2.11203
44.94 2.11373
44.95 2.11598
44.96 2.11606
44.97 2.11438
44.98 2.11397
44.99 2.11639
45 2.11991
45.01 2.12267
45.02 2.12481
45.03 2.12751
45.04 2.13156
45.05 2.1365
45.06 2.14071
45.07 2.14187
45.08 2.13745
45.09 2.12626
45.1 2.11292
45.11 2.10746
45.12 2.11138
45.13 2.11646
45.14 2.11885
45.15 2.11963
45.16 2.11912
45.17 2.11646
45.18 2.11365
45.19 2.11585
45.2 2.12323
45.21 2.12884
45.22 2.12651
45.23 2.11484
45.24 2.10063
45.25 2.0975
45.26 2.10562
45.27 2.11376
45.28 2.11815
45.29 2.11824
45.3 2.11191
45.31 2.0989
45.32 2.083
45.33 2.06783
45.34 2.05353
45.35 2.04396
45.36 2.04827
45.37 2.0685
45.38 2.09264
45.39 2.10748
45.4 2.11009
45.41 2.10564
45.42 2.10201
45.43 2.10243
45.44 2.10371
45.45 2.10342
45.46 2.10281
45.47 2.10334
45.48 2.10482
45.49 2.10666
45.5 2.10877
45.51 2.11122
45.52 2.11357
45.53 2.11485
45.54 2.11374
45.55 2.10878
45.56 2.09895
45.57 2.08553
45.58 2.07498
45.59 2.07599
45.6 2.08816
45.61 2.10246
45.62 2.11259
45.63 2.11777
45.64 2.12011
45.65 2.12164
45.66 2.12231
45.67 2.12046
45.68 2.11398
45.69 2.1006
45.7 2.07954
45.71 2.05936
45.72 2.05905
45.73 2.07951
45.74 2.10071
45.75 2.11246
45.76 2.11602
45.77 2.11529
45.78 2.11432
45.79 2.1158
45.8 2.11923
45.81 2.12172
45.82 2.12111
45.83 2.11859
45.84 2.11833
45.85 2.12327
45.86 2.13127
45.87 2.13708
45.88 2.13606
45.89 2.12458
45.9 2.09918
45.91 2.06602
45.92 2.05765
45.93 2.08261
45.94 2.09724
45.95 2.08038
45.96 2.04736
45.97 2.0308
45.98 2.04631
45.99 2.0759
46 2.10059
46.01 2.11672
46.02 2.12625
46.03 2.13034
46.04 2.13082
46.05 2.13191
46.06 2.13569
46.07 2.13886
46.08 2.14002
46.09 2.14411
46.1 2.15211
46.11 2.1555
46.12 2.1464
46.13 2.12544
46.14 2.10247
46.15 2.08803
46.16 2.08372
46.17 2.08688
46.18 2.09649
46.19 2.11006
46.2 2.1218
46.21 2.12728
46.22 2.12502
46.23 2.11551
46.24 2.10496
46.25 2.10493
46.26 2.11708
46.27 2.13104
46.28 2.14018
46.29 2.14577
46.3 2.15034
46.31 2.15338
46.32 2.15353
46.33 2.15167
46.34 2.1499
46.35 2.14887
46.36 2.14767
46.37 2.14617
46.38 2.14567
46.39 2.14677
46.4 2.14807
46.41 2.14772
46.42 2.14572
46.43 2.14385
46.44 2.14345
46.45 2.14402
46.46 2.14431
46.47 2.14367
46.48 2.14206
46.49 2.13958
46.5 2.13679
46.51 2.1351
46.52 2.13644
46.53 2.14174
46.54 2.14995
46.55 2.15847
46.56 2.16392
46.57 2.16169
46.58 2.14544
46.59 2.11639
46.6 2.10152
46.61 2.11676
46.62 2.13541
46.63 2.13585
46.64 2.11532
46.65 2.0931
46.66 2.09451
46.67 2.10592
46.68 2.11167
46.69 2.11963
46.7 2.13521
46.71 2.15268
46.72 2.16422
46.73 2.16674
46.74 2.16108
46.75 2.14649
46.76 2.11934
46.77 2.08923
46.78 2.08232
46.79 2.10069
46.8 2.12641
46.81 2.14899
46.82 2.16291
46.83 2.16647
46.84 2.162
46.85 2.15321
46.86 2.14189
46.87 2.1275
46.88 2.11279
46.89 2.10866
46.9 2.12224
46.91 2.14398
46.92 2.16085
46.93 2.16916
46.94 2.17084
46.95 2.16829
46.96 2.16292
46.97 2.15544
46.98 2.14647
46.99 2.13704
47 2.12901
47.01 2.12573
47.02 2.1306
47.03 2.14214
47.04 2.15455
47.05 2.16397
47.06 2.16998
47.07 2.17339
47.08 2.17482
47.09 2.17447
47.1 2.17243
47.11 2.16907
47.12 2.16535
47.13 2.16265
47.14 2.16196
47.15 2.16323
47.16 2.16542
47.17 2.167
47.18 2.16658
47.19 2.16373
47.2 2.16018
47.21 2.15965
47.22 2.1648
47.23 2.1742
47.24 2.18385
47.25 2.19029
47.26 2.19198
47.27 2.1893
47.28 2.18363
47.29 2.176
47.3 2.16774
47.31 2.16237
47.32 2.164
47.33 2.17238
47.34 2.18089
47.35 2.1806
47.36 2.16728
47.37 2.14687
47.38 2.13151
47.39 2.13131
47.4 2.1487
47.41 2.16616
47.42 2.16725
47.43 2.15304
47.44 2.13764
47.45 2.13266
47.46 2.12877
47.47 2.11832
47.48 2.11104
47.49 2.11004
47.5 2.11473
47.51 2.12764
47.52 2.14417
47.53 2.15774
47.54 2.16598
47.55 2.16848
47.56 2.16603
47.57 2.16115
47.58 2.15735
47.59 2.1572
47.6 2.16023
47.61 2.16319
47.62 2.16246
47.63 2.15634
47.64 2.14715
47.65 2.14155
47.66 2.14311
47.67 2.14606
47.68 2.14314
47.69 2.13516
47.7 2.12941
47.71 2.12924
47.72 2.12951
47.73 2.1261
47.74 2.12323
47.75 2.12584
47.76 2.13379
47.77 2.14427
47.78 2.15283
47.79 2.15611
47.8 2.1547
47.81 2.15255
47.82 2.15201
47.83 2.14862
47.84 2.13744
47.85 2.12213
47.86 2.11105
47.87 2.11029
47.88 2.12188
47.89 2.14134
47.9 2.1601
47.91 2.17102
47.92 2.17076
47.93 2.15866
47.94 2.13559
47.95 2.11056
47.96 2.09941
47.97 2.10129
47.98 2.10616
47.99 2.11508
48 2.12838
48.01 2.13937
48.02 2.14554
48.03 2.14944
48.04 2.15038
48.05 2.14649
48.06 2.14301
48.07 2.14683
48.08 2.1535
48.09 2.1549
48.1 2.15464
48.11 2.16142
48.12 2.17134
48.13 2.17384
48.14 2.16702
48.15 2.15845
48.16 2.15695
48.17 2.16045
48.18 2.15699
48.19 2.13931
48.2 2.11626
48.21 2.10996
48.22 2.12668
48.23 2.15134
48.24 2.17293
48.25 2.18784
48.26 2.19452
48.27 2.19282
48.28 2.18416
48.29 2.17133
48.3 2.15862
48.31 2.15075
48.32 2.14624
48.33 2.13153
48.34 2.1019
48.35 2.09395
48.36 2.11936
48.37 2.1427
48.38 2.15194
48.39 2.15046
48.4 2.14055
48.41 2.12283
48.42 2.10141
48.43 2.08518
48.44 2.08312
48.45 2.09914
48.46 2.12764
48.47 2.1572
48.48 2.17997
48.49 2.19395
48.5 2.1997
48.51 2.19753
48.52 2.18654
48.53 2.16523
48.54 2.1353
48.55 2.11132
48.56 2.11522
48.57 2.13857
48.58 2.15757
48.59 2.16517
48.6 2.16278
48.61 2.15479
48.62 2.14911
48.63 2.15156
48.64 2.15969
48.65 2.16845
48.66 2.17669
48.67 2.18558
48.68 2.19479
48.69 2.20137
48.7 2.20218
48.71 2.19614
48.72 2.18509
48.73 2.17351
48.74 2.16217
48.75 2.14308
48.76 2.12047
48.77 2.11435
48.78 2.11504
48.79 2.12651
48.8 2.14797
48.81 2.15431
48.82 2.14469
48.83 2.13342
48.84 2.13466
48.85 2.15105
48.86 2.16961
48.87 2.17227
48.88 2.14831
48.89 2.12474
48.9 2.14424
48.91 2.17252
48.92 2.18174
48.93 2.17879
48.94 2.16957
48.95 2.15504
48.96 2.13552
48.97 2.11372
48.98 2.0948
48.99 2.08367
49 2.0824
49.01 2.08935
49.02 2.09345
49.03 2.07849
49.04 2.05308
49.05 2.05729
49.06 2.08768
49.07 2.11272
49.08 2.12366
49.09 2.1231
49.1 2.11622
49.11 2.10861
49.12 2.10642
49.13 2.11329
49.14 2.12583
49.15 2.13714
49.16 2.14325
49.17 2.14402
49.18 2.14081
49.19 2.13504
49.2 2.128
49.21 2.12076
49.22 2.1138
49.23 2.10652
49.24 2.09868
49.25 2.09312
49.26 2.09442
49.27 2.10111
49.28 2.10423
49.29 2.09768
49.3 2.08619
49.31 2.08091
49.32 2.08556
49.33 2.09302
49.34 2.09722
49.35 2.09978
49.36 2.1044
49.37 2.11005
49.38 2.11331
49.39 2.11391
49.4 2.11564
49.41 2.12207
49.42 2.13173
49.43 2.13878
49.44 2.13636
49.45 2.12116
49.46 2.10365
49.47 2.10285
49.48 2.1145
49.49 2.12351
49.5 2.12882
49.51 2.13463
49.52 2.14129
49.53 2.14547
49.54 2.1448
49.55 2.1406
49.56 2.13566
49.57 2.13107
49.58 2.12749
49.59 2.12621
49.6 2.12675
49.61 2.12663
49.62 2.12407
49.63 2.11884
49.64 2.11144
49.65 2.10378
49.66 2.10019
49.67 2.10299
49.68 2.10853
49.69 2.11218
49.7 2.11241
49.71 2.10812
49.72 2.09448
49.73 2.06621
49.74 2.04668
49.75 2.07188
49.76 2.11303
49.77 2.13747
49.78 2.14577
49.79 2.14198
49.8 2.12187
49.81 2.08664
49.82 2.06383
49.83 2.05935
49.84 2.05488
49.85 2.06114
49.86 2.08129
49.87 2.10241
49.88 2.11615
49.89 2.12131
49.9 2.12075
49.91 2.11821
49.92 2.11519
49.93 2.10987
49.94 2.09954
49.95 2.08407
49.96 2.06926
49.97 2.06617
49.98 2.07887
49.99 2.09768
50 2.11184
50.01 2.11869
50.02 2.12052
50.03 2.11958
50.04 2.11764
50.05 2.11733
50.06 2.12053
50.07 2.12598
50.08 2.13031
50.09 2.13051
50.1 2.12506
50.11 2.11599
50.12 2.10892
50.13 2.10586
50.14 2.10281
50.15 2.10037
50.16 2.10636
50.17 2.12223
50.18 2.13729
50.19 2.14227
50.2 2.13702
50.21 2.1271
50.22 2.12076
50.23 2.12459
50.24 2.13668
50.25 2.14672
50.26 2.1454
50.27 2.13358
50.28 2.12442
50.29 2.12658
50.3 2.13308
50.31 2.13797
50.32 2.14128
50.33 2.14274
50.34 2.14152
50.35 2.13795
50.36 2.1333
50.37 2.12941
50.38 2.12908
50.39 2.13388
50.4 2.14162
50.41 2.14852
50.42 2.1523
50.43 2.15165
50.44 2.14497
50.45 2.13295
50.46 2.12332
50.47 2.12229
50.48 2.12358
50.49 2.12529
50.5 2.13197
50.51 2.13575
50.52 2.12516
50.53 2.09905
50.54 2.08
50.55 2.09573
50.56 2.12558
50.57 2.14522
50.58 2.15429
50.59 2.15564
50.6 2.15097
50.61 2.1453
50.62 2.14484
50.63 2.14737
50.64 2.14583
50.65 2.13886
50.66 2.12961
50.67 2.11933
50.68 2.10556
50.69 2.08996
50.7 2.08986
50.71 2.11473
50.72 2.14237
50.73 2.15595
50.74 2.15666
50.75 2.15007
50.76 2.14157
50.77 2.13755
50.78 2.14337
50.79 2.15611
50.8 2.16535
50.81 2.16318
50.82 2.15077
50.83 2.13822
50.84 2.13492
50.85 2.14269
50.86 2.1567
50.87 2.16772
50.88 2.16981
50.89 2.16434
50.9 2.15744
50.91 2.1541
50.92 2.15619
50.93 2.16394
50.94 2.17424
50.95 2.18246
50.96 2.18657
50.97 2.18709
50.98 2.18498
50.99 2.18007
51 2.17183
51.01 2.16269
51.02 2.15828
51.03 2.16042
51.04 2.16474
51.05 2.16645
51.06 2.16425
51.07 2.16042
51.08 2.15742
51.09 2.15382
51.1 2.14544
51.11 2.13243
51.12 2.12317
51.13 2.1234
51.14 2.12829
51.15 2.13462
51.16 2.14479
51.17 2.15819
51.18 2.17017
51.19 2.17712
51.2 2.1782
51.21 2.17395
51.22 2.16557
51.23 2.15584
51.24 2.14952
51.25 2.14919
51.26 2.15156
51.27 2.15112
51.28 2.14463
51.29 2.13235
51.3 2.1197
51.31 2.11587
51.32 2.12435
51.33 2.13863
51.34 2.1504
51.35 2.15481
51.36 2.14974
51.37 2.13542
51.38 2.11562
51.39 2.09888
51.4 2.09295
51.41 2.09545
51.42 2.10688
51.43 2.12975
51.44 2.15042
51.45 2.16056
51.46 2.1641
51.47 2.16554
51.48 2.16656
51.49 2.1674
51.5 2.16787
51.51 2.16711
51.52 2.16276
51.53 2.14938
51.54 2.11877
51.55 2.08139
51.56 2.08629
51.57 2.12134
51.58 2.13906
51.59 2.13982
51.6 2.13575
51.61 2.1348
51.62 2.1409
51.63 2.15163
51.64 2.16192
51.65 2.17034
51.66 2.17804
51.67 2.18568
51.68 2.19292
51.69 2.19912
51.7 2.20318
51.71 2.20288
51.72 2.19536
51.73 2.17947
51.74 2.15968
51.75 2.14638
51.76 2.14641
51.77 2.15509
51.78 2.16408
51.79 2.17078
51.8 2.17626
51.81 2.17916
51.82 2.17489
51.83 2.15913
51.84 2.1329
51.85 2.10743
51.86 2.09542
51.87 2.09754
51.88 2.1109
51.89 2.13246
51.9 2.15322
51.91 2.16621
51.92 2.17154
51.93 2.17235
51.94 2.17107
51.95 2.16843
51.96 2.16441
51.97 2.15931
51.98 2.15394
51.99 2.14889
52 2.14411
52.01 2.13923
52.02 2.1341
52.03 2.13038
52.04 2.13003
52.05 2.13141
52.06 2.13256
52.07 2.13546
52.08 2.14214
52.09 2.15062
52.1 2.15724
52.11 2.16033
52.12 2.16024
52.13 2.15837
52.14 2.15589
52.15 2.152
52.16 2.14452
52.17 2.13417
52.18 2.12591
52.19 2.12222
52.2 2.11784
52.21 2.10422
52.22 2.08016
52.23 2.06719
52.24 2.08465
52.25 2.11
52.26 2.12284
52.27 2.12944
52.28 2.13843
52.29 2.1471
52.3 2.14994
52.31 2.14722
52.32 2.14374
52.33 2.14335
52.34 2.14499
52.35 2.14485
52.36 2.14214
52.37 2.13909
52.38 2.13614
52.39 2.13279
52.4 2.131
52.41 2.13313
52.42 2.13913
52.43 2.1455
52.44 2.14625
52.45 2.1383
52.46 2.12732
52.47 2.12024
52.48 2.11465
52.49 2.1208
52.5 2.15018
52.51 2.17936
52.52 2.19348
52.53 2.19584
52.54 2.19008
52.55 2.17943
52.56 2.17037
52.57 2.16696
52.58 2.16348
52.59 2.15519
52.6 2.14943
52.61 2.15143
52.62 2.15372
52.63 2.14938
52.64 2.13843
52.65 2.12697
52.66 2.11973
52.67 2.11451
52.68 2.11661
52.69 2.13127
52.7 2.15183
52.71 2.17081
52.72 2.18514
52.73 2.1954
52.74 2.20332
52.75 2.20889
52.76 2.2099
52.77 2.20327
52.78 2.18702
52.79 2.1649
52.8 2.14671
52.81 2.13265
52.82 2.11533
52.83 2.10378
52.84 2.11054
52.85 2.12874
52.86 2.14386
52.87 2.14642
52.88 2.13364
52.89 2.11627
52.9 2.12387
52.91 2.15373
52.92 2.17
52.93 2.16153
52.94 2.14084
52.95 2.12876
52.96 2.1344
52.97 2.14946
52.98 2.16171
52.99 2.16605
53 2.16423
53.01 2.15916
53.02 2.15243
53.03 2.14545
53.04 2.14042
53.05 2.13811
53.06 2.13552
53.07 2.12867
53.08 2.11849
53.09 2.11224
53.1 2.11391
53.11 2.11852
53.12 2.12162
53.13 2.1239
53.14 2.12591
53.15 2.12565
53.16 2.12373
53.17 2.12492
53.18 2.13235
53.19 2.14329
53.2 2.15146
53.21 2.15182
53.22 2.14284
53.23 2.12765
53.24 2.11407
53.25 2.10911
53.26 2.11274
53.27 2.12075
53.28 2.12971
53.29 2.13744
53.3 2.1425
53.31 2.14426
53.32 2.14144
53.33 2.13036
53.34 2.10737
53.35 2.0787
53.36 2.06407
53.37 2.07213
53.38 2.09244
53.39 2.11275
53.4 2.12557
53.41 2.12924
53.42 2.12537
53.43 2.11754
53.44 2.11231
53.45 2.11469
53.46 2.12147
53.47 2.12668
53.48 2.12872
53.49 2.12882
53.5 2.12837
53.51 2.12859
53.52 2.13059
53.53 2.13464
53.54 2.13968
53.55 2.14394
53.56 2.14601
53.57 2.14481
53.58 2.13951
53.59 2.13046
53.6 2.12004
53.61 2.1119
53.62 2.10761
53.63 2.10411
53.64 2.09807
53.65 2.09022
53.66 2.08417
53.67 2.08477
53.68 2.09528
53.69 2.11051
53.7 2.12224
53.71 2.12883
53.72 2.13419
53.73 2.14151
53.74 2.14984
53.75 2.15521
53.76 2.15449
53.77 2.14854
53.78 2.14113
53.79 2.13465
53.8 2.12892
53.81 2.12432
53.82 2.12459
53.83 2.13039
53.84 2.13809
53.85 2.14669
53.86 2.1566
53.87 2.16638
53.88 2.17379
53.89 2.17712
53.9 2.17397
53.91 2.15966
53.92 2.13199
53.93 2.10722
53.94 2.10855
53.95 2.1295
53.96 2.15244
53.97 2.16663
53.98 2.16583
53.99 2.14634
54 2.11182
54.01 2.08772
54.02 2.09731
54.03 2.12445
54.04 2.14535
54.05 2.1536
54.06 2.15284
54.07 2.14799
54.08 2.14301
54.09 2.14105
54.1 2.14282
54.11 2.14551
54.12 2.14489
54.13 2.1381
54.14 2.12477
54.15 2.10736
54.16 2.09652
54.17 2.10769
54.18 2.12846
54.19 2.13054
54.2 2.10539
54.21 2.0715
54.22 2.06852
54.23 2.09805
54.24 2.12528
54.25 2.13653
54.26 2.13481
54.27 2.12716
54.28 2.12234
54.29 2.12714
54.3 2.1407
54.31 2.15562
54.32 2.16544
54.33 2.16734
54.34 2.15994
54.35 2.14218
54.36 2.11692
54.37 2.09692
54.38 2.09646
54.39 2.1092
54.4 2.11691
54.41 2.1117
54.42 2.09648
54.43 2.08014
54.44 2.07333
54.45 2.07921
54.46 2.08943
54.47 2.09508
54.48 2.09459
54.49 2.0917
54.5 2.09052
54.51 2.09195
54.52 2.09399
54.53 2.09447
54.54 2.0931
54.55 2.0908
54.56 2.08818
54.57 2.08521
54.58 2.08245
54.59 2.08125
54.6 2.08152
54.61 2.08114
54.62 2.079
54.63 2.07596
54.64 2.07127
54.65 2.06138
54.66 2.04373
54.67 2.02183
54.68 2.01213
54.69 2.02788
54.7 2.05738
54.71 2.08132
54.72 2.09095
54.73 2.08769
54.74 2.07841
54.75 2.07232
54.76 2.07461
54.77 2.08285
54.78 2.09164
54.79 2.09712
54.8 2.09715
54.81 2.09061
54.82 2.077
54.83 2.05765
54.84 2.04053
54.85 2.03355
54.86 2.0329
54.87 2.03571
54.88 2.04097
54.89 2.04408
54.9 2.03816
54.91 2.02115
54.92 2.00962
54.93 2.02276
54.94 2.0532
54.95 2.08176
54.96 2.09922
54.97 2.10662
54.98 2.10794
54.99 2.1063
55 2.10349
55.01 2.10056
55.02 2.09819
55.03 2.09688
55.04 2.0969
55.05 2.09822
55.06 2.10055
55.07 2.10349
55.08 2.10665
55.09 2.10974
55.1 2.11245
55.11 2.11441
55.12 2.11493
55.13 2.11289
55.14 2.10721
55.15 2.09848
55.16 2.09109
55.17 2.09138
55.18 2.10089
55.19 2.11384
55.2 2.12237
55.21 2.12099
55.22 2.10702
55.23 2.08456
55.24 2.06759
55.25 2.06214
55.26 2.06578
55.27 2.0812
55.28 2.10235
55.29 2.11934
55.3 2.12862
55.31 2.13111
55.32 2.13048
55.33 2.1307
55.34 2.1318
55.35 2.12837
55.36 2.11319
55.37 2.0884
55.38 2.07531
55.39 2.08773
55.4 2.11471
55.41 2.13874
55.42 2.1521
55.43 2.1567
55.44 2.15579
55.45 2.15135
55.46 2.14487
55.47 2.13881
55.48 2.13662
55.49 2.13978
55.5 2.14482
55.51 2.14445
55.52 2.1313
55.53 2.10401
55.54 2.07505
55.55 2.06275
55.56 2.07153
55.57 2.09271
55.58 2.11545
55.59 2.13305
55.6 2.14274
55.61 2.14357
55.62 2.13513
55.63 2.11715
55.64 2.09249
55.65 2.07122
55.66 2.06451
55.67 2.07265
55.68 2.08706
55.69 2.10108
55.7 2.11286
55.71 2.12184
55.72 2.12675
55.73 2.12624
55.74 2.11888
55.75 2.1041
55.76 2.08921
55.77 2.09122
55.78 2.11174
55.79 2.1337
55.8 2.14815
55.81 2.15625
55.82 2.16095
55.83 2.16426
55.84 2.16697
55.85 2.16877
55.86 2.16832
55.87 2.16373
55.88 2.15424
55.89 2.14309
55.9 2.13618
55.91 2.13239
55.92 2.12423
55.93 2.11199
55.94 2.10418
55.95 2.10414
55.96 2.10671
55.97 2.10947
55.98 2.11738
55.99 2.13404
56 2.15488
56.01 2.17014
56.02 2.17147
56.03 2.16015
56.04 2.15437
56.05 2.16546
56.06 2.17938
56.07 2.18561
56.08 2.18425
56.09 2.17597
56.1 2.16131
56.11 2.14424
56.12 2.13172
56.13 2.12824
56.14 2.13234
56.15 2.13843
56.16 2.14161
56.17 2.1422
56.18 2.14452
56.19 2.15008
56.2 2.15508
56.21 2.15543
56.22 2.14994
56.23 2.13981
56.24 2.12743
56.25 2.11639
56.26 2.11237
56.27 2.11538
56.28 2.11502
56.29 2.10523
56.3 2.09368
56.31 2.09383
56.32 2.10598
56.33 2.11754
56.34 2.12057
56.35 2.11673
56.36 2.11245
56.37 2.11301
56.38 2.11845
56.39 2.12502
56.4 2.12973
56.41 2.13163
56.42 2.13
56.43 2.12377
56.44 2.11337
56.45 2.1023
56.46 2.09495
56.47 2.09197
56.48 2.09055
56.49 2.0894
56.5 2.09057
56.51 2.09577
56.52 2.10334
56.53 2.10942
56.54 2.1109
56.55 2.10726
56.56 2.101
56.57 2.09593
56.58 2.09434
56.59 2.09633
56.6 2.10073
56.61 2.10582
56.62 2.11003
56.63 2.11206
56.64 2.1107
56.65 2.10633
56.66 2.10406
56.67 2.11048
56.68 2.12358
56.69 2.13562
56.7 2.14282
56.71 2.14549
56.72 2.14497
56.73 2.14278
56.74 2.14039
56.75 2.13871
56.76 2.13769
56.77 2.13698
56.78 2.13674
56.79 2.13747
56.8 2.1395
56.81 2.14298
56.82 2.1482
56.83 2.15529
56.84 2.16314
56.85 2.16915
56.86 2.16971
56.87 2.1619
56.88 2.14717
56.89 2.13393
56.9 2.13047
56.91 2.13563
56.92 2.14154
56.93 2.13983
56.94 2.12548
56.95 2.10862
56.96 2.11724
56.97 2.15155
56.98 2.18155
56.99 2.19366
57 2.19213
57.01 2.18419
57.02 2.17509
57.03 2.16689
57.04 2.15844
57.05 2.14761
57.06 2.13391
57.07 2.12084
57.08 2.11532
57.09 2.12105
57.1 2.13271
57.11 2.14053
57.12 2.14188
57.13 2.14212
57.14 2.14413
57.15 2.14656
57.16 2.14896
57.17 2.15431
57.18 2.16332
57.19 2.16783
57.2 2.16299
57.21 2.15519
57.22 2.149
57.23 2.14311
57.24 2.1408
57.25 2.14396
57.26 2.14703
57.27 2.14611
57.28 2.14406
57.29 2.14494
57.3 2.1478
57.31 2.14898
57.32 2.14713
57.33 2.14361
57.34 2.14043
57.35 2.13809
57.36 2.13436
57.37 2.12755
57.38 2.1247
57.39 2.13441
57.4 2.15022
57.41 2.16269
57.42 2.16865
57.43 2.16668
57.44 2.15912
57.45 2.15074
57.46 2.14149
57.47 2.13374
57.48 2.13799
57.49 2.15238
57.5 2.16466
57.51 2.16998
57.52 2.16894
57.53 2.16373
57.54 2.15754
57.55 2.15292
57.56 2.15058
57.57 2.15037
57.58 2.15222
57.59 2.15567
57.6 2.15947
57.61 2.16187
57.62 2.16117
57.63 2.15577
57.64 2.14544
57.65 2.13433
57.66 2.12849
57.67 2.12774
57.68 2.12699
57.69 2.12307
57.7 2.11813
57.71 2.11523
57.72 2.11497
57.73 2.11888
57.74 2.12682
57.75 2.13536
57.76 2.14229
57.77 2.14835
57.78 2.15466
57.79 2.1601
57.8 2.16182
57.81 2.15789
57.82 2.14895
57.83 2.13753
57.84 2.1269
57.85 2.12235
57.86 2.12811
57.87 2.13962
57.88 2.14858
57.89 2.15049
57.9 2.14485
57.91 2.13678
57.92 2.13616
57.93 2.14863
57.94 2.16803
57.95 2.18422
57.96 2.19261
57.97 2.19359
57.98 2.1883
57.99 2.17657
58 2.15702
58.01 2.12926
58.02 2.0994
58.03 2.08108
58.04 2.08103
58.05 2.09369
58.06 2.11183
58.07 2.12856
58.08 2.13803
58.09 2.13891
58.1 2.13368
58.11 2.12308
58.12 2.10563
58.13 2.09049
58.14 2.08825
58.15 2.09431
58.16 2.10789
58.17 2.12766
58.18 2.14158
58.19 2.1363
58.2 2.10592
58.21 2.07556
58.22 2.08575
58.23 2.11944
58.24 2.14561
58.25 2.1584
58.26 2.16153
58.27 2.15855
58.28 2.15155
58.29 2.14214
58.3 2.13253
58.31 2.12614
58.32 2.12472
58.33 2.12484
58.34 2.12248
58.35 2.11906
58.36 2.11652
58.37 2.11156
58.38 2.10221
58.39 2.09365
58.4 2.09292
58.41 2.10165
58.42 2.11551
58.43 2.12725
58.44 2.13291
58.45 2.1345
58.46 2.13342
58.47 2.12572
58.48 2.1061
58.49 2.07429
58.5 2.04196
58.51 2.03291
58.52 2.05683
58.53 2.08997
58.54 2.11004
58.55 2.11556
58.56 2.11406
58.57 2.11249
58.58 2.11261
58.59 2.11252
58.6 2.11138
58.61 2.10994
58.62 2.10689
58.63 2.09853
58.64 2.08405
58.65 2.06942
58.66 2.06545
58.67 2.07768
58.68 2.0941
58.69 2.10162
58.7 2.10059
58.71 2.09665
58.72 2.09397
58.73 2.09426
58.74 2.09686
58.75 2.09885
58.76 2.09636
58.77 2.08647
58.78 2.06956
58.79 2.05717
58.8 2.06721
58.81 2.09047
58.82 2.1067
58.83 2.11387
58.84 2.1175
58.85 2.1212
58.86 2.12588
58.87 2.13084
58.88 2.13492
58.89 2.13695
58.9 2.13568
58.91 2.12958
58.92 2.1169
58.93 2.09661
58.94 2.07011
58.95 2.04298
58.96 2.02757
58.97 2.03755
58.98 2.06614
58.99 2.09205
59 2.10665
59.01 2.11665
59.02 2.12857
59.03 2.1383
59.04 2.14181
59.05 2.14307
59.06 2.14655
59.07 2.15152
59.08 2.15533
59.09 2.15671
59.1 2.15602
59.11 2.15483
59.12 2.15401
59.13 2.1513
59.14 2.1421
59.15 2.12215
59.16 2.09296
59.17 2.07158
59.18 2.077
59.19 2.10345
59.2 2.13252
59.21 2.15348
59.22 2.16442
59.23 2.1672
59.24 2.16509
59.25 2.16163
59.26 2.1588
59.27 2.15624
59.28 2.15261
59.29 2.14723
59.3 2.14083
59.31 2.13742
59.32 2.14156
59.33 2.15007
59.34 2.15487
59.35 2.1528
59.36 2.14843
59.37 2.14964
59.38 2.1575
59.39 2.16511
59.4 2.1675
59.41 2.16529
59.42 2.16192
59.43 2.16021
59.44 2.16044
59.45 2.16128
59.46 2.16168
59.47 2.16134
59.48 2.16026
59.49 2.1585
59.5 2.15629
59.51 2.15442
59.52 2.15391
59.53 2.15428
59.54 2.15276
59.55 2.1466
59.56 2.13579
59.57 2.12179
59.58 2.10513
59.59 2.09085
59.6 2.08908
59.61 2.09936
59.62 2.11188
59.63 2.11671
59.64 2.10677
59.65 2.09395
59.66 2.09692
59.67 2.10267
59.68 2.10125
59.69 2.10353
59.7 2.11261
59.71 2.12273
59.72 2.13099
59.73 2.13633
59.74 2.13836
59.75 2.1371
59.76 2.13083
59.77 2.11535
59.78 2.09585
59.79 2.09845
59.8 2.1236
59.81 2.14276
59.82 2.14782
59.83 2.14306
59.84 2.13373
59.85 2.1255
59.86 2.12126
59.87 2.12085
59.88 2.12317
59.89 2.12477
59.9 2.12357
59.91 2.12223
59.92 2.12416
59.93 2.12912
59.94 2.13459
59.95 2.13941
59.96 2.1435
59.97 2.1454
59.98 2.14255
59.99 2.13443
60 2.12352
60.01 2.11348
60.02 2.10747
60.03 2.10723
60.04 2.11103
60.05 2.11525
60.06 2.11969
60.07 2.12647
60.08 2.13513
60.09 2.14264
60.1 2.14642
60.11 2.14604
60.12 2.14382
60.13 2.14389
60.14 2.14819
60.15 2.15431
60.16 2.15883
60.17 2.16023
60.18 2.15857
60.19 2.15468
60.2 2.14951
60.21 2.14257
60.22 2.12962
60.23 2.10444
60.24 2.07059
60.25 2.0501
60.26 2.06208
60.27 2.09857
60.28 2.13487
60.29 2.15713
60.3 2.16626
60.31 2.16746
60.32 2.1652
60.33 2.16223
60.34 2.15951
60.35 2.15638
60.36 2.15124
60.37 2.14283
60.38 2.13212
60.39 2.12351
60.4 2.12114
60.41 2.12347
60.42 2.12706
60.43 2.13179
60.44 2.13749
60.45 2.14202
60.46 2.14398
60.47 2.14349
60.48 2.14173
60.49 2.13942
60.5 2.13559
60.51 2.13005
60.52 2.12428
60.53 2.11725
60.54 2.11072
60.55 2.11278
60.56 2.12581
60.57 2.14242
60.58 2.15497
60.59 2.16156
60.6 2.16391
60.61 2.16441
60.62 2.16472
60.63 2.16493
60.64 2.16382
60.65 2.16069
60.66 2.15637
60.67 2.15254
60.68 2.15046
60.69 2.15082
60.7 2.15381
60.71 2.15861
60.72 2.16332
60.73 2.16614
60.74 2.16642
60.75 2.16448
60.76 2.16105
60.77 2.15687
60.78 2.15201
60.79 2.14594
60.8 2.14037
60.81 2.14013
60.82 2.14683
60.83 2.15539
60.84 2.15937
60.85 2.15435
60.86 2.13665
60.87 2.10726
60.88 2.08917
60.89 2.10374
60.9 2.12309
60.91 2.11798
60.92 2.09715
60.93 2.09661
60.94 2.10492
60.95 2.11102
60.96 2.12929
60.97 2.14781
60.98 2.15951
60.99 2.16709
